SOLUCIONES INICIO 

0	0011100001000011100111100001110010100100100011001001110110011110110100000101010101100100111010000010000000010100000001000111101101000010100010110010111000000010000010001010010010011111001010101100100100011110100110111001010111001010011	980580.6000000003	435.0999999999999
1	1110100000100111101101010000100100101101001110101011110001000110101000000111000011100110100100101010100010111100011011101111001010010100110001011001001111100010010110101101010101101011011000101100001011111010101100011100001011111010001	1152165.0000000002	513.8000000000001
2	0100000111101100101110010001010110000110110010100111011000110101010110110001110101100111101001100001100010100001101101010110110111011000110011011010011011101010001100011101111110111111001011100110100101111100010110101011011001111001011	1254245.0000000002	555.1999999999999
3	1110101110001111010110011001000000011110111010111010010100111111100101110000111101100001100011101111001110011000011010100100001010000001100010011101111011100111100000101010010000101011001000101110011001010110000100111010110100110111100	1130027.5999999999	522.3000000000001
4	0111001110100100101110011101111110000000110100000111011101001010000100010100101000001001111101101101011110010110111110001101011010010110101010011100111010110101101100110110100110110101100000000000111100100011001110110100101100000001101	1036797.2	513.7000000000002
5	1110010000001010001101100000111010011001100101010100001100000101111110001111010100011011010101101110010100000001101110111000010111000011100010011100110101100001100110010111110010000001111100001011000011101110001110001011101110010010100	1065590.4000000001	489.1000000000002
6	1111101101000111000010110001000011011101111000001011110010010110110111101011101010101100110100100000110011100110101011000110010001101101110001110011001110000001101110110010000111010001101110001111100010001001010000011110000001000100100	962290.6	499.7000000000001
7	0111000111011100010101001110001111111011000010111011101111110000011100100110001101000001111010001011000111010110111011011101010101101010010001100000011100100011010110100111000001101010111010011000010111001100101001111110010110101100101	1145808.0000000002	536.9
8	1111101011111010101111000100111111101100000010111001100101000000111101010101000000101001001101001010011011101011100110100110001010000001010110010000011010100010000110111001011000001000101000010101011110011100100111100001110010001101110	1023058.6000000001	489.2
9	1000000001111101011001011100101100001001010101110000000111110101010000000011101110101010010000110011111100110000111101100000010000010000111010001101110101011111000101100101110111000111110001000101101010101001010101110001100000111110011	1092919.2	489.4000000000002
10	0100110100001111010101000101110000101110101111001100110111100001011111010111111000000100001011101001001111011111011010011111011011101100101011111001000100111000000010001001100010010110100010101110111011100101110111000010010010001101111	1113801.2000000004	534.8000000000001
11	0111100010011101111011000110010111111010011011010111011111000101010110110101110101111111000101001100010111011111101001100010011111110111011000111110101110011111100111111110010010111110000110001111000001000110100110101110111010111000110	1279816.4	613.0000000000001
12	1000110000111000011101010111011111111110010010000110101101101100100010110011111000101011011000101111011000010100110101101001010011110010000001100011011000001110011000111010001100000101001100000101110010100010111000011111100011011101111	1113981.5999999999	508.0
13	1000000000011101001000010001111110011000110011110100101110100100101101010001111001001000111001100010000011111101001010110111100011100010010010101010110000010111011110011100010110110111111110001011011011011100001111101010000101010000000	1075331.0000000005	507.5
14	0111011111100011010010011101001100101000000100000001000001001000101101011001001101110001111100111001110001111010001010100011111110100111001001100000010101011010000001001101010011110001011111010000100010100110001101000010110110100001001	984141.8000000003	472.8000000000001
15	0000000111110001101000010000101001011110110111011111010010101010111000001010111110010110100010111110010101010010111110110110111010111000110010100010010100010010111100010001000000111100110100010001000010100001011111000100111000100010011	985358.2000000002	487.20000000000033
16	1011011001011011010101100100111001110011011010010001110110011000000000110101001010111100101000011101011001011011011010001010010001000001111000110101001100010111001000010000010111000101100001000111010000101100100001101010100100100101111	959774.2000000002	464.6000000000002
17	1100010111110100001101100011111001110101001001101010011010001101000001001001010111001100100010000100000111101000001000010110001000100000111000110110111101101101110100001110000101100100101100011010100010101111000011111100000111001101000	1055712.4000000001	477.3000000000001
18	1111011111110111000100110011001100111011000111001111001101110100001101100110001001100011111010001010000110011010100110001100000110100010010101100000010001000011010000011110111010000000101100000101001000100011001110111111011000101001010	1003133.2000000001	488.90000000000015
19	0010000110011111010101100101010110000100011010010100000101010111001111110000011110110000110110010111001100011101001000000110010101000011111001000001100001001110101101111010111110100010100000100110111001110110000110001001111000110101101	1082341.4000000001	488.2000000000002
20	1101001101010011001101101001100000011111111101011000011010001111101010101010011110101100100000000111100011001111000011001111101000110101000010111010010101111011111011011110000010111101001011001000110101000000111001010000000010111110111	1117309.2	521.2
21	1100001001101100110100001000001000000111111001000010001001111010110100101111101100110110011110100000100100011110101001111011011001010110011000010111010010000001010001101100001110101000110010100010000111111010100111010010011111110111010	1181163.6	500.70000000000005
22	0011111101101100101101100011111010010111011100001011000101010000001010100001000101010011011010110001100101111100000110010001010001000110111011110100111011001011001100010001010110111111101001001011011010001001111111101111000011100000110	1093656.8	520.0000000000002
23	1111100100110000100000011101100001101000000011110011100000111001110000101111110010001011101000000010110010100101111010110000000100011010100010111111010011101111111000011110000000000001000000100100011011101011111010111111011010100010011	1045865.8	479.70000000000005
24	0111011001101011000011110010001011101111001000100011000011111010011100010000011000011010101111100101110000111101110101001001001101110111110001000011110101101000100110000010111011001100011000000110000001011001010000111010010001001111101	1038718.6000000001	494.90000000000026
25	1100011000101111001111010010000011100000010000101111101011101100101110011111100010010010000011101010010110011100001110001001100010001101101100001100010001111010101100000101011000001011001110000110010010100110001101011111101100010001111	1041444.2000000002	485.1
26	1101011001001000111100010110001111111011101010000011000011111000111010101001101011011110010001010100101100001111101111011010011001001010010100100110011011100101010010100110000001101101100101110101000111100110010100001101001000010000001	983196.4	507.1000000000002
27	1011100000101111010111100000101011001001111000110110110111011100101000101010011001101101010000010011010111001100011011011111000100101110001111001100010100000011101100110100011010000111011110100100001001100001010111100000000000110110001	999494.8000000003	496.50000000000006
28	0011100001100011111010001001010110110010100010001001100010111100110011000000111101010110001111000001111101001101111101000010110100111010001011110000000000011000111001100100110100011000011011100001011111011110100111010010000001011111011	1104574.9999999998	494.89999999999986
29	1111101001110011001001000001010111010000111101010100001100001101100110111010000011110001100011000001111100101101110110111100001000000111101000010000000100101000111000010011011100010101100001101001101110010010111100011011101100101111011	1121839.5999999999	492.90000000000015
30	1001000001100010100010101110111000001101100010001011101101010011011001100101101011100100100001100100100000010000110001111010011110001100100110000011010101010010010001000000000011110111101000111111100001011001101011001100101010001100000	974134.2000000001	454.40000000000015
31	0011111100101100101001110011000011010001111100101010000011011110001000100110011000010001111010110011010011110010010100011100100100001101001110111000100100111011111011011100100110101011000010101001101111110000101100001010010001010111000	1087146.4000000001	507.7999999999999
32	0001110110100010110110101101001110011011001111000101110110010101101011101000100110011010000101011010001011000100110111100010001011111100011101100100001000000010010001001001001000011110101100010000100000010010010110101000011110000000110	887635.6000000001	458.20000000000005
33	0011000001110101101011111101110000100001110011000001110101110101111100101000100110100100111000111101100100011101101111001111111110001100010111100011010110101100111011011110111110111001000001010110011100000001010111101111110110000110110	1203823.5999999999	562.0999999999999
34	0111101011010001000000000110111101111001001010100010001010100111101100101100101010110011100101001100100110110000110111101011110111101010100101000001000001010110110000101001010100110011010001100010111001100101110010111111110000010101100	1067708.0	505.0000000000002
35	1110110001110100000001010000100001001111000110000100010010001100110000001000101101100001101000100111000110101000110011010110101100000000000100011011000110011001100110100101011001000010111111101100000011101001000111101101101001111000101	1014449.4	439.6000000000001
36	0100110110011111110010101000101101101101101111100001111110100100010101001100000000010000011011010011010111010010100101110101111000000111001101000001001001011110000001101101001101101010010000010001110111101111011100110100111000000100100	1009021.2	498.70000000000005
37	0001001000010101010000000100100100100010011001111010011000010110010001110110100110000111111110110001000001100101110010010011100100000111110101011011011001010100111110010001110110011100011001000001011000101010100010010110011110000101001	1027005.0000000001	465.5
38	0001100111000010011000000010100100100100000011111000010100111101101101011100010110011101110101001101001100000001100101010001101000001000110011000101010011001011010001001101001101110100010101000101110001100011101111110010011111111011110	1188332.2	480.9000000000001
39	1011001010110101110101100000001100110000010000100101110111001111010001011001111101011000100001101110101011110000000001000010011100100001011100101110110100100010110111011001110011110110111111000110110001011110111011001111101010001101001	1181142.4000000001	526.7000000000003
40	0111110101010000010100011100101001100010101101100100001110000011101100000001110111010100101111001011001010110001010001001010101100101001110111000100011010101001100010100000111010011110011101001111101010101001010001011011111001111000011	1122543.2000000002	504.00000000000006
41	0111011010001011100110110001110100110111010001011011101111010000111100011010010010100001001111011110000001111011010111110001100011001011001000111011000001100010101001111000110100010101011110000100110110000011000101000111011010101010110	1081123.1999999997	515.3000000000001
42	0101100001111011010011110110000101110111100100011011000111001000011010001011100001001001001010101010001010110000111001001010110010010010001100110101101000011100111010111101000100111110110000111010010100010011100100001110011100111001111	1111269.1999999997	497.3
43	1010010101100100011000110001111001101000100101100111001110010100111111001011011001100001010101110111110000110001011100011111011011110111110100010110100000111010101101101010100000111110100100101001010011011001110101000111011001010110111	1170003.4000000001	541.0
44	0100011101101001010001010111011110000001001010001000111000011010001000001011001110000001000011010001001110000011000011001101001101100000000111010000110100110001010010100001011011101101100111101010000010101111010100110001010101001010010	961852.0000000001	436.00000000000017
45	0101010001011100110000101110111111001100110001101110001000100111111110101101001111010111101101000011110101000011101010111001000110000001001001001100010111000010100001101010110111000111001001000000000011110001011000001110011001001100101	998105.8	491.10000000000014
46	1001101010001101100110001111101101011011011000101100111010110101110010011011001110000101110000010010111010111001011011010000100011111110100001011100110000110110101100101010111111110000100010011111000110110010001101000010101000100010100	1045222.4	523.2
47	0001110110000100001100000100111101100100001000111111111110101100100110000000000000010100101000101010110110111010100111110011110011111010001001101110000101100011011011100011111100111010000101111110111000110000011000111010001000001000110	994128.2000000001	486.90000000000003
48	0100001111100010011001110000111000101010001101001110111000000010101001111010001101001001010001011110000001110000010110001011110001111011010000100011100011011010110000111101001110001000000010110011011000011001101101011110110110011001100	1077307.8	482.0
49	1101100100111110001000001001100111110011111111110100011101010001001101011001001011110010001100100111000111111001110111001010110111101101101011010111100101100111000011101111110110111001111010111101111111011001011101111010101110100010001	1320619.4000000001	612.0999999999998
50	1111101001010010000100100000000010111100100000011100001100110100011010111110010100000110110111100011111100101111010010010101111100001010001100110101001100001000101101001101111111011011011001011110111001000000001010010110001100101000001	1024759.0	488.40000000000003
51	1000011001101101111010010111010001101001000110110010001010101001010110000000110110001101001110001100110101100000110111001101111100011011001111010001100110010000011000100010010001101010100001001110110100111100111101000001010010000111111	1012458.2000000002	478.2000000000002
52	0011011000100110111111101011000010111001011111000111101001111010101011011001110111110011000100111101111111010001001110111110101110000111010100000110011110000110100001010000100010100111111011110101011010001110011001001110000100001100000	1082738.8000000003	553.4999999999999
53	0011010011011100011011110010111101111111101101010110001010111010000111100110010011100001001000001111101100100110001010101011101100100011001111100101001001101100101110101000110001000110100000101100110000010010000011101000001110011111001	1109153.8	517.6999999999999
54	1000111000101011101111111100001000101000010000010010011010001010110111000001111110101000100011100100011100001111010110011001001001111101100010010111100101101110000111110010111100001001111101111011011101011101100101001000000010111011000	1153467.4	523.3000000000001
55	1100111100011101011011111010110110011001011110111000111001000101001101100100110000011010001110010001100110100100001011111011011100101100101100010010111000001101010011000111101001000010100010001101100000101111101111110000010110010010100	1042386.6000000002	510.0
56	0110000011100110001001111010111011001001111000110010001001101001000001101001001110101101000101110101001000010111010100111101100111010010011100001011010110110010001010011010010110110000010111010100111100110000011110110110110110101010001	1105140.0000000005	504.90000000000003
57	1101011100001011011110111110111000011111000000001110000110100001001001010011111100101111111010111010100101111001111000101000110011101000011010101011011010011101100100101110010010000010010011010111101000010100110101101001010010010000001	1012223.4000000003	520.6
58	1101011111010111100110000110101001100010110000111000110110111101001011001101011011111111000000001101101000110111100011000101011001000100011010000000011101001001101101001100111101101111111111011101011001110010011110111010010101001001101	1183747.0	550.4
59	0010110101100101111000110111111100010000100111101110011111011001110000011110010001001110100101000001000100100111100001011001000001110010000101011110001110000100100111101111010011000101111110011000111101111010111101001011001110110111100	1240441.6000000003	536.4
60	1011010111001110011010001010010000111010110101011101010011011010101010000001010011001100110101111011001110100110001000000011101001100000011110111010000001100011100111111000010100111100111000011011010001101101011101100010010000100011010	1027723.8000000002	498.60000000000014
61	1010000111000101110010101001111000000001010111111100101100001111011001111001001010110010100011000001000101110111000100101000010001110000001010111000000101111111000101000111010100000010110010011001010111001011010000010000011100100000100	911560.6000000001	451.80000000000007
62	0101011100001011000000010000001000101010101001111100000010101001010011100111111100001110111101110001000011000101000100001000011110000001100110110010110110010000010111000011001011000111010000101001011011001110110001011101101100011010100	1034677.2000000001	459.0
63	0010101011011000011111010011111010001001100100000111010100110001011000101111110111100101000110010101110101011001011010000011011110001000010000011011110000110010000101010010100010101101111111011000110011100010100100101011011110000101000	1073110.2000000002	502.7000000000002
64	0100011110100100010001100000111011001110011110000000111001101001110011001011001111110001111110101111101011011101011100010111101100101000001101010011010000011111101010111111000011101111100011000111101000111010111111011101110010100001010	1204961.7999999998	563.1
65	1010110100010011011001001111011001010111100101100100011011010100110101001110111100101110000111000011111001010100101101111111101000101101000111110011111001001011001011101100110000011110000101011101100100000000111001000100010111101101101	1168611.0000000005	543.6999999999999
66	0101101001111011111100011101000100100011110000010100110001101100010011110011110101101001110000010101100110000000100010101010100101011110100100111000111100001110111111100000110111010011010001011100100011001101101101000010001110011101010	1128800.0	509.59999999999997
67	1011010110011100111001010000010000111010101110010000000101110000010011010010101111010100111111101011111101110010001010001011000011111100110101000111000000011110010010100010010100010010101001011000110011001100101010010001110111011011100	1112047.4000000004	500.1
68	0100100111010110010010101011011111101110001111000000011111110000011101010001101010000001111011010010100010100001110111111100000111100101010110000110111111001110111111011101101101101000011001001010001001101001110010101011100010100101011	1134665.4000000001	536.8999999999999
69	1000000111000000110101001101110001001001100100110101000101010100001000101101111100111100011001001000101010000010110010010000010011100011001110010010111111101110001010100101011111001010010010101000110110110101001101110010111000110111000	1119462.8	484.39999999999986
70	1000011100111011010010010011010101110111010001111100011000011111110110100101001001001011000100010100110110001011010101011001111100000100001010010110000010111101011011110101111001110100001110110000001101001111111110011101011000100001001	1106423.4000000001	525.7
71	0001001010111100111110011111110110100011101100101101010101011000010010001000110100000000100000010011000111011001010110000100000010000111111011111111000110110010101101101110010011111001111000101000010010011011000111101100111010010011101	1114682.8	506.40000000000026
72	1101111101001011101111010001111010011100010110111001101011100101000000000101011011001001011000011111111100010001011001111100100111011111000010001111100001101001000011011110010000110111101011000111100010001111101110100001011010000000001	1022265.3999999999	526.1
73	0110001101011001000001011110010000101111100000011001000000100111100101001110100000010010111101010100000111011111110001100101100101100000101101100111100111000011000001000110001000001000101011110101001011000100110111100000001011001010010	962779.0000000005	453.2000000000001
74	1000101000101101101110111010100110000101110100000010001101000010110101000100101101010001011111011100100010100111000010001010111001110010101110110101101111000010001111000010100100010111001101010011100001110010110000110101110010110000001	1009859.6000000002	485.70000000000005
75	0010011101111001001101110011010111000010001001000010100111101101001010110000101111001111101110010101010110000011000010011011001000101001111101011011110111111001000111011000011100101100101110010111111011110000110010001001100010010111010	1147122.8000000003	532.3000000000001
76	0000110100000100111011010001110110000110000101000001000111111001011000000000010010000001110111000100100110010000001101110001111110000011101111001111101111100001010010001001110111100100011011110000110100111011100011110100110101000000100	997864.6000000002	467.40000000000003
77	0111011011100000000001110011000010010110111110111100011110110010100010110011001001100110000011000010101000011001010101001110111101010010001010011010001100111111011000100100000001010001011101111110100111101011110001110010011110111110000	1197369.6	516.9
78	0100011110101110101101111100011111011101110111000000101111110101110101100101001001011001110000111101011110100110110001010111110110000110011000100110101110010001100100110101000000110100010110101111100110101010001011010100101011101111010	1223950.2	559.6
79	1111001110110010111010011001110101111100111000111110010110010101001101100000001000011000110101000010100111110100101001110101000010101010001000110101100010100100111110101001110101011101010011110110000100111000110110100110010011011110111	1155503.8	524.5
80	0101011001101000011001010001010011010010000011100011100001000000001011110111001011010111011110101111110000001001101110110010111010111011100101111100000101000101111110110011101101101100011001100000000000011011110010000110000010000011100	991050.8	492.9000000000002
81	0011111010110010001010111101010001000100001001100110101000001100011100100100010111111110100001110001010011010100101111001011010111000010100110010010000010010011101100110101010101110011101001010101001100001110110110000101100000111111010	1103552.1999999997	495.0000000000002
82	1001101001011110001101010100100001010011110100111111000100001001111000001100011011010100110011001101101101010001000010111101101111111001000010111100101011100000001101110110101000001100100110100010110100101110001011011110100110011010011	1102143.6000000003	511.40000000000003
83	1010100000001011001011100000101010111101010000100001101100100110000001000110001001110010001110001110101011010111000111111100000110000101010101000001110110000010001100111000100000101110111100000001100001011010111100100101010000101011101	965887.8	444.5
84	1101001110011100011101110000110011001001100111011111001011100000000100010011010110110001001110001011110110111010111111011110011011101010001011000110101110010101000111100100000011010000110110111101101000011001110010101111001010100001100	1096811.6	533.1
85	1111011000100110001110100111000100111100111100001110110111001001000111101110011110011100010010100111101111011110101011101111110100110100000111100110110001011000011101011011111000101011010011001110101010111101010001011111101011111100000	1297544.6000000003	591.2
86	1010010100001010110000101100010011011111001011011001111000011000111100010000010111011100101111001010001011101000110101101101000011011000010101001001100001010100010100010010111111111010100100000011101101111111111110111011101111101100100	1238592.8	530.8000000000001
87	0001111001100101000011000001010010001111100101011011111000111101111010101010000111101110100000011011000000110111100011101101000010010001000000001011100111101010011011000100010000000111111101000101100110000011100011001010100010000100010	915257.6000000002	460.4000000000002
88	1001101010111000010111111000001010010011010100001010111111001011100110000001000111010110100010111111111100111011000111100011011000110100111010000110001010111011011110011101010111101110111010001000101101000010001111111100000110101010011	1172106.2	545.7000000000002
89	1100001110000111100110111101000000101111011101111000010000001110110001111111000000101010110111001011001010111001100101001111010101100000101001110111011101110000000001100011000010111110001101110001111010110001010110000110010101101000010	1060457.4000000004	511.8000000000001
90	0100111011010101010001010011101010110000000010000010001000000011111100000010000111110100110100101000110011001101110010111100000110110000001111110100011011101100110000101000011100000001010011110001110010110010110001111111111000110000011	1025147.6	471.1999999999999
91	1100011001001101110111001110001011010010111001111010001111000111000100110100011000110110000000000000100010000000000000001010010100101011110101000101001100011100010011111001000110000100111110011000101011000000011001000000111111010101001	1003374.8000000004	445.69999999999993
92	1111011101010000000110101000111011111011011101011000010110100100111011101010101101101001010100111100000001010111011011100110001011001110010011101010111010110001001001100001000000000011111010001101000000011101001111010001011000010111000	1047493.4000000001	509.90000000000015
93	0000010001101110111000011011000100001100111001010100011110111110010100010000101111100111011100001110010001000101101101111100010111001101000101001100110001110111101101000010010000110011001011001111000100001100111000100100011000011101100	1043404.1999999998	489.10000000000014
94	1011101000101100101100101111101110001100001100111110001110001101001111010000110101110011010101100001100111001000001101001101110111101101001010110100001011000010011111100000001110101110100001010100111110110011111110100110000000100001111	1043895.8000000004	520.0
95	0000100000000001111111101110011000000110101110111110011110010000011101110110000001110100101011010001111111111101001011011110010000110111111011110000101100000011001001011111110011000010000110010000010000101101011111101001011000010100000	1034512.2000000004	511.5000000000002
96	1101001000100010001110110101110000110010111000101110100101001000110011001111101100101111000011001110000101000101101100000010011000000100001101111101011001000011100100001101111111110010000010001010110011001100101011110101110111000000101	1039453.2000000004	487.60000000000014
97	0101111001011001100000111100011101101100001001101110001001001110111111101010111001111001111110000000000010011001110100111100001100011111001011110110101011111000010100111000101100101010101101011000001101101100011001100011000011000010111	1056157.4000000001	523.0
98	1100000100111000011001010010111001100011000010101001000011011100001111100001001101010101010001000000100000011011110011110111100110110000100101000100110100010100000001000111001111000001010100101100011010111011111110101011000010010111010	1028396.4000000001	459.8
99	1000101000110110010010001100010000110101100011011010001101100000100100001110011010111101100001111111100100101110100110011111101111010000011111001111000110101110101011011011111101000111001100000011010100001010000111101111000011111001100	1169233.8	529.0
SOLUCIONES INICIO 

0	1110100110111101101001001001100110111101111110110010010110011101010100101110100011010111110101110011100000111000010101000101100100101010111011111100011111001111111110111101101101101010101101000110010111111010101011101101011111100110001	1365527.8	614.5999999999997
1	0111101010000011111100101000100100011010111000000001100101100001101100110010010110110110000101101110001010011011001100101001001011100101010010110000101101110010110111010011100001110010101000001011010001101000111010001010101110010110000	1047106.6000000003	481.3000000000002
2	0111011100001001100110001101001010001111001010001111111101010001000110100110111110100001000100110010011000001001101001010100010011010100110100111010000000011011000010101000110101000111011010010001011000000000001101010001100011101011110	994396.0000000003	458.6
3	0010010010001110101111010111010110100111110010001100111001111110101011111001010111001011001011110111101000000101100101010101111111110111011110100101010001001110111100000110010100110100000011110001111001101100001000000101000010011011101	1114047.4	546.3
4	0011011110110110101110011110100000110101010001110000101100110100011111110010011011000011101101110010111110101011110111100011000100101110100000011100000110101011001110001010110011111010011001110010001110111100000111110100010100011111101	1212666.2	555.4
5	0101000010011011000000000111010011010001101100010101000001000101101100100101001011011101101100101011001111101001000000111011010000100000100110010011100000001001011010110000101100011010011001001011111111101011100000100001010110011101010	1049160.4000000001	460.0999999999999
6	1110011011001101111110101010011101101101000010001011100011001100101010010111101100100110100011100111111111110111110100011100111100011001110011101001101001011111101110010111101000011011000010000001111110000010110101000010100100001000110	1047882.0000000001	549.5
7	1111100110001110111011101000011100100100000111010011110100110110000011011101111010111111111101100011011101110000110001010100100010111001000111011011010111001011110001110101001001110101110101111101110010101110010011100011010110001010000	1183847.2	572.3999999999997
8	1011010010010011001011011100111010000001100100001000010111100010011100000111011010000000000100100110101010100111111010001010111001111100100000111111111010011010011001011110010011101110111011110110101101010101100111101011001111111000000	1225777.4000000004	532.3000000000001
9	0101010101111110100010110101100011011001011100100001010001011001100011111011011011000101000110111100010101000010010011110110111000101011011110110010010100101011010110000010000110101100110100001001101101001111001010111000001000101111101	1102849.7999999998	513.0000000000001
10	0101000010001011010011000000100110000111001001010110100111010101001100010110001011111000010010111111010111111101111011110011011001100001111010110111110110111110110110001010110111111111111000110011000011100101100110011100101100010101101	1242095.3999999997	564.5
11	1111001011100011001000000111110100100001110100111010010110101101010100111001110010001111111100010100001000111101000101101111111100001001000111101010000010111010011101010110010001110111111111000001111001100100000100000111000100100011110	1066584.0000000002	517.7000000000002
12	0111101110100000010111111010011000110110010001100100010011100011010010001101111001001001101101101010000100000101001100100111011101000010001100110001010010101111111111110111010010011001101111111001100000011011011111111101010000000111010	1142072.4000000001	530.0000000000001
13	1000011011010001111111011001100011111000011001010001100110010101001111011001110010111101000100001001111011010001001101001111111110101011010111101000100101101110101111101010011110000000101110010010111101100100100100110000111001011110110	1181165.2000000002	546.4999999999998
14	1010010100100010011101011011101111111110110101111111100001000011000011110001101100101100100000110011000101101000111000011111110110101111000010011110101100001110100101110100001110000101011101111110011010110000011001100011001010101100000	1113941.6	537.3999999999997
15	1110110101000100111000101010111000101000011001001010010000100101010101110100101011111001011001101100001010100010011000110001100111001101000110000101111011010111001111101010010101011010100010011100010011001011101001010000001000010101011	1006586.4	480.4000000000001
16	0110000110110001011000001110001011001001011011001100110000101111101010010100011001111011001010000011111101001110111101000100101001000011010101010110110011111001111001011111000010101110111010100010001011100100001001010110011000100001000	1034460.4000000001	504.00000000000017
17	1010010000100111100010101010111001001101011010010001010000010010011000011010001100100000000000011000110100111000111001110101011101111010110111111110110001001000000001001001110010110010100100110100110010111100000111001110001000101101100	1006229.4	462.0999999999999
18	1011111011100111100001000011111000011111101000111010111100111001100100001011111011110101001001010111011001111110010000010000000100011011101111010111001010110000110001100111101111000101000101010111000001011001110101010101010011111011110	1210793.7999999998	552.5
19	1101111011100011110000111010010100011000111111001000100010111011000001110100001001101010000110001101111000001001110111001100001001000010111010101101110000111010010001100100011100100100111011111001000010000010100110111101010010101101101	1070928.0	495.2000000000001
20	0110100111101101100111000111101001110001001110110111010011111111010101011111011101101000110100001011100000001101110001001101000110111111110100101111010110010111010011001011101100111000001011011000011101010100001100111111000010000101010	1107155.0000000002	559.1999999999998
21	0010110100011110110111101011111011010011001101001111111010111101100101110010010010101100001110110010001011100111001100101001111000011010000011111011100111110000001101011101111011011010101000110110000011010110100100111001001101001011100	1182136.5999999999	559.7
22	0010000000100011010000010000010001001010010010011000101100010110110000011001001001111011111111000101001001011101010110111110110110000010010111101110100010010011110111001010111111110001100100001000001011100011000110010111011110000111001	1112680.2000000002	482.8
23	0111100010010111001011010000010110111010101010001100100111000001000100111011011100010011100110011110100111000010111010111010010000100000001110110100100100010101110000101011010110000011111110110111001000010010111010011100101011010000010	1029399.2000000002	487.6000000000002
24	1001011110011100001011111000111101000100101110101110101001011010100111111110111100000001101100100111000100010111101110101000100011000110101011110111110010010000000001000101100101011010000100010101011111011100010101010101011110000100101	1062669.8	518.3999999999999
25	0110101000110110011010001010000000011110100111010000111010110101011011111000111100110101010001101111101001011100100001010000000101011111100000101110000010111000011010010011001101101011111101010011010100100110101100101100101110111111000	1226353.2	524.3000000000001
26	0101000010010001100101101110011111011001110110101100101011011110011110011010011100011011001111000110000001000010001100101010110001100011111001100101000110000110110001011011111110110001000001011001100010010000110110000100000101001010110	981256.6000000001	484.40000000000015
27	0001010101001111010001001010011001010110010110110110010101001011000010001000010110011111101000111111110100110010000011011111111110100110010001110000110100101010010100100100110101011001010111011101010000110000011101000010001000100011001	1004466.4	490.50000000000006
28	1011001010110011100101110101110101011001001010111001110001000101110111100100111101100000110100010111000001110000010100001110001110010111110100011011100100000010101111001011010000110101011001000111000000001010001001111001111110010111001	1114865.8	505.7000000000003
29	1110010011100100111001000001100100000110010111000010111111111100100001101001000010001111000111000011110101000000101010010111111110110111101011100110101100100010001010100010100001110111100011011111110011010010110110000010111110100011000	1136167.2	518.4000000000001
30	1000011001010010101110001111111101011110101000000110010111100001110110111110001110000010010111001101011010111010001100110101010110101001011100100110101110110101100010111100101001001010010011011100000101010100011100000111010000110011000	1062935.7999999998	519.5
31	0111011100001101011001011010100110011110001100110000010000011010000000110100110011101011100010101000110001010111110000110110111111010010111011010110101111111101011011111011001110011110111100010000000101110010011011001001100000111011010	1162042.6	539.0
32	0100100000000011100100111100101100111000000010011010100010011101100100110100011010000100100000011110000010101000111111100000010100010010110111001110001011011000000101110100101010110011010111110000110101110000111010101000010111111101111	1134062.0	465.5999999999998
33	1011101110001111000101110110100100111111111011100010010011010111111100001111001000011111011000011011111000001100100011000000100110000100110010100000001110011111001110110101010000001010011010101011011000100111101010001111110110101111010	1203042.2	539.3999999999999
34	0111100011010001011100011011011010100111111111100011101101001101110110010111110001001010100110100111100001100101010110000100111111000010001011011000010101011100010001001001111011001010100110100000001110110011010101111111001001111110100	1200074.0	544.3
35	0111100011001101111011101100001101111000000100110011011110110001001000101001000100111010110001101101111110101100000000100000110000010010111100000111000110110100100001001101010101111001010011111011000101110110101011101101000000110010011	1036268.7999999998	495.70000000000016
36	1001011100001111101111011011111110110010010101101110011101100100011010011000011010011100111110100100010101010110110110110101111111010101001100100101111010111110111100001100111000010000100111011010110110101010010001111000001001110111000	1222953.5999999999	577.3999999999997
37	1000111001010001101000100001001001000101100110101100101010010001100111000000110010110000101110011010100110001110001101110011110011110001111011110100010101001101100111000000010011001101100010100011111000011101101010000100011011011110001	1095601.4	484.7
38	0111111011011100011110000000101101110100010101011100110010100110100001101010010100111111000101001101010111010101010010110001010000111110110000000001000000110011000111111110111010010001010000110000000000001110011100000101000110110110101	1011555.0000000001	479.20000000000033
39	0110001001010110110101000001011011000110100100110101111110100111110111001111001111011010011001011010110001000110101110001100100000110011010001010110000111011101111110101100100101010101011101000011110101100010000100000000110010100111101	1099191.7999999998	518.8000000000001
40	1000000101011101111001010100011000111101100001000111111110011010110100101110101110100100110100010000000000010011000100001110000011100001001111100011100111111011110001101101011010100100100100010111101011100001110001110100000001011001000	1027889.8000000002	488.20000000000016
41	0011000010111000100100000101101010111110010101010100100000000010011111101110001000000101011101010101111010100000101000100101111100101010100111000101101011001011000000101011110100011010011110011010001000000011111110111010110010001011001	1049072.4000000001	477.9000000000001
42	1010111011100010100111000001110100010000110100010101000110010000110010010000000010100111011001110111001110111110110111111001011111001011010010111011111001001110110010001111011100100000011110011001000101111010011111101001101001001110011	1160211.4000000004	531.5
43	0111010001110100100010100111000011010001001011010000000000001101011010111111001011111101010000000100110110010010010010101001011001001111100100001001001011011101110111001111001011010100100011110111001011110100010100100100011010000110101	1050808.2	486.10000000000014
44	1111110101101111010101001100000100110100101001101001000000110111010001011111100100100100011101011000000010010110010110011111001101011011001001100100010110000010101011101000001101001011001010000001110001111100111100110000001101011000000	996912.6	485.8
45	1011001011001100000111001011101001001000011000111110101110001110100110110110011111000101001111000111100111101010111111101000010010010001001001111111011010000111110101100101100011001100111001100100111001111001010011010111000011010100011	1140815.6000000003	544.4999999999999
46	1111001100010000011100000100001100100000110100101101100001011011110001000111001001111110101111000111100010101110111011011010100000000011110010011010100000010111011010111000011110011011010010100100110001001110100010010001111001001111100	1106938.4	497.5000000000002
47	0010110010110010011110000001001001101010001001011111010011100001001001100111110111101111111011011001101100011100011000111000111010100000100010010100001101100000111001000000010101010001011110011011001010111110101001101100001010110011110	1093682.7999999998	497.6000000000002
48	0001110101001011000001010010001010110011001101001000001010011000111110011011001110111010100011110000001110001111010111101001000000010010001010100100101100001100110110101001101111011010101111110011010101110001101100100001001111011001000	1137965.4000000001	499.6999999999999
49	0101100001101011001110101110110010101110100101101111010011110011010100110011101000111010110011010111101111110001001101111100110011110010110111000000010101011001100110001011110011100011111101001011001001110110000111001001101010011011100	1216554.5999999999	568.3999999999999
50	0011011101001010001111011000101010110100101010111010001000000100111001000010100001010001100011101100011001000010010011110110111000010011111110001100000011001001011101100100111100000111100001100111010010001110111111010000101101100110111	1101941.0000000002	487.9000000000001
51	1000000010011101011001110011110011010101100110011000011110011000010000011101000110011101101011001010100000101111111101111010100101011111101101001111101010110011101010000100000011110011011111100101010001100100011011010111011011100100110	1169002.0000000002	540.4
52	0010001000010010001001101101101001001111110001000011000011011001011111010000100100011011111000101001111010101010101110101100110101001100101010010111000110000101001100100001101111000110111101100010100000010011011001001110111101111110000	1176389.6	505.8999999999999
53	0001101111100010001110001100000011111000111000000001011010010001001011110010111110110010101110001111100001111110100111001111001010101100001011110101111111010010111110011001000101010100001011001111010001000001101100001001100111001000101	1063278.0000000002	512.5000000000001
54	0011000010100000000101001110011111111111110100011101100111101100111000001001010101110111011100000001011010011010111101111001110010000001111100101011011000011101110010001111000001111000011101110000110110111101100010111100101110100000000	1119374.4000000001	534.6
55	1010001010111010111001111001101110000000110010001000110000111100111010011000001011011101011101001101111101101100011100101111010111101100100101011000010000100010110000010101011110000001100010111101111010010001001010101111001011111001100	1150885.1999999995	522.1000000000001
56	1111001001110101100111000001001100110100111010010001100110001000000101011010111100001101010100010100111000111011000000011011111110111010100110001010100100101101011011111100010110101110011110100110000011100010111000101001001011110000001	1076984.0000000005	507.10000000000014
57	0100010011011000100100011110000011011110001011111100100011000011111111011110101110110101011000100000101110001110000111111110010101100110011110000111010100111011100100100110011010011101110011110001001010101010111001001001101111100100101	1191674.8	544.6000000000004
58	0000001101011010111100111100111001010100001000110101001000000101101111000010001100000010000010010101100110111001001011010010001111101000001011101000011110001101111000111100011101111000110100100001010100110011110101110110111010100001110	1077718.0	484.4000000000001
59	0011111010111011111101110001111000001111110011100101001000001000001111110100111111111001010111110010110001100100110110010010100110011001100111111101010100100001000001001000000100010101000000111111101110110110101010101111000101010001010	1075329.8	534.2
60	1010100000110011101100110100111010011001010011000000010010100001001111101001000101101111010001011100001110001111001000100011000011110111101000001110010011000111111011011000001111001111110000000100000111000011011000001100110010101010011	1015756.0000000001	478.5000000000002
61	0001010000010110011011000000010101110101101100000110000110101111010100101111011001001011001010011011001111110100111000001101110101110011011110100010001000110000100011110010101000110000010010100100000101010010001110011000101001000100001	918158.2000000002	460.9000000000001
62	1010011011101011101101101000001110000101110111001000010011010100000010101100111010001110000100110011000100110000011011100010010110100010101110111101010111100101000100000011000000011100101010110101000110000100010001010011110000011101111	982956.8000000002	466.19999999999993
63	0011110011101110111000111100010110011100001010111010111100100111111001010010001111011011111010000001100001100010000010110010010001110110101101010010001100100000001001100101011010100111111101010111110010101010100001010111000011100100000	1055258.4000000004	512.9000000000002
64	0100110100100100101110001011101111101111110101000001101100110111101000111100111110001011011001001100011011101010111010011010011101001110011000010101010010100001111110100101100100101010000110011110010100001001011100000101110010111001010	1114640.4	533.4000000000001
65	0001101001000110011011111001000010101100110011000101000111001110001101001101001011000001110111100110000011110111110010000001100110011001011101000110011010110100010010111001110011110001000100001001111011010111010010001110110000010110001	1040823.0000000001	494.90000000000003
66	1110001001000111100111011010001001011111010101101000101001111100100110110010100011100011110000011001000111101011011100110101000011000110111100111100000001001110001110011010000100100001100001110010010111000001011110111001111011100111001	1155900.4	518.0999999999999
67	1110101000111111000011110011101110000001011101011101011110001000011101000111011011110100111111110001100010010101111000111010010001100100001110111000010001101111011001001001001011111111110101001111111100001011101111111010000110111110010	1300153.4000000004	585.0999999999997
68	0111100001001100000011110011011101010111111101011111011001111010101101000011000011110000010111000111000110101011000100110000110101010001010000000010001110111000011111101110101111101100011001111011100000100110011011111010011100110100011	1168372.0	534.4000000000001
69	1100100010000011000101111110011001111101001110010110011111001011100000100100001001011100101000111110100000001111000111010110011101011111101000100110000010100100000111000010000110101001010110111011110111001100010100100111111000001011011	1078781.0	504.00000000000006
70	1111100010011101110100111111111100101111100100111011011110010110010001100010010101011001000110111000000110011110011000001100100011011111001111101100010111001101111000001111100010101101101000101010111000001100010001111111010111100011111	1213283.1999999997	561.0999999999999
71	1101111010001011101000100111100001010011000010110010010011000010011001110110011110001001110001010000001101000001100100011111010111011111001011101001001110110010101110010110010000111001001100110101101110110110000110101010000101101100001	1075662.6	503.5
72	1111101010000011011001101001000011011001011010011000110101101110101100011001010010000101011111011001011011100111101110111010100101101110000011010111011001000110111001010110110101110101011101001111101111001001011111111110011100001011111	1275796.7999999998	575.5999999999998
73	0001000011110101100110100000010010101111001011101100100101011001101110001111001100010011110111101001010110110001000000111101010100100101000110011010100110111001101010001001111100011001101111011100111001100011000001010110101000110111010	1144665.4	515.3000000000001
74	1101111001001101011111000100001101111001011010100010010000101110110111110110001010100011111010100111110101110111011100101011110011001011101001011010110100001111100100100011101110101111011010101010000100010110000011101001010010011101001	1159475.3999999997	558.2
75	0011111000111111011100001011000011101110111000110100010000000001100111000001100001101111011001111001100001001110101100111110000000101010111000100011001100110111000011011001000100011011000010101011100000011111111101011111110001111000000	1097653.2	508.90000000000003
76	1000011110010100010110100010110000110000110010110000111000100100001000000001101011000100111101110010100011111101001100111011110100010101011110101001100000100110101000000011101100101001010010001111100010001000111001010000010001111010110	982074.6	454.4000000000001
77	1110001100011111110001100011100110001110100000101100011110111111011011100000000110010000101110000100011101110101101010001100111100101111010000011010001101100110000110110001001011011101110011011000111110010011011000110011011111110100110	1200457.0	533.8999999999999
78	0000011001010101011011011010011110001110100000010111011101001010010000010101110001000111100111111100010100100110001001000010000110101101001011001010100110101101101000010000010010100000011001001000101000110111101111110111110111000111001	1105441.4	483.1000000000001
79	0001110111110000100101101110111111100100001110010000010101111010110001011011111111001111110001101110011111101001010111100110000101111111011010001001000111111100010101111001001100011001101001000001000000101110011101100111101111001111001	1262299.2	575.3000000000001
80	0010010110111000010001100101000110101110101100011111110000101110101000111010100010011011000101010000100001110100101000111111001010101111010110101101100011100011001111011100010011010101110000110000000101010111111000111100011011000011001	1099202.0	508.50000000000034
81	1010100000001001000101001010000111001100110000001010101111100100111110111111111110110100101001000111101111000111111011011010000101001111101000111000010001001000101101000100011101101011110011110111000101111110010100111000100000100101010	1081746.7999999998	520.5000000000002
82	0100111111110101000100000010001111110000010100010011110100000000010010110000101000001000111001101001010101101001110010000000000000110000111000001010101100011000101101010100110011100111010101010010101100110001011110001000010000101110100	927164.0	424.79999999999995
83	0101111001100100111110001110101011110000111110110010011010001101011111111100101100011001100101011011101011011011010100010110000100101011011111000000101111110001010101001000010000001000011000101111100000110011100000111011010101101001111	1097422.2	526.3000000000002
84	1000010010011111101001100010110100100010100000101110101011001111101010100011010111000100001001101000011100011110010010101110110001011110010100110110101100110101100011110010010110001100110100010100010111001110111000010110110001010010110	1046178.4000000003	498.1000000000001
85	1000011010001101010001011011011000110010011010001101010000111110011011011001011100100011000100011001110110111111010110000001010000110111010111011100010100011011110101000100010100001001110010011101110011000111111011110101110110010011100	1164000.1999999997	524.0000000000002
86	1011110101111100101000111101111001001101011000111001010011001001111011001101100111010010100111001111111011011011100100000101111010011101100110101010011001110100111011011001010100011000101011111110000010110101110011100110001101011110000	1236559.7999999998	578.6999999999996
87	0111101111111100111000110111001001001101101110011001000100111100101101011000000111101000100100101011000100011001110110101100010001111010001000111111101001000110101111111101101000000100111100011010000001011010101001010110001110011101000	1136657.0000000005	531.4999999999999
88	1100111111101000110111000000100011100010010100110011100001101101010100011101001010101111101000011010110011101011011010101001001100011011111110100011010000010100010000100100000000110111011001000101111001110100001101100000110000011100101	981562.8	488.00000000000006
89	1001010001000110011010001000011010001000110000111000011101100011111101101010101100110101011111101001010000010111100111110100011101101011110000000011001011001110000001000111110010100011110110110100100111011001111101000100000000110010011	1021433.0000000003	492.4000000000001
90	1101000100100001110110101011001101000000010000101000010010111001101010111110001111000101000100011111101001011110100000011110100001000010101011011010111110100101100011100110111101110111110001110000110101010101110000000010001000001010110	998355.4000000001	485.79999999999995
91	1111001110011011010000100010011011111011001001100010101001110000110100000100110110110101111001100101100010100111101110110100010011100100110101011111011000010000110011011110100010001010101011111100100111110111001110010000001100001001111	1084531.2000000004	521.1999999999999
92	1011001000000111100001001010100010011100101011100010100110000000011100011110100100110100010110011111111010100011010110011000111010101101011011011010101001111010011001000101000100100011111101101110110000101110101111110000110000000101110	1054243.0000000002	502.80000000000007
93	0001100111101111000011101101000010110111000110011101100011100011010100001001001000000001110001011110011101111010001010011001011111111001101101100000000000111000101011011001011101011100000001111011101011110110000010111001010111000011000	1102542.4	512.0000000000001
94	0010101011111001100101000101001101110011110101011101110111101110110010101110001110001101001010101001001000001100001101011101111011011101110101110111001011011011010111011010110111101010010001100010110110100001111011001100000011101010011	1189259.8	568.0999999999997
95	1111101010110011100110110101000100001000000000100011101101000100001100100000011011100000100000111010101000001110100000000101111110101000001111000000111001101111001110011010001001000001100111010011100000110101110001101001001001011101101	1017105.3999999999	449.39999999999986
96	0100010000101100010011100011110110000111111000000111001111110101001001010001011101000101111101110101010111101101100001010010001100111100110011001000001101000000001010101011001010101100001000011111001011101010100010111001001001100110011	1050406.8000000003	491.4000000000002
97	0010011110100011101100111001011110100010000110111000111111001001000110110111101010001001110001101011111011101100110100110011000000101000111000111100010110001000000000110011000111100101010110100000001110100110001010101111010011001000111	1014249.8	497.0000000000001
98	0011110100011011010010011010100000010111000000111100101110011001001101110000011011010011110000111001001001111100011000000111001100010101111000000001101000111101000010010100100011101000101010100100101010111110001001100001010110001110110	1023555.2000000001	472.10000000000014
99	0110101111010000110001000000101010111010011101011010010100101010111101111110010001101001110000010100101100100100000010110010100111011111111101001010001110011011100011111000001010110100110100111100010101010010001011100111010111101011010	1184505.2000000002	525.3000000000001
