SOLUCIONES INICIO 

0	1110001110100100001010000001010011110100011110001001111100011010101111011011101010011110101000100100011110110101010111111111111100110101011101100111000100001101000000111000001000011110101010011101110000110010101011101101110011010000010	1103861.5999999992	533.8
1	1010000111000101000111110011000101111111100011110010000100011111001010011001010111110001011100010000110011001111100111010110101100111000000011101110100000100110111110100101000000011001110110100011110011100011001010001000000111100000110	1026066.7999999995	501.40000000000003
2	1111100100000100100101000000100111000101010110001001111100111100111010000001000101000110000011110010101010011001110111101110111101000101001100110100100111011101010111110101011011000110000111101000110110100111000100101010110100110100000	1103933.9999999995	510.8000000000001
3	0010000011111001000101110001000110111110110100101101101111001100010001000100111101110011010011100111110110000010100101001101111100001100011010100010000001100100100100100000100001010110000111111011001001001011010111000110111111100100101	1101102.1999999995	493.0000000000001
4	0000011011011001010101001000010110101000010000010110000110111001101010100011111110011101000100100000101001011001000101001110000101011000111011111011001111110110000010001010001101010000000000001110011000001000101000001101000110110001011	926527.9999999998	436.00000000000006
5	0101110110111001001010011110100110101110110011100010000011010001010100011110100011011001101100000001101001000111010100101011100100000100101010111110001011000011011100100101101010100010100110111010100111100000001000001010111001010101101	1050209.7999999998	488.6
6	1101001101010100100100000100001100101101110111001001000011001011000011011011011001100101000100100111101100010101000110110000101110000100110101011001010110111010010101011011110001101011100001010100100110110010011010110000100000100110010	996166.7999999998	475.9000000000001
7	0101011110001111110000001111011001011100001010000010000010101001101111101000000110110100111000100000010111101100111011010111000011111001111010110111010111111010010010010001100011110001011000100111111010101011101100011101111101100010001	1190340.5999999999	540.1000000000001
8	0111010101001010110001000101001000101100100111100100001011010110000011011011100011000111011010001101100101100110110011110101100111000000100100000001111010010110110110101011100000001001110000100000101011110001010101000111000101101011110	1050379.1999999995	474.80000000000007
9	1000100000111111111011111100101010110111100000101110110110011100000001001110110101100000011010110011101001010100110000111101110000100001001000101110110001001111011000001011111010111011010011111000111100110001011000010010001000100000101	1001340.1999999996	503.99999999999994
10	0100111111010011101000110101101101001000101000100011001101010101001110001000010010010000101110001110111110101111111010000110110000110111010111010000111110110000110111010010001100011010110011011110111001011110100011011010001100001010100	1112607.5999999996	528.1
11	1111001000101101100010011101100111111000111010001010001000000001110000110101110100001011101001101010101100100000101110111000111011000010011111000010010100110010011011010100100001111100101011000101001000101011011100011010101101110100010	1091527.3999999997	495.00000000000006
12	0111110101110111011000101101001001100110000010001110011000100101101101010111010110110011101000101100100111101111010011101100001011111011100101111100010101110110100110000011101110000001011010010101100011101111110111110011101010010110000	1207978.1999999995	563.4999999999999
13	1110001111100111110011000000100011100001100000100001011101100011100101000100111010000010000010000001101011111110110110100101010011010000100101000111111010100100011100101101100101100100101001000111000101100101111101011000111001011101101	1113907.2	487.60000000000014
14	0000101110001011000101010100110011111100100111011101100110100111101000001101001001000110010110001101100101110000100000011001100101001100101110101110101011001001011001010101001110010101001010001101010001100110110111110010111110011001101	1156309.5999999996	509.10000000000014
15	0000000101001111001101010011111011011000110011101010011110001111100101101010011001111011011011010111100101110111101111110100111111000001110011100000010110100001101111010001011000101011001111001110101101110011001100110000011111010001110	1228620.7999999996	566.2999999999997
16	0011001010010101011110110100001100011110011101001100010000000111100000111000010110100010000001100100011010000011110111011100101100000000110011111100010101001010011010111001100110010111101010010111011000010110100010000111110110110010110	1086148.3999999997	482.50000000000006
17	1001110011000000010011001010001100000011101110011000110100100110101110000110111110000111111100101101110100010111110100001000001010111010101000101000100100000100100011010101101111101001000110011010010001101011100001010010110101010010000	1022455.7999999997	479.80000000000007
18	0001001000010101001100100111111000100110000011100110111011101000110100110011101011101101100001011111001111011001101010000010000101100000000011000110101100001000111101010010010011010111101000000000101011101110010101001110100001000100000	949506.1999999995	468.49999999999994
19	0010110110001011001110110001010011111111010011011101001010000001101000010111101001010011111010000100001101111100011110010111011100111111011111011001001010011111010010000111100100000100010011011111111010100011010011000110011000011111000	1181314.1999999997	547.4000000000001
20	0111010111100010001101101000010001111101011100010101101001101110101100000010111100110001101110011001111011100011011001000011101000100000000101000011010000001010110010111110010101001010001001001000010110010110101011000110101000001110000	984155.5999999999	476.7000000000001
21	1100101111001101000001010000010111011100011100011110110110101001100100110001010111110000111111111101011010011111110101110010001111100001011111111001110100110000000111001100101111110011111111101011011011010110110001011000101011101010110	1281643.7999999998	586.5999999999999
22	0001111110011000000010010100001101110001001101010110000100001110110000100000110111011101110100010001111010010011011110011100101100100011001001111101010001010001001111011011010011100110101011110100111111101111101101110001001011111001010	1246468.7999999998	531.6999999999999
23	1011101110111000111101001101111111010101111100010111101101100001110000101100111100011110110111110011010011001000011000010110010000100010111110100110100101101101110111100011111111000001000010000011011001000011110100000010111100001010001	1097466.5999999994	547.4000000000001
24	0101010101110111000011110010111001111000010000110000010100101011001100000001001000000000110101001011111101011001000010111001111000110000001111011100001010001111100100001000110111001001110101110000101011001101111111110101011000011100111	1100746.5999999994	490.6999999999999
25	1011001000111100111101011011011010000110010010010001001101001110010100111101101001101110000111001010101010101011101100100111001011011011100000100001111111010001001000000100011111100000101101100100010110011011001001111000111110111001010	1162170.1999999995	520.8000000000002
26	1011111011001101101110010100010101010100110110100111010110100011110100001110101110101101100101011100110110011100010001100111111001100011110011101111000101010010111101011101000100001110001000110000000011001010101100011010111111001100010	1156543.1999999997	548.1
27	1110111000100100101011010101101100111011000011111000111010010000111110111011001111110001001111000110011110100000000010111100111001011000100111000011111111001110000010111100101101011101001111111001110101100000001001101110000011110110000	1180773.3999999994	550.1999999999999
28	1101111000101001101010001010101101000011011100101101100000011001010101110100101001001000011110100101000110110010000100110110101000110101001011001110001101111101110111100101100000101010010111010111100110011101010010001000100100011000000	1016815.9999999998	494.70000000000016
29	1101100001111111111101010110110000111000011110011001010110101111101101011100101111111001111101110111010001101100110101000111101001001100101101101001100010100001110101111101000110101010100001000110001100011101000010111001001001111011000	1199763.1999999995	573.5
30	1011010010011011101000111100011101100101010001111111101000101000000110100111110011101001110000101010000111000111111111101001011111000100011100101110000100100111001001011110001101100001100111010100101011011011011111010110000101010111101	1204372.7999999996	547.1999999999999
31	1000011111100101111010111100101111111001000000111110000110001111110011000111110010000110001001111001100011010010101110000101011111111100111000000100001011001011000100111110010100101100000001001111010100001110001001010110110010010110001	1068586.7999999998	518.6000000000001
32	0111101000101000010011001100110011100111001101110010001110111111100000011111110110101000111010000110100001000110001010010111100110000001011111001001001000111001000111100010000010100000010101011101010000100110101011100001110110011000011	1015608.1999999997	481.80000000000007
33	1011110000001010100110110000100101000001010111001000100000111100101100001110001100111100000000100111101110101101100000110111001111110010100111100101000000010011101111010000111101000001111101111101110101000011011010011101001000010101100	1075064.7999999996	493.69999999999993
34	1100110100010101000101110010010010011010111100111001011110101100000000110100011110001100011111000110001110110101010011011000101010000100110110110000100110011011010001101111111001001100110100101110111000100100010111001010100111000010100	1070442.5999999999	505.0000000000001
35	1100101011011001000111010100011111001001100110010000101110000111110110010101101110100101011000111000100110101101110000100011000000100010101010111111110011010001100110011010110011000110001110010001100000100011000110101111111000011111111	1152360.5999999999	513.5
36	1100000001011111011101011101011010001101111101011001110101100011001111011101010011000011100101101111010111011000000000010111101010110001010111100101111110101110010111011111111111010011100111001001100111011110100000101011111101001001011	1284647.2	590.1999999999999
37	1101001101001001100000100100110100100101010101101000110010001110001110111000111110111100111101010110100011001001100011111000100111110010100110010101000100000100001111111010110110101111110101000101100011010100001010101010111011001010100	1130807.5999999999	518.3999999999999
38	1100101101111000111111110011000010101011110001100110101100001011101101001110100010100111001110010001101001111100101110111000000110000101111001000111111111111001001100000100111111011011110110000100100010110100100011010100101101011101011	1209269.5999999996	551.1
39	1101001010010111001110000100010011000011000100110001100000101010000010100101101011001100011010100001110010111110111110010111111110011011011101111001100001010001101101000000110111011000111001011111010111011101010101011010101111010101001	1226948.9999999998	532.5000000000001
40	0010110001010000110010111000110100001000111101000011111100000010011111000000000110001010001000111010111110110110001101000010000110010101111001101101011101111100111010011001010100010111100010010100000001010111100001010110110010010001011	1009630.5999999997	470.0000000000002
41	1011000110100000000011001110010010011110110011111011111010001010011000100101000100000100011011111100101100001011111001100101101011010111001001011100101101101000101111000011111101110101011011101011101100100001110101000111101000001010001	1116313.9999999998	527.4000000000001
42	0001111110011010111001011011011011001000110000100111001011101000010111111001110000100010001101101100100110101010100011101000001101101000100111100000010011000100101011000101101000101011000100001011000101000101111001101100011001111111101	1128434.4	493.1000000000001
43	1011001100010000101111010101000000000101011111000000010111011111110111000010100000101011100110111110010010010101101000111101000001101010110010111111010011011110010010100111100011001011010011011001110011010001111111110111001110110111000	1274841.3999999997	546.2000000000002
44	0111101111010110100101110111110100010010010111111101101111001010000101100101100111010000011100011000100010001101010100100111111001101010010000111000011001110100011011001000101101000110111100000000000000010010011000011000110110110110111	1046887.1999999997	495.8
45	1110011110100100000100111110100111011110010100011011101100100111101010000110111110001000001001010100010000101100111110100000011011110100111110010110101001001100011111000001000101100110001010110010101011110010100001010001000011100010100	1011929.1999999996	498.60000000000014
46	0111111110010100111001110001110110110001101100000101010101000100000001001101100001011101011010111110000011101111000101100011111101000100010100000010010110010110111110000111011100001011001010110110110110011010001011001010101010101101100	1130343.2	514.9000000000001
47	0110100000011000111111001010111011100110100000110110001010000001100111010010000110010100011011100110001010001010010010101000100101001001111000110111110111100000100111001111111011000101011000001000000110111000111111010101001110001111001	1127564.4	491.6000000000002
48	0100001111011010011011001010000011010110110011110101000001010001000100110111010111111111111000101111010101110100001001110001100010101101000010010010100001000100001101100111010100101011010010110101000101101000111000101100010110100101111	1074804.1999999995	497.5999999999998
49	0000010101000011000100110011111111000000100001101100100011000101100110101100110010110000000110011011011000001001000011110010011000010101101101101000111000110011100011110101101010111101100100011010010110011011001110001100101011111010011	1148840.7999999993	485.10000000000014
50	1011101001101001110011001011111101110101011111001000001011111101000111000001111011010000111011110011110011101111010010011011000001111101101110100001111111111101010010001011001000111011010101000111010111101010101100010010000001011100101	1161560.3999999994	569.5
51	0010010010000101010100101100110011110111000000001101110001001101010111000000111110011101100001010001011000011101110100101110110111011011000100011101010001111110100001111111101100100110000110110011000011100010010011010111101010011111011	1201358.7999999996	518.5000000000002
52	1101100001010011001000111111110010100011101111001001000100110110011111111010111100000000000111110001011111000010100101110111111001000001001001100010011110101100000001001101110111010011001101001011000011011010111000000110000111100001111	1071809.4	504.90000000000003
53	1100011000110100101011000000000100000110000000110110010000100010101111100101111111101110101011100110110001110001001111011110110101110100010101111000010000000111001010001110111110010001000001111001100010011111101000001101010101111010001	1108982.5999999999	494.59999999999997
54	0110111110010100011000111111000001011010110110111100101010100001000001100101100111111100011011011011001001100000010111110100101001101010100101110010011000001111001001011000010001001100100110101000100100011100110101011000111010001110010	1060366.9999999998	500.6
55	0110111011111000011101101111011001110110110111110011101111110110010011110011110111000011111110100110001001000100000011100111010010101100100010010001000001101001010110111011010110100010011011101001001100101111110101100100010001011100100	1138171.1999999997	557.1999999999998
56	0101101011100010010011011010000011110001101110011110110100101111001101101111101010001101001011011100101001101100100001110000000100101011111101101110000000100110111110110101011100100111010110000111001001101001000100111110101011110001110	1184696.4	538.6
57	0111100111111100001010000111110100011010001100111100011100011101110000111101101110010111111000101100100010111001011101100001101010000011011000101000010010010110011111100100001000101101111101011000111100011101011010011010100010001101011	1117840.9999999995	528.8000000000001
58	1001111100111101101111010010011111111110111011101100010010110000001101111000100110011000110100001101010001000101000000101000110000010011110111111111001111000000010010101110001100110001000011010110000110111001001001011010100011000010001	1001137.5999999996	506.7000000000003
59	1000110110010110011001000000011000101001010111111111100011001010010010010010100101100011101011100110001001011010001111111101110100110011000101011100001000010010110100110110100010001100001001001110100100001111000001010001010000100000010	886484.2	462.30000000000007
60	1111010110001100111000110110111111111011011111000010001101110011011111010110101110110000010000001110100111100010111000111000110101001000011100101000110000111001000101000010111101101100001010111101110000110100000101100110011101111101101	1205493.2	542.6
61	1000010100110001111110010110111100101100010101101110101100100101001001000001001001101110000111110011011111000110001011011010111110010100100011001000101111000100110110001100000011011101110111111111110001011100011111101101110000100011110	1178739.5999999996	541.6000000000001
62	1111001011101100110011010000110011000110100100011001101100011111100000100111001001000001111011000011010010101110010101011001010101100110101000101001101101111100001011001011110101000010101010000011010011110110101001001011000000001101100	1004510.7999999999	491.79999999999995
63	0110100001001100010101010110100010011011011001011000011010011100111011101000000110001010101010100011101000000111111101010111111000100010100111111101000111100001000010000100101000101010101010011011011000100001000011000000101110000010001	937887.9999999998	461.6000000000002
64	0111000110111011111101101110100000010011011001000000101101111001000111001111111001101010001100001000111011001101100101111111010010100000011110101100101110001011010001010101100101100011010000100101111111001100100100110110111110111011100	1248319.7999999998	549.8999999999997
65	1100000111011001010000011101100011110000001011010111000000100111011100001101111100001110010110101110010110000010001111010101011011110000110111000010001110011111000101001111011001100001111100111101000011111110001011000010000001101110101	1121229.2	513.6999999999999
66	0000101000001111100001010100010110101111110001110110100110000111001011011101010101010111100100000100100001110111111111100100111010000110011110010101101001101101001100000010101000111011101100001111010110111111010100011011111011000000000	1121570.7999999996	529.5999999999999
67	0100011101100001010101000101010100111111010001011010001111011111010011001111110110101010100011110000111011111001010100110110000110010010110011111100001101110111000110101110011001001000010101111000111111111000011000001110111111000100000	1177837.1999999997	550.8
68	1110101010001100001010101110100110010101010000110111010101010111011100100000101100010011000100100000100111110100000110111010101000110011101001110000001111111000001001101101110101000110000111110000011101001110110011000010101010001101101	1069486.6	490.2000000000002
69	0011100011111000001000101110010011000011000001001010011001010100100111100001001011000000101011001100101100111001111010110110110000010100111001110010101111011010001110100010101101011010011001010101010001001101001010001100000110011000011	999876.7999999997	469.0
70	1001100010110010001101001000010100001000111100111111101101110111001100000101011001110011010101100011000010101000110010100101110111010001110111110100100111010101011100100001100010101010111001100010011010100111111100110000101001011000001	1082990.7999999998	509.9
71	0100110011010000101011110111110100100101111111111011100001111101010010110010101110100011100110111110111110100010100110101010000110100010101001101111011000001001011010010011011000011100010010101011101110101110001111011010010000110110111	1164885.9999999998	551.5000000000001
72	0100011100111101100101111101011011000110100111010011100000001100000001010111011110101010011011000000001001101010011011100101111011110101000100000000001010001111011011000100111000011111001000001111111001001000000110111110101011010000100	1048715.5999999999	496.29999999999995
73	1011100010110101011111000111010111111011011110011010101110010000100101001000011001100010110100101110100101110111101010100100000011011110101010001011010000100110001011101011101101101001101000101111001101110001001111001010110110000011101	1140881.5999999999	538.4000000000001
74	1011101101000101100100110111111110100110100110101101110100010100011111000001111001101010001010011110000011101110111111111000111011010000000010011010111001100101101101010110010110001010110100110001000000011000001110111101001110010111000	1155435.5999999996	538.4
75	1010000110010100011110010110101111001010001100100100011101111011100100010110001101101111001010011101000110000010000100011111011111111111000001001001111101101000101110010010111110100010110000110100001010100010010000100101001101111010101	1104953.9999999998	506.4000000000001
76	1101101101110000000100011101101100110110010011001011011001011101100010001110110100011000000100011111001011111110001101000110011000000111011100110110100111001010100000101000011000011000101110110100110111110110101110111010010101001100100	1112752.9999999995	519.8000000000001
77	1011101110011111110100101000001101010100011001000100110101111111001011100010010100111111110100110100011011010110001001101101101001010110010011111101010101011110100111010010101111111011000000010101101011011011001111011100100011010010011	1198972.5999999994	567.5999999999997
78	0110100000101001001101100101100001010001110010000100001011100001100010001100011110000011100111001010110011110011111110110101000100010110000101110010111011001010100000000000100110110110110011001010110001011101111110101101111011100100000	1108748.7999999996	488.80000000000007
79	0010010001001011000100110100000101100100101001010001000000111100000101001100110010110011010111011001111110011000111111000110111011011100010011000110001110110100010101010111010110010110101100001101100010000001001111110110011100000100111	1043457.7999999999	482.90000000000003
80	1101000110010001011011000101000010101001010010001010110100001100110010110011011101101100110001010010010111001111100100011101010111101001010100101010100100010001100000000111101111111111101000010001011111100110110011100100001000001101110	1063320.1999999995	493.1
81	0111011100010110001110101110011010111101010010100011111110001100100110110110000101111100011011111110100111110001010100000010110001010100101100110010110010001000001111011100011100010001111010000011110000100000111111111011111101000001000	1123094.7999999998	536.2
82	1011000110011110010011111001011011001101011110000001011011010100111110100101000111100111110000000100000001001000101010110100100110101010010101011111001110000100000010001001010110001110101010000110011000110010100111101011011100101111111	1139580.9999999998	502.1
83	1100100011100111111111001101010111010000011011111001011111010110010000001100100100010110100000010101100101001111010001010100110011011110100101000100001010110001011111101110011111100111111111010110010001000110001100001010101001011100000	1139258.1999999997	534.5999999999999
84	1111001011011001001111010101110011001111111100110111110101100001101111011110010010110011011010000001100011001011101110111000011100000110101000110010110100000000111001100011101101110100101001100101000000000010110000010111000001010111111	1055559.7999999998	517.0000000000001
85	0000010100100100100100001111000010111001000101000100110000100100010111001101001110011011111101001100001001100011001010010010110111101110111010111100101010010101111011001100111010001101001011011010011101101001010001110001000101001100011	1068472.7999999996	488.2000000000001
86	1110110100010000110110101101011101000101000001001010000110011111110101110010100111100111000001010101111010001000110001001010100101110110111101000000110011111100101100100101101101000101001000010101111101110010001111111000111000100101010	1117532.1999999995	516.4000000000002
87	1010110011011001001111110001101100011010100001000110011111011011100010000000100101011100001110110110111011100101110010101011011111110010001010101000000111100010000001001011110000101001101001001111111100101111111000110000000101010000100	1027533.3999999999	508.90000000000003
88	1010110101101101101111100011100000001001001100011111011001010010011100100100101011100100101000001111000000100111110100101011100110111001000101101101100110011100000011010111100101111100010011110011000111011101010000110010001110111011100	1183778.9999999998	524.4000000000002
89	1100110110011100110010000101011100100010111110010011101100001110101101101110011010001010010100011010000011110110001110001100011110110111110100010000111010111111100001110101011111010001011101011000011011000011001101000110110010000001001	1065470.3999999997	523.8000000000003
90	1100110010101001011000100010110010011011010100100001000110000110000011001000111110110011100011100011000100101000011010110011000000011101100001110110011110001101000101101011011110010100100001101110111100110110110101110111001000110000100	1045986.5999999996	483.50000000000006
91	1110100001011111001101010110001010000000010100111010111101011110011111010100110011111101001100011110001101010110001010111101110100001011100111101100110000000101110101001000001101101000011011100100000000001100111011101001010111011000101	1081718.9999999998	515.7999999999998
92	1111011110011111100001101101100110000110001000011011000010010010111000110100101101001001101111011100110000001111110110100101011001010100111100111010000011011101010000111111100110101010111110010101011000101010111111100100010110001111100	1218812.3999999997	553.7999999999998
93	1000001011100101100010011011000001110111011010100001011100101001001111101110001001000111110010000111001110010011100010010110111001110110111111000110001101101010010101101101111010111111000100000101111101000110000001011100101000001101111	1118399.7999999996	522.2
94	1001110000010110011111100010101001101010101110000001001101101101011111101011011110100110011101101011111000111000110011101001101111111111010101111010000001000011000101100000111001111001010101011110100110100110010111010111001001001111110	1230020.7999999998	567.8999999999999
95	0000010000011111101000011110000010010111110111000101101101011001110101010000111011011011011000101111010100100101100010010111000110010000101011111101110101100100001001010100000010011101101001110010100100100000001000001001001100111100100	1002026.1999999997	475.8
96	1001110110111111110111001101010010010111111011111101001001101111111001111000011001011100110011011010100100100000101001010111011011100100010001100110100011001100111001100011000101100100010101000011011010011101000110001100000011111110011	1164197.7999999993	549.3999999999999
97	1010111000101101101001101110110001101011101010000010110010000011001010110000101011111111111001101011001110000101000010000011110011111101011011000011010101001111110011100011010101010110101101110010111110000000110101110000110110001111010	1199093.1999999993	543.7
98	0110001011010101101101010001110010010111111011111100000110101111010101101011000000110110110101110001111001110111100100010010110111101110101111110111100000100010101101010000100011001000110011100010100010011111000111001000111010101110100	1171433.3999999997	551.9
99	0101001011110101111000110100111111101011111010001101010111001011001100101111101111101110101111100111011110111001100011101101101100010111111001101000110101011001000110110101010100000101010011111001101011110010000111101111110011001001000	1243810.7999999998	604.5000000000001
