SOLUCIONES FIN 

0	10001100011110011000000000000000000000000000000000000000000000000000000000000000000000000000000000000000000000000000000000001000000000100000000000000000000000000000000000000000000000000000000000000000000000000000000000000000000000000000	54903.0	48.5
1	00010011110100011010000000000000000000000000000000000000000000000000000000000000000000000000000000000000000000000000000000000000000000000000000000000000000000000000000000000000000000000000000000000000000000000000000000000000000000000000	41199.799999999996	40.9
2	11001011000111001000000000000000000000000000000000000000000000000000000000100000000000000000000000010000000000000000000000000000000000000000000000000000000000000000000000000000000000100000000000000000000000000000000000000000000000000000	65029.399999999994	53.0
3	10101110001010010101100001010000100101000111000111101001100111001100101101011000111000001110101110010001001010010101001100011001100011111001001101011010010100001001001110011000110101110001000101110101010000101000011101111001100101001101	1124359.6000000003	481.6
4	10111111001010110000010011111001000111110111011101101111001011110110000111100000101110101110011001111001101001101110110010101100000111101100110101110100101110010011111001000111010010111010111111001110101101110001110010011001100110101101	1362017.7999999996	589.4999999999998
5	11001000110001111000000000000000000000000000000000000000000000000000000000000000000000000000000000000000000000000000000000000000000000000000000000000000000000000000000000000000000000000000000000000000000000000000000000000000000000000000	38650.99999999999	39.50000000000001
6	11000000010101011101000000000000000000000000000000000000000000000000000000000000000000000000000000000000000000000000000000000000000000000000000000000000000000000000000000000000000000000000000000000000000000000000000000000000000000000000	41237.00000000001	40.3
7	11001011011111000000000001000000000100000000000000000000000000000000000000001110000000000000000000000010000000000001000000000000000100000100000000000000000010000000000000011000000000000000100010000000000000000000010000000100010000000100	246584.6	119.80000000000003
8	01000001011100101111110111110101001100110101111001101111110001000000111100010111111100011010000100001111011000110101011010001011100001000101100101101111100001011101011000111011110000010001011000001101000010110010110011000010001110011011	1175740.6000000006	519.8000000000001
9	00111100100101010101000000000000000000000000000000000000000000000001000000000000000100010100000000000000000000000000000000000000000000000000000000100000000000000000000000000000000000000000010000000000000000000000000000000000000000000000	97483.0	72.30000000000001
10	11011010101100010100000010000001010000000001000100000000000010000000000000000000000000100000000000000000000000000000000000000000000000000000000010000000000000010001000000000000000000000000000000000000000100000001001000000010001000000000	224191.6	111.10000000000001
11	10010101111101000000000000000000000000000000000000000000000000000000000000000000000000000000000000000000000000000000000000000000000000000000000000000000000000000000000000000000000000000000000000000000000000000000000000000000000000000000	38342.2	40.2
12	01001011110110100000000000000000000000000000000000000000000000000000000000000001000000000000000000000001000000000000000000000000000000000000000000000000001000000000000000000000000000000000000000000000000000000000000000000000000000000000	61301.8	52.8
13	11111011111000001010011001010000100000000111111110110110001011010101010000110010110111101101011011010100100011000111000010010010010110100010011010110101001100110010100100100000011111011001010010011001100100000110111010111100010011000101	1082434.2	489.1000000000001
14	01010101011011100000100000000000000000000000000000001000000000000000010000000000000000000000000100000000000100000000000000000000000000100000000000000000000000000000000010000000000000000000000000000000000000000000000000000000000000000000	94388.40000000001	72.10000000000001
15	01101100101110001111010111100000011010110011111100101000101010011101100001001001001111000101111101101010011010100101111001110110011011011111001011110010111111111111000100111110110101111010110011110111111110001010110000110110001000001011	1322149.5999999999	595.2999999999997
16	01111000111100011100101111010001011101101100110100110000101000000100011010111010110010011001111110001110111000110001001011111100100101101101101111001110011011101101011111010011000111001101000101100101110100010101111100110100111111010111	1366812.2000000004	570.0999999999997
17	01101000010101111011010010101110001111000001101000011000001000100001010100100000100100101100101101000101111000010010011100010001001001101110110000100101110111101110011110101110100101001011111110001000001110100011111000001001010010100011	1102270.8000000003	472.3
18	00100010111111011100001101001010111111101110110111010000101111011111010101100100101001000110100001110110001011101110100111001110110001000111101001010111001100001011011011110010010001000111001111111010011110100010111011101100001010111000	1298086.4000000001	569.7999999999997
19	10000010010001111010100000000000000000000000000000000000000000000000000000000000000000000000000000000000000000000000000000000000000000000000000000000000000000000000000000000000000000000000000000000000000000000000000000000000000000000000	41689.4	39.7
20	00001111110111000000000000000000000000000000000000000000000000000000000000000000000000000000000000000000000000000010000010000000000000000000000000000000000000010000000001000000000000000000000000000000000000000000000000000000000000000000	79090.0	58.6
21	11101010101011010000001001001010100011110010011001000111111100001100101011101001101101101111011101000011101010010100010100000000001010011000100100110111000000001101101000011000001011000001001111110011100110111010000110001101001111001000	1118298.0000000002	477.1
22	10000101110000100011010000000000000000000000000000000000000000000000000000000000000000000000000000000000000000000000000000000000000000000000000000000000000000000000000000000000000000000000000000000000000000000000000000000000000000000000	40276.0	39.2
23	10101000010000010101110000000000000000000000000000000000000000000000000000000000000000000000000000000000000000000000000000000000000000000000000000000000000000000000000000000000000000000000000000000000000000000000000000000000000000000000	41889.600000000006	40.10000000000001
24	00111011110011001010001011110001010001111011000101111000110000101111111110111010001111000111010111000010110110111011001111001000000111101110110101110100111110010011111001000110011010110111010001110000010010011101010101101011011101111111	1394618.4000000001	577.4999999999998
25	11011101001000111000000000000000000000000000000000001000000000000000000000000100100000000000000000000000000000000000000000000000000000000000000000000000000000000000000000000000000000000000000000000000000000000000000000100000000000000000	79332.0	61.80000000000001
26	11010101110001000011100101110111100011100111110110010010011011000000011111111011000100101111100101111010100010010100011111110110110101101011001101010001100101111110001110111001110100110001100110010000101011111101101011101101111010001001	1349783.4000000001	578.8999999999996
27	01001000001010000001011111110010111010101010110001011001001010111110001010100011110011101100110000010101110011111100100010111010010000000100011100001000100011000100001000101010100001010110110101100000011100000101011101100101000011011100	1059438.4000000004	460.1
28	10011110111010000100000000000000000000000000000000000000000000000000000000000000000000000000010000000000000010000000000000000001000000000000000000000000001000000010000000000000000000000000000000100000000000000000000000000000001000000000	134471.8	75.20000000000002
29	00110001011111001000000000000000000000000000000000000000000000000000000000000000000000000000000000000000000000000000000000000000000000000000000000000000000000000000000000000000000000000000000000000000000000000000000000000000000000000000	40787.4	41.2
30	10011101100110101000000000000000000001000000000000000000000000000000000000001000000000010000000000000000000010000000000000000000000000000000000000000000000000000000000000000000000001000000000000000000000000000000000000000000000000000000	84782.0	66.80000000000001
31	00101110011110111000011100000011111111010000101011111011100011100111111101011001000110011110001010100010001110100101110000000000000101110000101000100100110111010001111100010100111111110001010110101101000011011101111101101111101110101110	1347699.0	545.8999999999999
32	10101110111000101001010111111111100111100110101010010110001101110101010101011111010100111111100101010101100110101011000110000001010110101001111110001001101110001100101001001011101100101111101111010001100110011011001010011010011111001000	1334645.2000000004	581.3999999999995
33	10011100100111101010100010111001100001101100110000000000110011000111001000001111001001101010001110001001010001101010100001000011001101001110010010100100100111111010001011000000011110000100110101011101001001010111000100111110100000101011	1059247.6	457.1999999999999
34	10100000111110110011001010100011110011100010110001110010011011111111010000011101101110110101111110011110001000111101111011011111001101010111011101000011101101110101100001101111111010100110001000111111001001111010001110111111110011110100	1456471.0000000002	612.6999999999995
35	11110011110000011100111100000000001101111110111110001101110000011000000011000001010010111111000110011011001110010000011000000100111110010001000000101001010000100110110101110000000011100001010101101011100000111110010110001110100100001100	1042648.6000000001	464.39999999999986
36	10110101001000101010101001100111101111110011011111100110010111001111011011010110000110000111100100001111011000110101011010001011100001000101100101101111100101011101011000111011001111100111001011000000101100101101011001101001110101011001	1314843.0000000005	561.0999999999997
37	11011001010001101010000010010111001110111001010000111101001011101100001111111111110011011000011110100010110011110001110000111000011011101001110001011011001100010100111000011000000011100101110100101100001010100001110001001111110001110100	1195824.8000000005	521.0000000000001
38	11100110010011000010100101001000000101011100110111011000110110110101100110011011110100100111010010101000001001101111110110011110101011110101000101100000101100010010000010010000110001101111111101111010111110000011000100010011111101010000	1238594.8000000003	522.8999999999996
39	10111100011110001000000000000000000000000000000000000000000000000000000001000000000000000000000000000000000000000000000000000000000000000000000000000000000000000000000000000000000000000000000000000000000000000000000000000000000000000000	49594.8	49.20000000000001
40	10010101101111000000000000000000000000000000000000000000000000000000000000000000000000000000000000000000000000000000000000000000000000000000000000000000000000000000000000000000000000000000000000000000000000000000000000000000000000000000	38895.4	40.4
41	11101100110010001000010100100000000000000000000000000000100010000000000000000000000000000000000100000000000000001000000000000000000000000000000000000000000000000000000000000000000000000000000000000000000000100001001000000000000000000010	136532.4	83.4
42	00000110010110010110001101010001110101001011111000011001100011011110000000010101100111011111100100011010001011111001101000100010110101000101010110111000111010100100010001111000110110001000011011110010111001000101101010111111000001110111	1185224.4	503.79999999999984
43	11001111010011110101100110000110000111111000110001100110100010010111000111010110101111110110011110100101101101101100101000011011000011101011011000110101011111011001010000000100011110010111000011001010001111111110101100011010010111011110	1294905.4000000006	553.5999999999999
44	11001001110000011100111011100011111011101110010100010110000111011100000110000010011101110010111011101010110010001001011111001111001100001100101101100110100000110110100100101000010000010100111101011011100000111110010110001110110111010111	1246016.2000000007	526.1999999999999
45	11000000010100010100100011000111101000011011000011001111101000110101100000110001100000010101000110011011011101001011111111011101111010010100010100011000100111000101100100000101001010100001000010010101000000001100111110010111101101000000	1055416.0000000005	458.99999999999994
46	10111000001110010011110110101001110010010100000000101001101100111010000011000111111111101001011011010010111100011010111010110011000010011111100111111110101010111010101101100001110001101111010101110000110101110111111111111111101000110100	1394761.5999999999	582.8999999999995
47	10001010111001101000000000000000000000000000000000000000000000000000000000000000000000000000000000000000000000000000000000000000000000000010000000000000000000000000000000000001000000000000000100000000000000000000000000000000000000000000	76118.4	53.4
48	10111001100010101100000000000000000000000000000000000000000000000000000000000000000000000000000000000000000000000000000000000000000000000000000000000000000000000000000000000000000000000000000000000000000000000000000000000000000000000000	43156.8	44.40000000000001
49	01001111111000000000100000000000000000000000000000000000000000000000000000000000000000000000000000000000000100000000100000000000000000000000100000100000010000100000000000000000000000000000000000001000100000000000000000000000000000000000	120347.4	75.0
50	01101011011001110111011000101010100000101111110000000110101000000110010111111011010110110011000100010110000111111011011110101100111001000101101100111111100110011100111001101110010111001100000110000000011101010000110011111000100110011001	1207563.4000000004	534.8999999999999
51	11101100101000100000001000100000000000000000000000000000000000000000000000000000000000000000000000000000000010000000000000000000000000000000000000000000000000000000000000000000000000000000000000010000000000000000000001000000000000000000	77693.0	55.7
52	10101100001011001100001110000101000011111011000110101001001000100111011010111011001111000100111001101010011010100101111011110110001101010000111111100010000010011001100011000011010110011001101011110010111001000101101010011101100101101000	1229255.9999999998	523.6999999999999
53	11000110001000101001100000000100000000000000100000001000001000000000001000000000000000000000000000000110000000000001000000000000000000000000000000100010000000000000000000000000000000000000100010000000000000000000000000000000000100000000	178404.6	98.80000000000001
54	10010001011001011100000000000000000000000000000000000000000000000000000000000000000000000000000000000000000000000000000000000000000000000000001000000000000000100000000000000000000001000000000000000000010000001000000000000000000000000000	101879.40000000001	61.300000000000004
55	10100110011111100000000000000000000000000000100000000000000000000000000000010000000100000000000010000000000000000100000000000001000000000001000100000010000000000001000000000000000010100000000000000000001100000000000000001000000000001010	242480.2	114.5
56	00111010111100000000000000000000000000000000000000000000000000000000000000000000000000000000000000000000000000000000000100000000000000000000000000000000000000000000000000000000000000000000000000000000000000000000000000000000000000000000	41757.0	40.6
57	01111001011110010001111100011111001100100101011011001011110101100010011111111010001110100111100101111010100010010001011111010110010010111100111111110001100010101001011110110111101111111010100110001101100101110110000011101100100100011000	1308841.6	589.5999999999998
58	10011000010000010100100110000000000000000000000000000000000000000000000000000000000000000000000000000000000000000000000000000000000000000000000000000000000000000000000000000000000000000000000000000000000000000000000000000000000000000000	41883.6	39.699999999999996
59	11000010110110110011011011100011110011100010110001110110010100000101001000011101011000110100010100100011001100110100010111101000000100100100111000110011010000100000001110000110101010110011110011010101110000010000100110111110101101000000	1077838.5999999996	471.1000000000002
60	10100011100010011011010001110011010101101110010000100011100001000100011010001111101001000001100011111101101111110101001000011010000100111111001010000111110010011011010110011010111111111101010010011010011000000110111011111110100001010101	1227354.8000000003	527.9999999999999
61	00111100101100000111010011111101000110110010011010100000001101000111110111010111011000000000011110010011110100110110011010101000111000110110011010101001000110100001001110100111010011101010101111111011011011111100010000010011000111000100	1198473.8000000005	524.1
62	00001110111000111000001000110010111010001010110101010000010110111110000010000011110011101100110100010101110001100001000110000001010110101001111110000001101110001100101001001011101100110100101111010111001001000011000110011000101001000100	1052506.0	469.99999999999994
63	00011100100010010011110110100001110010010100000000001001100100111010000011000111101110101010101100110100011010001100100010010111011000111010101001110100110101001000010000000101001010000000010000000110000010111010100010100110000011110010	939987.6000000003	420.00000000000006
64	01100000101011000110000000110000000000000000000000000010000000000010000001000000000000000000000010000000000000000000101000000001000000000000000000000000000000000000000010000000001000000100000000000000100000000000000100000000000000000000	171665.6	98.70000000000003
65	10011100101101001000000000000000000000000000000000000000000000000000000000000000000000000000000000000000000000000000000000000000000000000000000000000000000000000000000000000000000000000000000000000000000000000000000000000000000000000000	38715.0	40.2
66	01000110101000110000010001000000000000000000000001000000000000000000000000000000000000010000000000000000000000000001000000000000000001000000000000000010000000000000000000000000000000010000000001000000000000000000000000100000000000000001	132376.4	75.2
67	11111000110101100010011110001001000111100110000100010000101010001101100010001001000100110000001010000010111111101011100001111010111111010111001000100011001100111010000101011001011010111011010111100010101001011110101100010010100000110011	1111867.6	487.5999999999999
68	11110110110101000000111110100101010011101110010110100111101101110001100110111010101101001001010111100110000000111010110010101011001001100110101001001010101101000111001100010101100001000010011100010001011010001101000010110000000100000011	982344.4000000003	490.20000000000016
69	11010101011100001001011101010111100111110011011111100001100110110111110001111001101011111101001111000000110011101101011000101000111011110111010110111011001011011010001111001111011011000110110001101110100110111111100100000101110000110011	1349545.0000000002	600.9999999999995
70	01000010000101110011110110100011000001101010000010111111111111100011100100000000001100001000001011011010000011110011011000101000111011110111111010011101001111110000111000100001110100000010111110000111101000010010001001011110001111010111	1164623.8000000005	491.5000000000001
71	01110101101100110000001000000000000000000000000000000000000000000000000000000000000000001010000000000000100000100000000000001100000000000000000000000000000001000000000000000000000000001000000000000000000000000000000000001000000000000000	135199.8	88.90000000000002
72	11001011010010010000011000000000000000000000000000000000000000000000000000000000000000000000000000000000000000000000000000000000000000000000000000000000000000000000000000000000000000000000000000000000000000000000000000000000000000000000	44643.4	44.60000000000001
73	11100101001101010000000010000100000000000100100000000000010000010000000000000100000100000000000000000110000000000000000000000000000000000010010001000000010000010000000000000010000000000000000010000000000000000000001000001000001000000000	248048.40000000002	128.9
74	00010100111111000000000000000000000000000000000000100000000000000000000000000000000000000000000000000000000000000000000000000000000000000000000000000000000000000000000000000000000000010000000000000000000000000000000000000000000000000000	55752.399999999994	45.099999999999994
75	11100110101001010001000010110000111110001101010110111111000100000110000100110100001010111000111010011000011110011000011111010010101110100110111100000110001101100101000000101101001011111100011101000110110101100000001001011011111110001010	1206279.4000000004	501.6000000000001
76	10100000110011010000001011001000000000010000000000000000000000000000000000000000000000100000000000000000000000000000000000010000000000100000000000000000000000000001000000000100000100000000000000000000000000000000000000000000000000000000	120515.20000000001	79.69999999999999
77	11000001000101101010100101110110111011001001010011011010100101011010001110111101111000110111101111110110001011100110110101011000001111100011010110000001101110110011111011100110101100000111111011001010101110011111100101111010011001100001	1331543.8000000003	577.5999999999998
78	10010001000101000011101000000000000000000000000000000000000000000000000000000000000000000000000000000000000000000000000000000000000000000000000000000000000000000000000000000000000000000000000000000000000000000000000000000000000000000000	42466.200000000004	40.10000000000001
79	11010011100010001100101110001001000101011001001001010111010101001100001001010110111011100100011111101000000011100011101110010110001000011111001011110010111101111100101000010010001111000010101010001111011000011100100010000111001110110100	1184998.8000000003	506.40000000000003
80	01011111100010010000000000000000000000000000000000000000000000000000000000000000010000000000000000010000000000000000000000000000000000000000000000000000000000000000000000000000000000000000000100000000000000000000011000000000000000001100	141038.4	66.10000000000001
81	11101010011111100000000000000000000000000000000000100000000000000000000000000000000000000000000001000100000000000000000000000000000000000000000000000100000000000000000000000000000000000000000000000100000000000000000100000000000000000000	104172.20000000001	73.4
82	01011000100110001110010110010100001010001011010100100010101011010111011011000100010010110011110101110010100011111100000011111010010000001100110001001110101010011000111111000101111000100000110010100001111110111111000010111111010110010111	1231275.0000000005	508.40000000000003
83	11010111101110000000001000100000000000000000000000000000000000000000000000100000000000000000000000000000000000000010100001000000000000000000000000000010000010001000000000100010001000000000000000010010000000000000000000000000000000000000	185746.4	108.00000000000001
84	11111000110101000010110001010011110011110111110101011100111000101101000001101110111111011101111010110011100101101010011101101010111111000110001010101010010010001100101011101111110000111100001000111111100111011011010100110001100000010011	1247562.4	574.8999999999996
85	10100011011011001101010110011010100010101101110011011011111010100101000011001110010111000100100100011011001111100110110101011000001111000111010100001011010000100010100110110101111111110100010110001110011001011000100111111110100001010101	1212049.8	533.9
86	11110011110010000001001101011110010110110000110101100011101111000010011001110101001100100011101100100001100010011001010010100010110010100100111000011010111000111000011101111101110100010011011000011101011000110111110001010011100100001100	1167172.8000000003	509.0000000000001
87	00011000001111011111111011111101000000010010000010001100111001110111001001000110110011111110100110000010011001101110110101110010101000101001011000010101010001101010010000000000001111110010010010100010000001011101110010000000101101101101	1078719.6	474.5
88	01011110000000100000001010100000000000000000000000000000000000000000000000000000000000000000000000000000000000000000000000000000000000000000000000000000000000000000000000000000000000000000000000000000000000000000000000000000000000000000	40792.8	39.7
89	01111001110010010000000000000010000000000000000000000000000000000000100000000000000010100000000000000010000000000000000000000000000000000000000000000000000000000000000000000000000000000000000000000000000000001000000000000000000001000001	129200.20000000001	71.60000000000001
90	01101110101110000000000000000000000000000000000000000100000000000000000000000000000000000000000000000000000000000000000000000000000000000000000000000000000000000000000000000000100000000000000001000000000000000100000000000000000000000000	88886.8	58.60000000000001
91	00011110110100010100000000000000000000000000000000000000000000000000000000000000000000000000000000000000000000000000000000000000000000000000000000000000000000000000000000000000000000000000000000000000000000000000000000000000000000000000	39885.0	40.8
92	00000011011110000010110110011011111110111011010000110000001101010010001100111101001001001110110110110011000110001001010011101001101011011101101000001100111001010100011001100010110001011000111101010011100111100010110000110000110101111011	1227864.6000000006	512.6999999999999
93	10001111111100000000000000000000000001010010000000001000000000000000010000000000000000000000000000000000000000000000000000000000000000000000000000000000000000010000000000000000100000001000000001000000000000010000001000000000001000000000	186909.0	92.60000000000001
94	11000011111010111000101010001100111011101110001001010101000011111001111000101010111001001110110101101101100000111000111110101010101101100111111110010010010001101010100111010101101011010001111011101110110101110111100111001000110100010011	1293597.2000000002	568.9999999999998
95	10011000011010100101000000000000000000000000000000000000000000000000000000000000000000000000000000000000000000000000000000000000000000000000000000000000000000000000000000000000000000000000000000000000000000000000000000000000000000000000	39333.200000000004	39.400000000000006
96	01111000111100111100101101010011011101101100110100110111100001101111111101111100011110110010111011111101011110111111111100001010101111001111101011000101011100100111010011111111111101011010110011000110010001010100011011110011111111010111	1524707.4000000004	650.2999999999995
97	01001011000110001010000000000000000000000000000000000000000000001000000000000000000000000000000000000000000000000000000000000000000000000000000000000000000000000000000000000000100000000000000000000000000000000000000000000000000000000000	56195.8	45.099999999999994
98	01111101000001001100000000000000000000000000000000100000110000000000011000100000100000000000000000000000010000000000000000000000000000000000000001000000000000000000000000000000000000000000000000000000000000000100100000000000000000000000	134503.4	89.60000000000002
99	01100111011010001110000000000000000000000000000000010000000000000000001000000010000000000000000000000000000000000010000000000000000000000000000000000000000000001000000000000000000000000000100001000000000000000000000000000000000000000000	118806.39999999998	81.7
