SOLUCIONES FIN 

0	101010011100000001000000010000000000000000001100000000000000100010000000000000000000000000000000000000000000000000000000000000000000000000000100000000000010000000010110000000001000000100000000110000001001000000100000000000000000001000	321944.0	109.2
1	101001110101101000111010110001010011110011110101111010001010100011111001111010100100111001011010011010110111100010010101001011010011111010010000001010001000011000001011101010111011100011001010111100001111001100011011110111101111110110	1709238.6000000003	551.4999999999999
2	011000100101010000110000011011010110111010110000011000111100110000100100101111001011000011101000101111010100100100000000011001100000111001100100001110110011100110100011110000010110011011010010111011011110100001101111100001011111111101	1616200.8000000007	497.29999999999995
3	011010000100000000000000000000000000000000000000000000000000000000000000000000000000000000000000000000000000000000000000000000000000000000000000000000000000000000000000000000000000010000000000000000000000000000000000000000000000000000	43576.200000000004	22.299999999999997
4	111100011000011101010001100001011011010111111101110001001111111010110100111011011111011110011010001111001110011011110101110011011111110011111001111100001011110111010100011101010100011110100100001010111011111011101010111000100110011101	1831298.6000000003	620.1999999999999
5	000111101000001010101111101000010101101110010001100111010101000011011110111011010010010011100111101111010000010000100110100100001001110011111000010010010100100001101101101000111000111101111010110110010011011000001010010110110100100011	1479350.6000000003	502.29999999999995
6	011010101010000010000000000000000000000000000000000000001000000000000000000000000000000000000000000000000000100000000000000000100000000001000000000000000000000000000000000000000000000000000000000000000000000000000000000000000010000000	129010.0	54.0
7	101001110100101001111000110010100110001110010001000111100110010000000010111111010100100101010100111100101011000101011001111000011011101101110011010101111101101010001100010001110011000111100111010010001110110110101011001010000011110010	1539576.6	519.5000000000002
8	010111011000110101000110010111000100110010011000000000010111001111100101101000100000111101010111000101001000001111100000110000011001111111101110101000000100001111000011110000111010010010001001101010100101100010000110010000111110011001	1409399.4000000001	466.69999999999993
9	011011101000000000000000000000000001000000000000000001000001001000000001000001000000100000000000000000010000000000010000000000000000000000000000000000000000000000000000000000000010000100000000000000000000000000000001000000000000010000	226172.0	86.0
10	110001110011111110101100101111100011010000010111001000000011101010000010010001100001001101101110110010010101101101100011000101111010011111110111001001101001011000011001101101110101011000001001110000011010010111001011011100111101011100	1621449.4000000004	532.4000000000001
11	111010100101110100011010001000111100110010011000001011111100110001100000101001100011110100001111000010111011001011011001000001010010101100101001000110011000010000110000000000101000110110100001011010100110001001010100111101110001110110	1371777.0000000005	457.5
12	000101000010000101011001000010010010101010010111011000010101000001001011010001001111000100000001011100100010011000100100111110000000110111111001110011101001100001110001011111111100101001101110011011100111010000010111111101110100011101	1539689.0000000005	482.00000000000017
13	000011000001110000000000000000000000000000000000000000000000000000000000000000000000000000000000000000000000000000000000000000000000000000000000000000000000000000000000000000000000000000000000000000000000000000000000000000000000000000	38360.8	23.0
14	000001010111000000000000000000000100000000000000000000000000000000000000100000000000000000000000000000000000000000000000000000000000000000000000000000000001000000000000000000000000000000000000000000000000000000000000000000000000000000	69755.4	35.9
15	011110110110010011000000000000100010100011011101110110000000001111011101011011010010111110000001000000001001001100101011100100000111101101000110011100111100000000111110001000010011010100000100000000011010110010010111100010110000111011	1317173.4000000004	439.4
16	011001010110000000000000000000000000000000000000000000000000000000000000000000000000000000000000000000000000000000000000000000000000000000000000100000000000000000000000000000000000000000000000000000000000000000000000000000000000000000	54813.399999999994	31.800000000000004
17	110111010000001000100101111101111100101111100011001100001011001101001011100000101101000000110110100111011101000100010010010011010010001111101100100111000001001011010000011010111010000111001100011110101000110101110100001111011011100110	1529097.6000000006	503.2000000000002
18	111001110111010111110101101001000010101000101110100100111010000111111100110111100011001011100100001100000110100110100110100111001000111011010011001000110010111111001111111001100010101011101101101010011010010100101000010010110100101100	1581104.0000000005	539.4
19	111110011000000000000000000000000000000010000000000000000000000000000000000000000000000000000000000001000001000000000001000000000000000000010000000000000000000000000000000000000000010000000000000000000000010000000000000001000000001000	189323.2	70.6
20	100100110010000000000000100000000000000000000010001000000000100000000000000000000000000000000001000000000000000000000010000000000110000000000000000000000000000001000000010000000000000010000000000010100000100000000000000001000000100000	267702.2	91.59999999999998
21	111100101101101000111111011000111001100110011101000110110110111010110000011100110111100000101101110101011100011101101010101101000100001101111111111100101111110101111101010111010110001000001001101110111011000000011110011000101011100010	1660673.2000000004	575.8
22	110010111000000000000000000100000000000000000000000000000000000000000000000000000000000000000000000000000000000000000000000000000000000000000010000000000000000000000000000000000000000000000000000000000000000000000000000000000000000000	60633.600000000006	36.2
23	101010110111011110010111101011001011000000110110001100011010100001110001111111000111001101010000000111010111100010101110111111101000110011010010010100111010110011100101001110010110000000001000011111011000001010111001001001110101111101	1601604.0000000002	531.4
24	101101101000000000001000000000000000000001000000000001000000000000000100000000000000000000000001000000000000000000000000100000000100000000000000000000000000000000000000000010000000010100000000000000000000000000000001000000000000000000	180254.0	76.3
25	101010001010101010110000000111111011000110010001010110111010011011010101110100110000101100101011011100001010110101011000000000011011001100010111101010011000100000001000111101101010010011100110001011100100101100100010111011100010100001	1383702.0000000007	477.40000000000015
26	101110100000001111111010010010101001110000111010001111101100101000110100110011100101000000001010001001011000101011100110000010110010001101101000101010100001100011110010110001011001100111110010001110001110111011101101001000011110110001	1497186.800000001	488.70000000000016
27	110001100101000000000000000000000000000000000000000000000000000000000010000000000000000000000000000000000000000010000000000000000000000000000000000000000000000000000000000000000000000000000000000000000000000000000000000100000000000000	82310.40000000001	40.49999999999999
28	101000110110000100000000000000000000000000000000000000000000000000000000000000000000000000000000000000000000000000000000000000000000000000000100000000100000000000000000010000000000000000000000000000000000000000100000000000000000000000	102483.2	47.400000000000006
29	110000010111100111101101010100111110111011110111001110110101110001101001000101110000110110111011010111000000011111111100000110101000011010100111110101010100111110001111001001001000100111111111110110010000001011100000010101001111101100	1682211.4000000004	568.1999999999998
30	111001010100000000000000000000000000000000000000000000000000000000000000000000000000000000000000000000000000000000000000000000000000000000000000000000000000000000000000000000000000000000000000000000000000000000000000000000000000000000	39380.200000000004	27.0
31	110001110001111110101100101111100011010000101010101111001000111001101000101100110111011011101000111010110111101100101001010101111111100000000111000011101100101011001001101101110101011000001001110000011010010111001011011100111101011100	1683845.5999999999	559.4999999999999
32	100110111000000000000000000000000000000000000100000000000000000000000000000000000000100000000000000000000000000000000000001000000000000000000000000000000000000000000000000000001001000000000000000000000100000000000000000000000000000000	123931.00000000001	54.3
33	111100101000011101010001100001011011010111110011100000010101010110001001010101110110001001110000001111001110011011110101110111011111110011111001111100001001010101111101010111000110001010101001101111111010111001101010111000100010011101	1686427.4000000004	565.5999999999999
34	010111101110111011110001101000011011010111111101110001001111100000110110111111011011011111011100000010101101011011011110010011001011111001110010000111011110010010101101101001111011011111110110010101111011011111010100100110010111110110	1903531.0	630.4999999999998
35	110101010000000000000000000000000000000000000000000000000000000010000010000000000000000000000000000000000000000000000000000000000000000000000000000000000000000000000000000000000000000000000000000000000000000000000000000000000000000000	53674.2	31.800000000000004
36	110100100001011011101101001000110000111000000011111100011111011111110011111110011101011000000101011110010011101111100011100100011010111010010001101010011111111110101010001011010101110101110001010100001000100111000111101010001011110000	1631072.4000000004	556.5999999999999
37	011100011010000000100000000000000000000000000000000000001000000000000000000000000000000000000000000000000000000000100000000000000000000000000000000000000000000000000000000000000000000000000100000000000000110000000001000000000000000000	145603.6	58.30000000000001
38	011000001000010000000000000000000000000001000000000000000000000000000000000000000000000000000000000000000000000000000000001000000000000000000000000000000000000000000000000000000000000000000000000000000010000000000000000000000000000000	67507.2	31.800000000000004
39	000000001110100011001110110000011000110100000111100110001011101001110000010001101011100110001111101010011101110010010111001111100101101101110101010000111010100101101011000101000110110010011011011101011010101100110001110000100111001100	1552913.0000000002	513.2
40	001100010011000000010000000000000000000000000000000000000000000001000000000000000010000000000000000100000000000000000000000000000000000000000000000000000000000000000000000000000000000000000110000000000000000000000000000000000000000000	110605.0	49.6
41	101001110101101000111010110001010011110011110101100001001111100000101100110101101011000010101101111101110000111100001001101000100111111100101000001100011110001100011001011101101101010111110000000110101111100100111011011010000111110110	1660084.4000000001	545.8999999999999
42	111101011000011111000000110011101011100101000101010001110110101111001000101101001011111010001110100111000000111101001000010111111100010101000011001111100110100101000111101111110111010101001111010001001010011000111101001111100010001101	1595014.4000000001	539.8999999999997
43	011101000011000000000000000000000000000000000000000000000000000000000000000000000000000000000000000000000000000000000000000000000000000000000000000000000000000000000000000000000000000010000000000000100000000000000000000000000010000000	113600.40000000001	40.99999999999999
44	110010000011000000000000000000000000000000000000000000000000001000000000000000000100000000000000000000000000000000000000010000000000000000000010000100000000000000100000100010000000000000000000011000000000000000000000000100000000000000	190125.6	70.8
45	101010100110101011001011000101000100001101000011011101110001111000010101001111000001100011100111110000011110000100001110100101000000011110111010111110010100110101101001101000000111001010010011101110101101110100110100100101001101101010	1511003.0000000002	501.50000000000006
46	011001000110000000000000000000000000000000000000000000000000000000000000000000000000000000000000000000000000000000000000000000000000000000000000000000000000000000000000000000000000000000000000000000000000000000000000000000000000000000	35303.6	22.700000000000003
47	010110100011010111111100101010111100000100100100011101111001011011010111110100100011011110101101010101110111001010100000101100111100010110111010011011011110010001011110001111001110100010111111100010011011010111110000100000100011111011	1678332.8000000003	561.8999999999999
48	001010100110000000000000000000000000000000000000000000000000000000000000000000000000000000000000000000000000000000000000000000000000000000000000000000000000000000000000000000000000000000000000000000000000000000000000000000000000000000	36299.399999999994	22.700000000000003
49	110100101000000000000000000000000000000000000000000000000000000000000000000000000000000000000000000000000000000000000000000000000000000000000000000000000000000000000000000000000000000000000000000000000000000000000000000000000000000000	32996.200000000004	22.8
50	110111100001011110100110101000100001011100010101010001000111010111110001010100100000100111101001110010011101101010000100010010100010000100011101111011110011100101011101110011010000001010110000000110101111100100111011101011011101010010	1508639.0000000002	501.2000000000002
51	001110011000000000000000000000000000000000000000000000000000000000000000000000000000000000000000000000000000000000000000000000000000000000000000000000000000000000000000000000000000000000000000000000000000000000000000000000000000000000	35778.0	22.8
52	110010001101000000000000000000000000000000000000000000000000000000000000000000000000000000000000000000000000000000000000000000000000000000000000000000000000000000000000000000000000000000000000000000000000000000000000000000000000000000	40901.2	27.2
53	101011110000000000000000000000000000000000000000000000000000000000000000000000000000001000000000000000000000000000000000000000000000000000000000000000000000000000000000000000000000000000000000000000000000000000000000000000000000000000	50739.2	31.499999999999996
54	110001011000111010101001101100000110010100011001010010000111110001010011101111011100110001000011000001101000101011110000100110011100001000111101000111101001011111011110011000001110000001111101110110000000010111010000010111001001000101	1406455.4000000001	482.1000000000002
55	101101100000000000000000000000000000000000000000000100011000010000000000000000000000000010000000000000000000000000000000000000000000000000000000000000000000000000000000000000000000000000000000000000000000000000000000000000000010000000	118642.6	49.699999999999996
56	111110010000000000000000000000000000000000000000000000000000000000000000000000000000000000000000000000000000000000000000000000000000000000000000000000000000000000000000000000000000000000000000000000000000000000000000000000000000000000	38675.8	26.9
57	111001011000100000000000000000000001010000000000000000000001001000000000000001000000000001000000000000010000000000010000000000000001000010000000000000000010000000000000000001000000001000000000000000000000000000000000000000000000000000	196498.2	89.69999999999999
58	010100100110010110010111011010111000110011010101001100000011110100100010011111110000100010110001011000110101000010011011010100110011011010111100010011011100010001010011101001011101110000100110001111101001101011111001000001100100110010	1466520.6000000006	499.20000000000005
59	110011001111111011111111000111010110110111011000000100011101110100001101001111111001011011101001111001010000010100111111111111110010100011011111110011110101111001101100111110010101101000101110011100010011100100011000111110011011101110	1822650.0000000005	614.5
60	010101001110010000100110111111000111000110000111101101110000111111101010100001100111101010011110001101010100001001010000100010010101100011001001001100000110110100111101010110111100110010001011011101000111101110110110001110011000011100	1570166.8000000003	520.1
61	001100110001011110011101111001011010000001101111011000010011000011101111011111101111001011100101101111011101110001100101011001000001100100111110011111010101011001101011011011011101111101101101011001000100001111100001111110000011011111	1754812.0	582.8
62	001011101010100111011010000111101101000011000110001101000011110100101010100000101010101111010101110110100111100101000101110100110001010100100110101111111100101010111011111100111111001011110110110011010001010010110101101010010101000101	1638984.4000000001	550.6999999999999
63	100111101000000000000010000000000000000000000000000100000000000000000000000000000000000000000001000000000000000000000000000000000000000000000000000000000000000000000000000000000000000000000000000000000000000000000000000000000000000000	70757.2	41.199999999999996
64	110110101000000000000000000000000000000000000000000000000000000000000000000000000000000000000000000000000000000000000000000000000000000000000000000000000000000000000000000000000000000000000000000000000000000000000000000000000000000000	40098.200000000004	27.299999999999997
65	000001111010000000000000000000000000000000000000000000000000000000000000000000000000000000000000000000000000000000000000000000000000000000000000000000000000000000000000000000000000000000000000000000000000000000000000000000000000000000	38129.799999999996	23.299999999999997
66	100000001010101000000000000000000000000000000000000000000000000000000000000000000000000000000000000000000000000000000000000000000000000000000000000000000000000000000000000000000000000000000000000000000000000000000000000000000000000000	36247.0	22.9
67	010100010110000000000000000000000000000000000000000000000000000000000000000000000000000000000000000000000000000000000000000000000000000000000000000000000000000000000000000000000000000000000000000000000000000000000000000000000000000000	36022.0	22.799999999999997
68	001010100011000000000000000000000000000001000000000000000001000000000000000000000000000000000000000000000000000000000000000000000000000000000000000000000000000000000000000000000000000000000000000101000000000000000000000001000000001010	154712.6	48.199999999999996
69	001001000010011011111011010101000011110110000101000100000110011101010110100100101011100001100010011011100101100011001101111010110000111111001100101011010111001011000010001001001100011001111000000110110111100100010001011011101011101000	1497081.5999999999	499.0000000000002
70	000100010110000110010110110001001100001101011101111010001010000011111001111011010011010111000010110011101010101111011000010011101000100000110101001101001011111010010101000101111011100011001010111100101111011101011011011111101101000001	1611739.6000000006	531.8000000000002
71	010111011000000000000000000000000000000000000000000000000000000000000000000000000000000000000000000000001000000000000000000000000000000000000000000000000000000000000000000000000000100000000000000100000000000000000000000000000001000000	116747.0	43.699999999999996
72	011000111110100110001001011011001001110110111111110001010011010001000110111111001000011011001010000101100010000101010000000100111001100101101110100000000010100000110001111110010101010001000111110011010000010100011110011010111101100110	1481281.0000000005	486.90000000000015
73	100100011000000101111010011001011101110110010011110111101011000001110110100101100110110010101010110100110110100111000100111100010101110011000111001110110001001011010110110000100110001111110100000001100110010101110000011011110000110001	1493563.6	516.4000000000001
74	011111000100000000010010000000000000000000000000000000000000000001000100000000000000000000000000000000000000000000000000000000000000000100000000000100000000000100010000000000000000000000000000000000000000000000000000000000000000000000	132434.2	62.80000000000001
75	111100111000011110000010100000100101010001000011100000100010000010110010000001011101011010001001111111011001110101101010011011100011110000011100011111001010010010000001101100101100111010011000000110000110000010010001000100111000100001	1250731.0	438.4
76	010000110101000000000000000000000000000000000000000000000000000000000000000000000000000000000000000000000000000000000000000000000000000000000000000000000000000000000000000000000000000000000000000000000000000000000000000000000000000000	36670.8	22.999999999999996
77	001101001000010000101011101011100001010010001011111101010111001110000001111111001011000101101100001010100101011010001000000011110000000001000010111010011100110101111000111011111001010011001101010001000000101100001110110010001000101010	1360844.6000000006	463.40000000000026
78	000101110100000000000000000000000000000000000000010000000000000000000000000000000000000000000000000000000000000000000000000000000000000000000000000000000010000100000000000000000000000000000000000000000000000000000000000000000000000000	72758.2	35.7
79	101111001110001111001000101001110110001001101110001110100011011010001001110110100100111110010110101010000111001111001101001110001111110010111101111011110011100101011111001110001000110000111100100100011011001011111101110011000011011010	1652381.2000000002	562.8999999999997
80	110110101110011011110101010011001100101010000000101011010111111000010110011100010101110001100101011100000110011101111110010001111100111111101100100011110001101110011010100111101011100001111101110001101111010011100101110101001100101100	1706215.200000001	574.5999999999999
81	111101111100110101000110001110111001011011111011101011000001111001001010110101100110101110101000101110111001011101010011001000001111001011110010011000001110010111101111001101111101101000011111001011111100101011100011011000111010000110	1697974.4000000004	581.4000000000002
82	011101010100000000000000000000100000000000000000000000000010000000000000000000000000000000000000000000000000000010100000000000000000000000000000000000000010000000000000000000001000000000001000000000000000010000000000000000000010111000	289316.20000000007	79.1
83	010101000100010100000110111010101110100110001000111011000000101101101101101111011100000100001000011010011011001111000011000000101101101001011110010010110100011001001010111001000101110110010110101101001000101000100100011010111101000111	1446317.200000001	475.6999999999999
84	010100010110100001000000000001000000000000001000000000000000001000100000000000010000000000000010000000000000000000000000000000000000010000100001000010000000000000000000000000000000000000100000000000000000000000000000100000000000001000	230893.8	89.60000000000001
85	100000000000000011100000000000000000000000000000000000000100000000000000000000000000000000000000000000000000000000000000000000000000000000000000000000000000000000000000000000000000000000000000000000000000000000000000000000000000000000	39175.4	22.4
86	001101110000010100110100000110011101010011001010111100000010111111010101111011011101100111001011001000010000011010110100010100100001101010101101001010101010000110111110001010111000000110100010001110010011010001100000010100100010000011	1296161.2000000002	461.70000000000016
87	001010011001101000110111000110101010100010011100110010001101101001100110001100101000101100110110110111111010100110011011100101101100010101100011001111100100100101000111101111110011010010100111111101101011011000001111101101000100000000	1517703.2000000002	531.3
88	000110110000000000000000000000000000000000000000000000000000000000000000000000000000000000000000000000000000000000000000000000000000000000001000000000000000000000000000000000000000000000000000000000000000000000000000000000000000000000	40286.8	22.599999999999998
89	011010001101110010100000110000101000110001111011001010101100001010011010100001101001000001010001011011110011000001000010001001001110101111101000111000100001100001001011010111000110001110011011101100100100011000010101011011010000101001	1326014.2000000002	448.3000000000002
90	011110001011100000000000000000000000000000000000000001000100010000000100000000001000000000000000000000001000000000000000000110000101000100000000000000000000000000100000000000000000000000000000000000000100000000001000001000000000000000	245651.0	102.3
91	011100111000000000000000000000000000000000000000000000000000000000000000000000000100000000000000000000000000000000000000000000000000000000000000000000000000000000000000000100000000000010000000000000000000000000000000000000000000000000	86155.0	40.9
92	001101010000010000000000000000000000000000000000000000000000000000000000000000000000000000000000000000000000000000000000000000000000000000000000000000000000000000000000000000000000000000000000000000000000000000000000000000000000000000	36260.8	22.799999999999997
93	110101101000111101101000000101100101111010100110001010110110010100000010110011010001100010001100110010111100011101101000101101100110010010010011001110100001010110100011010100010000011001001001000111110001011000010101010000110111001100	1410253.0000000002	474.80000000000024
94	000111111010111010000010110101110001101010101111000100110111110011110010000111100100000001110001100000110111111011001000110010110111010011110111110001000101011011000111110011111111101001001101001110000101010011011010111011100101001100	1641923.2	553.5000000000001
95	011010100010010110110100110000000001011110000110011000110000001110001101110110010010001100100000001110111100100100111010100011101111010000100100000110101111110110110000111001000001100001011110010110110111000001010000011101000111110101	1453257.4000000004	470.00000000000006
96	111101100000100101111011011111110000010110101011100101010010000101111111111011111011001101001010110011111110111011100001111111111110100101101010011111001101110010101101001111000111111110101111111010001101110110001011010110001111101101	1937952.0	642.0
97	001101101000000000000000000000000000000000000000000100000000000000000000010000000001000100000000000000000000000000000000000000000000000000000000000000000000000000010000000000000000000000000000000000000000010000000000000000000000000000	112249.4	50.00000000000001
98	001101100011100000000000000000000000000000000000000000000000000000000000000000000000001100000000000000000000000000000000000000000000000000000000000000000001000010000000000100000000000000000000010000000000000000000000000000000000000000	134777.8	58.699999999999996
99	000001001011100000000000000000000000000001000000000001000000000000100000000000000000000000000000000000000000000001010000000000000000000010000000000010000000000000000000000000000001000000000000000000000000000001000000000100000100010000	238592.0	76.2
SOLUCIONES FIN 

0	111001011101011100100001110100001101010111000010011000000000010010101010100100111000100010000110111010101101011101000001011110010110100100011001110111011000001001010111111000010000011111011001001100000111110001001110001100110110101001	1473030.2000000002	481.5000000000001
1	111000001110000000000000000000000000000000000000000000000000000000000000000000000000000000000000000000000000000000000000000000000000000000000000000000000000000000000000000000000000000000000000000000000000000000000000000000000000000000	39976.6	27.0
2	101110110000100111010111101100110000001001110000111101010000101101101111111111100001110001101111001100000101001011100111011011001100001100001011110001011011110111101101101010001011000000011101111011110100010100110101111111101101011000	1721683.0000000005	564.6999999999998
3	001110000111010100011011100000100011100111001001000011000001010010001000101100100100010010001010001011010110011111001011101011011001001001110011000010111000101001111100101010101101001100100001011110111011101001111000100110100110110001	1484779.2000000004	479.8000000000002
4	111101100111011100111111011010011100001001010100011111010011010100000010100110010100011011101011101110101011001011000000010011101001111101001100011101101011111001010011010101111010111110001110100011111110010101111011011001101000001000	1656966.2000000004	568.0999999999999
5	100101110110101110110111001011110111011110010100010010010111001000000000100011001001100111101010000101010001000000111001101111100110100100001111011110000010111011010100111000100100001110110010010011001011010100000100111101011111110110	1579266.6000000006	511.90000000000015
6	111110100000000000000000000000000000000000000000000000000000000000000000000000000000000000000000000000000000000000000000000000000000000000000000000000000000000000000000000000000000000000000000000000000000000000000000000000000000000000	38747.0	27.0
7	001001011011100110110111101010101011000100010100101110111101010010011100100100101101000111001011110000011110101110010010111111101111010010101010101101101101011110100011110010111101001010111111001011011001000011101100100101001000000010	1549655.6000000003	547.3
8	110001001100000100000101011101011111001000000000000101011110110010001101000101000111101010110110000110110100000001101001111110100000100010001010000011011100111100011101001100000010010010011111011000010101111001010110110011110111100100	1473077.0000000002	467.1000000000001
9	001010001001001000000000000000000000000000001000000000000000000000000000000000000000000000000000000000000000000000000000000000000000000000010000000000000000000000000000000000000000000000000000000000000010000000000000000000000000000000	74616.0	35.5
10	110010111011110000011010100010111000011110001010010111011111001011011000011100110111011000110111010001111010010110110001100101010001100010000110110110100110000111100101100000111110110001010001011000100100000111011110111110011101001111	1588715.8000000007	524.2
11	001111000100000000000000000000000000000000000000000000000000000000000000000000000000000000000000000000000000000000000000000000000000000000000000000000000000000000000000000000000000000000000000000000000000000000000000000000000000000000	35478.200000000004	22.7
12	001011110000000000000000000000000000000000000000000000000000000000000000000000000000000000000000000000000000000000000000000000000000000000000000000000000000000000000000000000000000000000000000000000000000000000000000000000000000000000	36016.4	22.9
13	001101001001101011000011010111111011000110000111100111100001011000110010101110111011010101111110011111110111010010111011101101011010111100010101001010011001110111100110101110110100111111111001101010011101001111001110101011010101010000	1787095.9999999998	601.6
14	100110111011000011111111011101100011100100111101110111011100100101010011100100101101100111001011110000011110101110010010111001001010110111010111010101111100100111111101001100101111101011010010000101101101011001101000100011000110010101	1655818.6	574.9
15	000010010111000000000000010000000000000000000000000000000000000000000000000000010000000000000000000000000000000000000000000000000000000000000000000000000000000000000000000000000000000000000000000000000000000000000000000000000000000000	56918.799999999996	31.799999999999997
16	100101111000000000000000000000000000000000000000000000000000000000000000000000000000000000000000000000000000000000000000000000000000000000000000000000000000000000000000000000000000000000000000000000000000000000000000000000000000000000	41820.0	27.599999999999998
17	111000110000101010100111000001111001100111011000001010111001010010110111101100100000101111101010010001100110011101010100011011100001101011111000111000010110110000110000000111010100000000001001000001001001100101001010101101001111100111	1406995.4000000008	469.1
18	011111100000000000000011001000000100010010000000000000001000000000000000000001000000000000000100000000000000000000000000000000000000000000000001000000000000000000000001000000000000000000000000000000000001000000000000000000000000000100	186210.40000000002	82.20000000000002
19	011110011010101001011111011010010000110101111011010100100101001110000000011110110000011000101000010010100010111001111101011010101000111110001010000110001111011110010101100111101001000000110001010110010001100001111101100111100001010100	1451339.0000000005	496.8
20	111101010000000000000000000000000000000000000000000000000000000000000000000000000000000000000000000000000000000000000000000000000000000000000000000000000000000000000000000000000000000000000000000000000000000000000000000000000000000000	39074.4	27.1
21	100110011001100101011011010111000000010011100001001101000010101000100001100010111111000000001010010110001000100000001110000110111111011010000100001001000010111011111111010010001111101000000010000101101101011001100001011101011000010101	1352492.0000000002	448.20000000000005
22	111001000111111100111101011000011110110010001001010100010010101111101111011100101101110011110111010001110010100110110010100101100011100000000101111111101110011111010101011100110011010110011011010011100010101011010010110010010001110010	1634989.4000000008	561.4000000000002
23	010101100010110111010111101101100011010010101101001110010010101001000100100110000001111101010011110110101101100110011111111010110010011011100010010101010110101111000101100101011010111100100111000001001100011101001010100111111010101101	1660889.6000000003	546.7
24	101110010000000000000000000000000000000000000010000000000001000000000000000000000001010100000000000000000000000000000000000000000000000100000010000000000000000000000000000000000100000000000000000000000000000000000000000000000000000000	125180.19999999998	58.5
25	010000000100101000001000001100011001110000111001010110001001001011011100001100011001000111101001000000110111100111101000111110000000101000000101011000010011110001010011011110110001110101100100010110110011111100010000001111111010111000	1497481.0000000005	463.2999999999999
26	001101011111111011000111100101001010110011110010001110011110111100111110011010011111101010101011110010011110101111100111100111011111010110111000100001111111100111111110100000101101001101110001010110101001001010110101111001011001000101	1740570.2000000002	605.9000000000001
27	100100100101111000001000010001000000000000000000000000001000000010000000010000000000100000000000000000000000101000000000000000000000000000000000000001100010000000000001110001000100000000000001100000000000000000000000000000000000000000	300382.39999999997	120.60000000000001
28	011111100001000000010000000000000000000000000000000000000000000000000000000000000000000000000000000000000000000000000000000000000000000000000000000000000000000000000000000000000000000000000000000000000000000100000000000000010000000000	110352.4	45.4
29	111000100110000000000000000000000000000000000000000000000000000000000000000000000000000000000000000000000000000000000000000000000000000000000000000000100000000000000000000000000000000000000000000000000000010000000000000000000000000000	69118.4	35.1
30	010001001100000100000000000000000000000000000000000000000000000000000000000000000000000000000000000000000000000000000000000000000000000000000000000000000000000000000000000000000000000000000000000000000000000000000000000000000000000000	36797.6	22.9
31	010010010000101011011010110010110111101111010011111011011100001101101101110001100000110001100011110101110011010111100100100100111001010100001011000101101011110011110001100001001111111000010010101101011111001101010010001111011110011110	1684185.2000000002	547.3000000000001
32	101101001100000000000000000000000000000000000000000000000110000000010000000000000000000000000000000010000000000000000000000000000000010000000000000000000000000000000000000000000000000000000000000000000000000000000010000000000000000100	123720.80000000002	53.699999999999996
33	010101110000000000010000000000000000000010000010000000001100010000000000001000000000000000000000000000000000000000000010000001000000000000000000000001000000001000000000000001000000000011010000000000000000000000000000000110100000000000	287393.0	102.09999999999998
34	010010110110000000100000000000000000000100000000000000000000000000100000010000000010000100000000000000000000001000000000000000000000000000000010001000010000000000000010000000000001000000000000010000000000000000010000000000001000000000	247857.20000000004	92.9
35	101111000000000000000000000000000000000000000000000000000000000010000000000000000000000100000000000000000000000000000000000000000000001000000000000000000000000000000000000000000000000000000000000000000000000000000000000000000000000000	64259.200000000004	35.599999999999994
36	100101111100000010111000111101000001101010101110000010010001101000100000011101010000100111110110010010111100101010001110011010110110100010101100100011101000011000100000100000111111011101110000010010000110001100101110101011111100001001	1423653.8000000003	470.7000000000001
37	001110100100000000000000000000000000000000000000000000000000000000000000000000000000000000000000000000000000000000000000000000000000000000000000000000000000000000000000000000000000000000000000000000000000000000000000000000000000000000	35535.8	22.7
38	100000111000001000000000000000000000000000000000000000000000000000000000000000000000000000000000000000000000000000000000000000000000000000000000000000000000000000000000000000000000000000000000000000000000000000000000000000000000000000	35529.2	23.0
39	010111011001110110011010011011010001110011011000011110000100000001101101001011111010100100000011111011111001111010101001101000111001100101001000100111101110111101110110101011011011100100011110000111100011111100011001000111100110110010	1671908.4000000006	554.2999999999998
40	000111010010010011011101110011011010100110001011010101010111010001101001111011101111101000100001000010100010001111000001111010011000110101001101010000110100100001010010110100010110111110101110000110100110100011111101110111011111111111	1733612.8000000007	535.8
41	011110110000000000000000000000000000000000000000000000000000000000000000000000010000010000000000000000000000000000000000000000000000000000000000010000000100000000000000000000000000000000000000000000000000000000000100000000000010000000	141050.59999999998	53.0
42	100000100110100011001100000010111001011100100101110001100000100010001000111110110010000110001100011011110011000110110011001011000001011110000011010101101100000100101010000110011110111000011011111001010100010011101110100010001000110010	1373988.0000000002	460.7000000000001
43	011110101111001101101101100100101111101001110110001100010101011110011101011001000110111000111000111100111110101110010010111111101111010010101010101101101101011111111011111010111100110110001011101010011011011110111110011010101011001010	1869642.2000000002	626.8
44	001110111101000000110101100011001011111110100010010111110111100101101111011011010000111011110110110010100111110001100111100110000000001111111110011111000011111011001001101111111011011000110011001101100010111100011110111000011100110101	1758474.2000000004	587.1
45	011011110000000000001000000000000000000000000000000000100000000000000001000000000000000000000000000000000000000000000000000000000000000000000000100000000000100000001000000000000000000000000000000000000000000000000000000000000000000100	124187.40000000001	54.199999999999996
46	000001000100010011011001001010000000000000101111111001001010101000111010001001011100100010000101010101101000010101100000010000101010000000111111001000011100111110101001000110110010100110101100100001110101101010001001101011011011100000	1367272.0000000007	432.90000000000003
47	001110101101001101100100100100101100101001010011110001101101000010010100111001110000010010000010011010010110101000001111100101001101101011011111011011001101111110011110000000010001000110000100101110111001011011000111100100001001010111	1434381.4000000008	483.00000000000006
48	000000110011100000000000000000000000000001000000000000000000000000000000000000000000000000000000010000000000000000000000000000000000000000000000000000000000000001000000000000000000000000000000000010000000000000000000000000000010000000	127087.6	45.60000000000001
49	100000110110111000001101100111011110001101100011100010010000010110010101001000001101010110010000111001010010011101111111010001100101011111011111111000101010001010010000100100010001111110000001000000110101000010110001111110010000001111	1356705.6000000008	471.09999999999997
50	001100010100100000000000000000000000000000000000000000000000000000000000000000000000000000000000000000000000000000000000000000000000000000000000000000000000000000000000000000000000000000000000000000000000000000000000000000000000000000	36261.4	22.700000000000003
51	001100100100000000000000000000000000000000000000000000000000000000000000000000000000000000000000000000000000000000000000000000000000000000000000000000000000000000000000000000000000000000000000000000000000000000000000000000000000000000	28433.800000000003	18.2
52	010010000001110000000000000000000000000000000000000000000000000000000000000000000000000000000000000000000000000000000000000000000000000000000000000000000000000000000000000000000000000000000000000000000000000000000000000000000000000000	37024.0	22.799999999999997
53	111110100000000000000000000000000000000000000000000000000000000000000000000000000000000000000000000000000000000000000000000000000000000000000000000000000000000000000000000000000000000000000000000000000000000000000000000000000000000000	38747.0	27.0
54	000101100100100000000000010000000000000000000000000000000000000000000000000000000000000000000000000000000000000000000000000000000000000000000000000000000000000000000000000001000000010000000000000000000000000000000000000000000000000000	76846.6	35.9
55	110101111000000000000000000000010000000000000000000000000010000000000000000000000000000000000000000000000010000000000000000000000000000000000100100000000010000000000000000000000000000000000000000000000010000000000000000001000000000000	160301.2	68.0
56	011111110111100100110001100000011011001110000110011100101001010100010100000100001110001110001100111110110011001011001000001010111011010011001010101001000001010110100000111011001111011000010010000110101100000010111100001010001011111100	1433149.4000000004	475.00000000000017
57	111111011011100100110100011111010101110110001100100101011101101111110000110001001100000110111001000011000011000100111111111000101000101011001001101101111101111010010110000111111100101001111111110010010000011001010111111001110000111010	1684198.4000000001	564.0999999999999
58	110100000111010001001001011010101101111010000111110000111110010110110100110100111010010001001001110101110000111110010101101111010111110110101101000101110100100111010100011000001011100111111111100110110110100101110011110101101110010110	1721403.6000000003	565.0999999999997
59	111101100000000000000000000000000000000000000100000000000000000000000000000000000000000100001000000000000000000000000000000000000000000000000000000000000000100000000001010000000000000100000000000000000000000000000000000000000000000000	135798.59999999998	59.2
60	011010010001000100101100101000000000000110100111000011110101101111110010110011010010110110101101111010001010111101000010100010000100001010001110101010101010001110110111100111101000011001111010100110110100110001010111000100111010000100	1456599.6000000006	484.7000000000001
61	111010110000000000000100000000000000000000000000000000001000000011000001000000010100001100001000110000000010000000000000000000000000000000000000000000100000000000000000111000000001001000010000000000000000000000011000100110010000000010	412809.9999999999	138.0
62	011101000011110000110101011001110110110000001001010000101111110000011100011100111100111101001010001000110010111110010001101101111110110100010100011010100010000000110100100100100011011010010001011001110100110000010101000010110001011111	1422762.8000000005	478.3000000000002
63	000111110000000000000000000000000000000000000000000000000000000000000000000000000000000000000000000000000000000000000000000000000000000000000000000000000000000000000000000000000000000000000000000000000000000000000000000000000000000000	36748.4	23.1
64	010001001101100101110011101001111110110001111001001001001001011001010110011110110001001000011100011000011111100111101100101011100010100011110010010011010000001010011110101101101101001011011000111110101101011110010001111010110110100111	1627402.4000000006	532.3000000000001
65	111101001000000000000000000000000000000000000000000000000001000000000000000000000000000000000000000000000000000000000000000000000000000100000000000000000000000000000000000000000000000000000000000000000000000000000001000000000000000000	78462.6	39.8
66	000100100000111111100000110000001110001100011010010111001011110010110111111001110110011000101100100110000010111100010100111110101101100100110011101000110010101110001101001011101111001001111001110110011000111011101111011001100110100101	1630620.8000000003	530.9
67	100011111100000000000100000000000000000000000000000000000000000000000000001000010000000000000000000000000000000000000000000000000000000000000000000000000000000000000000000000000000000000000000000000000000010000000000000000010000000000	130353.6	54.49999999999999
68	001111001100001111110111111010111101110110001011110000110100000100100000000011100011010011001000101010101111111110000001000001011011100010011100110110111110000101111001010000101010001111111101001111000100001001000111001101111011000101	1555797.0	519.6000000000003
69	110110010100001000000000000000000000000010000000000000000000000000000000000000000000000000000000000000000000000000000000000000000000000000000000000000000000000000000000000000000000000010000000000000000000000000000000000000000000100000	112367.0	45.4
70	011010100110111010010010000000000011001000110101110010011000000111110001101001101101001010011100110011100000110001000111101110110110001011010010001010010111100110001010000100011000000110110001001001101010111111010100001101011000010001	1361393.6000000006	459.8999999999999
71	010000011110000000000000000010000000000000000000000000000000000000000000000000000000000000000000000000000000000000000000000000000000000000000000000000000000000000000000000000000000000000000000000000000000000000000000000000000000000000	45501.0	27.5
72	101111001010011110010110110100111001100010101010101100110100001100011010101011111000110001111100111000100110001111000101110011110010000010101110101010110111110100001111100001010010111100010101011100101000100111011110100111000010000010	1489782.6000000003	524.8
73	011110110000000000000000000000000000000000000000000000000000100000000000000000000000000000000000000000000000000000000000000000000000000000000000000000000000000000010000000000010000000000000000000000000000000000000000000000000000000000	85391.40000000001	41.199999999999996
74	101001010001010000000000000000000000000000000000000000000000000000000000000000000000000000000000000000001100000000000001000000000000000000000000000000000000101000000000000000000000001000000000000000000000000000000000000000000000000000	122024.80000000002	54.400000000000006
75	110111110000000000000000000000000000000000000100000010000000000000010000000000000000000010000000000000000000000000000000000010000000000000000000000001000000000000000000100000000001001000000010100000000001100000000000000000100000100001	305144.6	96.60000000000001
76	110111001111110000010111111110000010010010110001001101101001100000110100100011010010101001111011110111111111110110110001101011100110001111000001000011111110001011110001100111111100101001111111110010010000011011010111111011111000111010	1777085.0000000005	581.9999999999998
77	011001010010010000000000000000000000000000000000000000000000000000000000000000000001001000000000000000000000000000000000000000000000000000000000000000000000000000000100000000000000000000000000000000000000000000000000100000000000000000	99007.0	44.7
78	100100101001001000000000000000000000000000000000000000000000000000000000000000000000000000000100000000000000000000000010000000000000000000000000000000000000000000000000000000000000000000000000000000000000000000000000000000000000000000	65768.20000000001	36.9
79	111010110100110110111010110001100001011111110111010100010100010110100110000011011000000100010111000010001001011011010000111100100111011110100001001010000110000110110101011001111111001001111101110000001101010010010110000001100101111100	1527649.8000000007	504.9000000000001
80	101110000010001100111010001101111011010101011000010001000111101101000101001111110110010000001101000010100101010001100011101111101101010010101010101100001100111010100011111010111111001010111110001011111011000011111100100100001000001011	1521550.2000000004	516.7
81	110011101000100000000000000000000000000000000000000000000000000000000000000010000000000000000000000001000000000000000000000000000000000000000000000000000000000000000000000000000000000000000000000000000000000000000000000000000000010000	108009.6	45.9
82	111010000110010100010011100001001110000010100110001001101110001100001101111011110111001000111110010011000100011001101100000100100100110001001000011110000111000011000011100100000110110001000011001101011011100111110011010000011110100111	1424503.8000000005	463.2
83	100101010111110011011011001111000111111110111001111110000001100010010101110100111110101100000110000110111110110100101110100010000010001100010110001101010101101001111000101111111110100100011000001111110011010101110100011100101010011110	1657444.4000000001	555.2999999999998
84	010110010101100100100100000000011011000011000001010111000100100001000001011101100100100010000010110011010101000011011011111010001110111001001110111000010111000000011111000010000001111000101001111100000010110001111001110000000011101011	1332710.0000000002	436.2999999999999
85	001111010000000000000000000000000000000000000000000000000000000000000000000000000000000000000000000000000000000000000000000000000000000000000000000000000000000000000000000000000000000000000000000000000000000000000000000000000000000000	35558.8	22.799999999999997
86	011100100000011100000000001110111001111101001110110000011010011000100100010100100000000110110011011101000011001011000010011011110100001110100000101100111110101010110101000010100100010000010100011010001110110110110100001101101010011110	1400828.2	453.40000000000003
87	101010100001000111000110010111100100110010010000010110011111000001110111110100000100100110000001111010100111000000010011011110001101000100011011111000101010001010110000100100010001111110000001000001110100001010110001111111110101000001	1367736.6000000008	456.1000000000001
88	101111010000000000000000000000000000000000000000000000000000000000000000000000000000000000000100000000000000000000000000000000000000000000000000000000000000000000000000000000000000000000000000000000000000000010000000100100000000000000	106247.8	43.39999999999999
89	000010010001000100010000000001000000000000000000000000000000000000000000000000000000000000000000000000000000000000000000000000000000000000000010000000000000000000000000000000000000000000000000000000000000000000000000000000000000100000	96482.2	36.0
90	001101011111101011001010110101001101001011000101001100101101101101000000001001100011000100100011001100111101000101110100010010000100101000011000100001001111100111111110100000101101011101110001010110101001001010110100101001011001000101	1411913.4000000004	475.4000000000002
91	011101111111001000011111010011111010101011110111001011001111010101110001001011111011100100010011111111111001111010101001111000111011110101001000101101111101111010010111000111111100101001111111110010010000011011010111111001110001011111	1876312.2000000007	629.2999999999998
92	010110011010011001111111110101110011000011110010001110010110100101101111011011010110000101100100111111111001111101101110000111110110111011011111010101110111000111110111100110011110010101111001101011011101110110111010100111001100111001	1915002.2000000007	637.7000000000002
93	110000001100000000000000000000000000000100000000000000001000000000000000000000000000000000000000000000000000000000000000000000000100000000000000000000000000001000000000001000000000000000000000000000000000000100000000000000000000000000	105568.4	44.5
94	100011011000010000000000000000000000000000001000000001000000100000000000000000010000000000000000000000000000000000000000001000000000010001000000000000000000000000000000000000000000000000000000000000010000000000000000000000000011010000	242834.20000000004	76.39999999999999
95	110111100000000000000000100000001010000000000000000000000000000000100000000000000110000010000000000000000000000001000011000000000001000000010000000000000000000000000000000000000000000000000000000000000000000000100100000000000000000100	212030.4	88.79999999999998
96	000100100010011000000000000000000000000000000000000100000100000000000000000000000000000000000000010000000000000000000000000000000000000000000000000000000000000000000000000000000000000000000000000000000000100010000000000000000000000000	105764.4	45.2
97	001011110111111011011111010100110100010011111100010010110000000111111010100100001011111110110101111100000101010010111111101100110100001010110000010111101101001000001011110000111011001010111111011011011011010111011100100001011001101000	1674232.8000000005	566.0000000000001
98	110010110100000000010000000000000000001000000000000000000000000100000000000000000010100000000000000000000000010000000000000001000000010000000000000000000000000100000000000000000000000000000010000000000000000001000000000000000000000000	172867.99999999997	75.89999999999999
99	100101101010000000000000000001000000000000000000000000000000000000000000000100000000010000000000000000000000000000001001000010000100000000100000000000000000000000000000000000000001000000000000000000000000000000000000000000000001001000	213898.8	74.89999999999999
