SOLUCIONES INICIO 

0	111011110101010101010010000001101001110100110000110011101100111111011001101011010101000111100001001000101111001100010110011100000101110000011011110010111100111101110011000011000111111101000000001101001110011111111011111110111010100010	1507332.4000000004	548.9999999999998
1	001101001111010010100010100101111000110011001100010110001101100111110000110111110100011010101111010001111110111000011110011101100000001000110011001010011111011000011010110000111011101101111011000011000011010110010001001110010000000100	1272806.7999999998	508.7
2	101110111010011101100111001111011010001000110101010001100111010010001011111110101110001000110010101111100001011100010011110110010000110000010010011000111101011101100111001101100010001100010100101010001010010001111010010001100001110100	1325867.8	511.6999999999998
3	101111100011101000101011110110010000110001100010001010110101010101110000110111010001001000010001110110011100110111001101000000000100100011010000010001100000111101111101000101010000100100101001001010100101010100011010001100111010010100	1213094.8	455.0999999999999
4	010111110100111001100110001100000000001110110101001101001110111111011001001110111000011100011011010111100111001010110001010100001101111101111010110000000110111000100000110000011101111101000100101100110001101100110111101110000011000001	1328728.4000000001	518.8
5	100000000011101110010101011111000100011100100101010110110111010000011100010001110000000111111010110110001101010110101101101001110101101000111001010000011101000000010000010001010001101111100101010011011010111111100010010001100111011101	1390065.2000000004	496.9999999999997
6	101110000000011001110000110011101000010110110101111000001010111101001101001110111011101000000100110001010110101100100101000110000111100001100100110110010101111100111110101011111101011001110010111000000001111100011100010100110110100110	1402303.0	508.50000000000006
7	101100110000111101001101000011100100000000011011001001000001101110000010101101010010100000011110000010001010001010010000001101100101111001000100001110110101110010000100011000111000010101001001111100001101000100010000010110101110111000	1204470.9999999998	424.7
8	100000010101111111011001011001000001010001000001011000001110000010101011001000100110100011001111110010010100101110010010001100010010001001111010110111000110101100100101000000100011000110110111101101001111001100110011000010111010101011	1323241.4000000001	466.8
9	010011101000100000101001110010101000010001101110011010011100111101100110111011001100001011011001110110011011001010101010100110011111000011100101000001010100110110101101001011111000100000000101101000101110001010100001111100000100111100	1305416.6	491.8999999999998
10	010010111000010011100110001000101001110101101101000001000100100110001000011101001000100001110101000111011001001100000111110001000001011001010011110111100100110011100010101001110011111111111010011101111100111010101000001000100000000110	1245220.1999999997	473.20000000000005
11	111000011101011111101000110111001101001010100100000000001001011010010001111100100000110110011011100110000101111011100010010001011010101011101000101111101001001100010001101100000010100110001011110011001110111110011001000001011110111000	1410115.7999999998	506.1999999999999
12	000011100111111111001100111101110101000000111111111000011011000011100110100000001101100001010011111000110101010010011110110110100101111010000111101011001011000001100111011000110011001110100011010101100110111000110011110100000111100010	1407943.0	533.1999999999999
13	100111011110100010001101001010001001111000011111110010100101011110110000001001101100010011010100010111100100001000010110100100111110011001010011010101010010101000110111111001001101111000010111001111001001100010110000010001110000000010	1247120.5999999999	487.49999999999994
14	111010111110000000100110110010101010010111011010110010011100111010101110011011100100111100101000110000100100011000101010101101110000010111000101000010100101011000010010000110100111100010001000000111001010011000011010111010010001101110	1245259.2	472.89999999999986
15	001100000100100010111100001011001000111101101010110100111000110101000011000100110111100001001010001110000110001110011000110000111101010001101011011001101100011010111001110000010001011111001000001011111011111101010111100111001001100110	1383963.3999999997	499.50000000000006
16	011011100000011110111000101001001001111010001011100011111100101111010110100101011111011000010100001110000101111110111000010001011010001111001110011101001101001001001010001000100100011101101010100100111001011001010101110101000111101011	1424821.2	524.8000000000001
17	000011110010010110011110111010011011011111110100110000001010101111011011000011110100111010010111100001110000100011111101000010000100000001001000001000011011110000000000011111001110011100000011011101100000000100010100011101100001011001	1224636.1999999997	468.4
18	100000001110111111001000001111110100110100100011111000100101010010010011001110001000111100110000001010011101010010001101001101111001101011010001111000110101101101101000000111100110000110011000000010000001001011101011100100011000111101	1288693.4000000001	478.69999999999993
19	101110101000011010100011011011001000000000001101001000011000011100101110100011010001101010000111100110001110010000010111100001100100010001100101110110011111100001001101101000011111001100111110100101011000000001100011010101000000100100	1159138.4	449.20000000000005
20	001010110001110001000001010001010101001011100101100111000010001010000110110101101001001101010011011100010111101100000010101100001000110100110001111101110011110100100000001111000000001101001000001000000111111001011110111101001000001001	1198004.8	454.70000000000016
21	001010000011000100011110001111111001110110000100001111100010110011001011001001001111010010000011111001100010010100000011110011110111011101101110101000011110111000111111011111011010110011011010100100011000101001001110011110101111011011	1543405.8000000003	539.6999999999998
22	001001001101011111000101001011011001011011001000111111011100010011001100000001100001110110101001011010111000110101000001011101000110001110110110111000000000111111110011011010111000111101000101000010100010101110100100000111110010111000	1395282.4	507.79999999999967
23	000111101011100111110101010111101001001001001000011110111101000000111110000111010001001111100110000000101110001001010110000011010111011111000100011010100001000100001010101110000111101111100011101100010000101111010110000111111101101101	1464455.8	516.9000000000001
24	000100110000010111010111111011110010010010100000001010000100111101100111100110101011110011100101110011010110101100101001000111100011000110010100100010010010011110001101010101000111000111011010111000010011110101110010011001110001111001	1424687.4000000004	508.69999999999993
25	011100100001100011110001001001100011111011111000000111010001111000011100000100110101111010001011111101001000111110011101110011110011000110100000011011010000011101101010110011100010000000000110000010010101111111111001001000110001111010	1374853.6000000003	506.59999999999985
26	010000000110101111101100111100100001110101011111110011011100010000000110001111100110110110111010000100010111000110010100101000000100101011100101111111111000000011101110100110101010001001110111101000000010011011000001000110011100111001	1373448.2000000002	506.10000000000014
27	001011010101000001101101110100101101011011011011010101111110000010011110010010100110011010001110111011001101001000110011011101011111010010000001110111101011100111101100011000010011001101111111101001111010111001101010101001101000110100	1499223.5999999999	556.5999999999997
28	100000101100001110011111001100100111001011110010100100001101010000000111001001100010010011110110000111101111000001000111101110000110011111011010010100010101101100001000111010100010100100001011110000000110001011001010011000110110001000	1246370.0	471.2999999999999
29	100100100011001000010011011111110100110100110000010000110110001101100001011000000011011111101100011011010110101110111100110010000110101010100100101011110001110011110110010111010000101100100011000101011110001110011101100111001011010010	1384764.1999999997	507.5
30	100101000110010100110111100011011101001011111101001110000001101011010101111001001101000000011100010100000001010110001100111100011010011011101001001100110110111111111000101011011101111010001000011101000010111110011111000010010000110001	1364491.5999999999	516.1999999999999
31	001001010000011010000110101110110001000101010011011001000110110010001010001101100101000111011011010110100000100010011100011010110000001101010100011010100100110011001001001111110100101100000101101010101111110000100100111101110100101100	1339570.6000000003	473.0999999999999
32	010100101101110010111010001110000001010110100001011100110111011100010001100000001100110111001110101011101101100010100100010001001111101100001001110001110011100000101001110100101100100001000101000110010110000111111001111101110110010111	1373139.4000000006	492.89999999999986
33	011100101010001111110111100100011111001001000101010110000011000000100001101101110100011010100001000101000101100011010001110001101001100100111111000101001001001111000101111011110100110000000111001010101011011110100110101100101000001001	1289449.0000000002	487.0
34	001101011010110011100110001001100101001101110001001000110100100011100100001011111000000100100001010001101110001010000111001110100010001001110011001010100011110001011110001010001011011101101110011100001100000101010001110010011001001001	1243891.0000000002	460.3000000000001
35	101110111111101011110110001011010001100011000101101111011010101100101110001001111111011000110110100100010000010101010101010100010000101001010100000110100010100101001111000001011000001110111111010101001010010001011011101100110111110100	1432963.8000000003	521.5999999999999
36	101001011100011100001000001111001100000110101011111110100111101000011111101101111101100101111110101111100011111110001011011010100100100111111111011011101111001010010111011111101110000110001000100010101100101000010010110100010001111001	1515728.6	579.7999999999996
37	111010110001001110001111100111011010011111100000100011101100100101000100111110101100110000001110011000111000010111001000010001000101011110101000101001010000101001000100000100101011001111101010101001010111000010001001011010101000110101	1237812.2	473.7
38	110110110010001001011001011011001001110101010110010100110111111110101001011110111010000110110000011100110010000010100111111011100110100100011111111110011101111001111011001111011110100100011101101110100011110011001110000110010101010001	1524389.5999999999	574.7999999999993
39	001110101001010000101101110011010001111011111011111011011010010000011101011101001101011110111010011010011001111100010010010010010100100000111100100100101101010011111011111011110101111110111100100111111101111101010110010100011110111100	1683946.3999999994	593.7999999999995
40	110000011110000010010010111111100001111111100011100001110000111110100001111011000110001110001001100011011001001101011001001101111010010001110111101101110100000111111011010100010101101101101101000111101111011111100011100101001101001010	1520476.5999999999	558.4999999999998
41	011001011001011111000111001111000001000110111100000001000010101001001011100011101111010101111101111111000110011101111101111000101011100101110000111101111101110101111001110101111001010100101000011100011111101111011000000111101100110111	1586889.5999999999	579.3999999999996
42	001110001000001111100001010010110001111010000010001010000010001111100110100111001100101110100110100101110110100100011111001011100111111010001100010010000000100100000001110010000101111111010011000001011001000010011110000001111110011110	1326266.0	469.3999999999999
43	100010111101101101110000000011100011001011100001010110000110001010001000001101000100011110101100000111011111000110101110111011100001010001000111100111001111001011001101110011001001111101110001110111100010011011101111111011101011101101	1557295.8	537.4
44	001100110011000111111101110101101001000011110110100110111011100100010110010011110001100100001101110000010010101011100010001110000101111011111011001010010111111011101001010110011100000101101110101111100101000011111100010111010011111101	1552899.1999999995	553.5999999999997
45	111101001111010000110010000001111011101111000110110000100010101001000100010111001001100001111101000110010110111010011010100100011100000011111100110110100010100001011000000110010111110000111101010010001010010010001011100000100101011000	1265847.8000000003	481.59999999999985
46	010110110110000001100101011000000001111010100111111000010101100110001101110101000100111010111100110101100110000101101011010001111010011111001011000001101010100100001110000101110111111010110000010111101010000011111111111011101110010000	1470340.2000000002	531.8
47	000101101000101101111110000110011000000001000101111010011010111100111101100101110010101000011000000010100111100110000000011110000101010100000001101111111100110010100001110000010010101000000100100111101111111110010000100111010010011000	1278684.2000000002	471.6999999999999
48	000011000011010101011001111110110100101001111111101110001100011101001000001100100010111101001101011100100011001110000011000011011101001011101100000110011110010111010001101110111110111100110010101001000110011010011111001100101001001011	1432859.4000000004	530.5999999999999
49	111011010110101001100100101110111101111001101010011001011100001101111101100001001001000010101010001100101100110110100011001100110011101110000101011000110001110110101110100100011000001011010111110110010001000001101000110110110110111001	1433836.2000000004	524.4999999999997
50	111011000101100011011110100010100100010010100011010101111010011111001111000111011001110011000011001111011111110100111010111110011110000001000011111000110010001100001001011110001011100110101011100000101000110010101001110110000100000101	1281377.2000000002	517.4999999999998
51	011110101001100100001010111101111011111110110100110111010000000111110101100000100101011001110010110101100000111000110100001000011010111111001100011100011111001110011011101010100100001101110011010101111001010011101001011010001100111100	1463703.9999999998	543.4999999999998
52	101001101101110000101111101110001100100000000111001000001101100100101110110001010000010101111111111000011000001011000011001100000110110010110101000100010100110111100011110001010010101001000010000110000001000001100010011100001111110101	1234660.6	454.3999999999999
53	110110110101001111111000000001100000010100110100011001110111101111001010000010011010100001111010010111100001000011000001100110110111011100011001010010101111100010100100011000010111011101111010001001111110111000110101101000011011111010	1480139.4000000001	522.8999999999997
54	000000010110101100010000111011011100111011011100000110001110110110010001011011000000000000111001100110100001100110011101000111010101000110101010001011101110101001101111101101011111010001101111011001001101110110111011000001010011110011	1475036.0	517.2999999999998
55	100010000101101101001000110011000111110010001111001101010011110111101101101001100000000011001101010011100010111111010101110111011101000000011101110111101101111100001010000011110001100010111010101011110111011001111101110001111010110110	1561420.1999999997	554.7999999999997
56	111101100000011001011101111001101110001011100010001101110011011011111011011110001111101111110011101111111111111101000001111011010011100011011101000011101011100111001000111110011001101100010101001010011111000101001010110011100101000011	1517482.9999999998	595.2999999999995
57	110111110110101010100110100000001111001010001111001000010000101001010000010001000111010101011011000100101100111111101111101100101010011110110100110010010110101111101100010010110110011000100110111101100111111101000100001010100011010011	1394793.8000000005	519.9999999999999
58	111000011000111011010110111001010001110000111011110001110111100110000100010011110111001110011101100001110001010001011001100110111010010100100111000101011001101001010011101001000111001101010101101110010100000100001001110011111101110110	1469677.5999999996	530.1999999999999
59	110100010001100001101111101000001111110100101010000011010101001010111100111000000010110101101000010101111011010111100010010010001001001101111110010110000101100100100100101010010010101100011011000101100010110011011000110001101011111001	1386855.4000000004	495.79999999999984
60	110001101101001111111010010110011010111101011100111010110111010001100111001010110101111101010111011001111111000110010001010101000010100011101100101011011010010010001000111100001011010110110111111001010000101011111010111001010011011000	1523142.8	573.3999999999996
61	100011101010011001010000010101110101100011101101000001100111000001110111010011001000111100111000110011010110101110110001101111001101111100000010111101111011001010111001000101000111101110111001101001101000110111101111100011000010110110	1468541.1999999995	543.4
62	000001111001010101110101100111000001000110101001110110111010001101011011100001111101101100100100000010000101101001001000000001101110000010110010001010011001010000010100001010010011111101111101011110110010000110011101001111111011000001	1351459.8	482.49999999999994
63	000100110010011101100001000011010110001100110111110101011100001001110000010110011100000010000110110111100111110111101000000100110101000010001011111001001010011101101111000011101110010101111111011101110011011001001110001101111111100011	1551346.6	532.0999999999998
64	011011100010011010011000011110101011011111000000110110101011000101110111001000101101110001001111001110111011010000101000000010111000110101110000100100000010000010100110100100000001101111101110101111010001101001010111110011010101011101	1397080.4000000001	505.20000000000005
65	111001111010110001011100110111010100001001010101101010010011100011100001100101010000111101001101101010000010100010001001000101000100100010110000000011000101010101001001011110011010100011111011111010001101111000011111010110000101100001	1292170.0000000002	480.8
66	011001000111000101011101100101111110010111100000011011011100000101011101100001111001111101001111001010100101001010110001111011010110001011011000011010100011101110011000001110011100111101011111110010101001001111001101000101001110001110	1466070.5999999996	543.5999999999997
67	001110101100111100010111000000111100011100100001100000000010000100001000101010000100001100011001001111010011001100000010110010101111001100010111110111101010011111011110001010100111010111101000010101000110011100010001101101101111010011	1379144.0000000005	478.5
68	111001000110111111110111100111110000110110100100110101100100100011100011000111000110111010011010011000111001010100110011111110100111011001001011010100111100011100010011011011100111111100000000111100110010001010100100001111001100110111	1434140.7999999996	543.2999999999996
69	000100101110100010000111100110110111100010111011001110001000011010011111000000100110100000001000000100110100001001110101110111011000011000100001101101000011101101100001000101111110000101101101010111101100101001000110110110101111001011	1379310.6000000006	482.2000000000001
70	010111011101011011001110001111011011101011100111110110111110111101000110011100101001001101111001011000111111100110010010100100100001111011001110101000001110110111011001111100101110110001000001101010001011110111110000100100011111110111	1594041.4	585.6999999999996
71	111101110111100001100111100000100011101100010110001011010000011000110011010111111100011111110101111101100001000010111110100100001000101011100000010000110110001001011101100110111111110100011010111101100100000000001110010101101100111000	1425385.5999999999	526.4999999999998
72	100101111110100000100000011110001110100001010011101101100110001110100000001100111011011111110011101000110011000100000110000110101101110111000001011110111010110000100011001001000001001011111110001110110011010010000010101001100101100110	1318273.8	493.59999999999985
73	011101111001010000000111101110110100110001010011001000110010100011101001100001101110000001110010101000001101110100100111110110111111000100100001010010111000100011000110111111111000000111001011111101001111011011110101010010011111000001	1444442.4000000001	523.4999999999998
74	111111001010001100111001011101100000111001010101111010010101001100010001000011010000111101000111101100010001101101000111010010001000100111000001110011111111110011111100101000000101001110111100001100011011100000011101100111011000101111	1396396.5999999996	512.8000000000001
75	011011100001000101101111011001000010110100000000110001101101101111001100110001100110101011000011010010100001100010001101101001111101001010101001010001110011110011101000101101101011000010111101111111100110111000100110001000100111001011	1412169.8000000003	509.79999999999995
76	101001101001100011000101111011110001000011110000110100101110110111100011111010011100110101110100011100100101100110010011010001011101111111010110011111101011000011100100001111000111110101111110110110011001110110111101100000010010101001	1521398.8	569.7999999999997
77	101000000000001110000100001100111001000100011000100011101111011110100101100000100001000100011011010001000100101111010111000111101111001101101011100000111011010010111110100001010000100010101000111010011110100101100110100100110001001011	1272961.4000000004	463.2
78	111001011011100111011111111100000110001110001001100000011111111001100101101100000100001011101001000001000101011110001111000001100001011011111010110011010101111100000000101101011110000010000011100111111000111010010110110010010110001001	1344453.6000000003	512.0
79	000111110011110111001000110010010111111111101110111100101001101110001100011001000110101011100101111101111110000011011000011011011111011100110111100111101010100100101101111001111011100000101000100010011010011011011011000111011111101001	1617456.9999999998	592.1999999999995
80	001001011001111000110111101010101111110110010100100111001010110101111001000011011011111101111100001000111010110101101100001100111010010011101100110010101110001000100100101111101111110110111001001000001011110001011010011101011101010101	1524297.0000000002	562.9999999999997
81	010001100011100100011001000111111000110110000001010011110101000000011111001011010101001011101100100100011111100001111001101000111101000110001100101010100100010110011100001111100111111100110110110110101010001101101101010001000010010111	1350825.8000000003	502.99999999999983
82	100111101000001111100010010000101010010011001011011101010001111001001101011011100101011100100001111011111010101001001110111110010000010011101011000001000011000101101000000110011110000011110001000001010101101000111000100100110000011001	1234584.0000000002	479.5999999999999
83	110001110011001110111110011001110100000000111001001000101011111100001100110001110101101101011001111010100100100000101110011110110001001010011110001000111010101010001010101100010000010000010101011011111101011110100101000000010010101010	1299418.7999999998	499.0
84	101101010101101001111111010101111010110110011111100000010010101101000100111010111010011101110100110100101100011101110111011100010111111010001111011011100111001010001101011111110101111000011111100101110110000011100001001110110010010000	1515898.4000000001	587.9999999999993
85	101110001001111000010100111101000010100100110010111111110001101010101111011110100011001000000010111000111101000000111111100001000011100001001010000011110011111010010011000111111011000101110001001011111100000111101101011011001111001111	1469750.3999999997	523.4
86	000001010010000111011100011111110110101100010001111010000110110101010000001100001101010010001000110100101010010111010101100001110001001100101100010111011001011011010110100111000010110011000101100111110000000110110111111110000100000100	1248446.0	479.00000000000006
87	111101000010110111111001011011001101001100100001001101100111001000001001011000110001000101000110010100010010101111001101010110111000111001001101010100000001011101010111010010110101111001100010000000111010101100010010111011011000011110	1316210.8000000003	486.49999999999994
88	101010110101010101001110110110001110110101111110001101100010111101001001111010001011000010001011010001111100101111001111100101010000101011010110100010110000000100011010110101010000010010111101010110001110111100010111111100101101100011	1447098.6	536.1
89	100101110100111111110100101111000000100100110010100011111100110000011010111000111110100011111100101001001101000010010010100011101001101011000111000011101010110101001110100001111011000100011011010010100000111001101101100011001010101010	1351608.3999999994	509.1
90	000100111011001111010001110001110111010011001111011010110110000101001111010110100101011100101000110010010111011001000010101101111010001111001000011111000110110110011000110101010011001101010101011100100101001010101110010111100011100010	1426410.7999999996	534.5
91	101101011010100010001101000001011110100011101001011100011001011001010110010010101001110110101000011001110001101001110101111000001011110110110100110000010001000010000001001111110010011110010100011001001101010110010111001010001010101010	1297075.3999999997	488.00000000000006
92	000100110001110011100011110100001001100111011011000110110101001110111011100110000010010011001000110010001010111010101010010010011011000110000100110101000110101011111101001111111100010101011111010010100100010011101101001101110101011011	1485632.2000000004	521.7999999999997
93	101110000000111111010010001110100011011011100101010110110101110010011100010111010101100011011110101010101110101101101001110010000011001111100001000010101101000000011011000010101101000011110101001110011111101110110001111000010110011110	1444072.6000000003	530.5999999999998
94	110111111010001001011010110000110010011010010000101011001010110010111011110100100000110110010001101010100111011100011000001111111000001101000000111011010001111000111011100101110001011101000000110000110010110100001110110110111101100001	1378821.6000000003	504.8
95	001011010010000100010010011010011100001010111000111011101010001001100101110110000000000000001110011111001001010100110100110011101110101011100001100010101001101001100000100101110111110110100100101010101100001000000001010001000001111010	1230256.0	456.19999999999993
96	100010110000111010111001101011100000011010001111010101000010111000001001110100010010010000111000101101111001100000011101101010110001101010111011101000101011101010011110000000101010011110111011011010110000011100100001001011111010010010	1350532.7999999998	493.5999999999999
97	010000110101010010010010010100101110000111100101000100010100110001010000100110000000001001101101110011010111000100101011101000110110001011000010101000010001010001000101011000000000010111110111110000111010101100011001111111111000110001	1279357.6	447.79999999999995
98	000000001100001100100000011100010110111011010111011000011110111001100110010001010100000100011101111101110110001001110001100110011100000100110111110111011101110001111100110000000100001110010001010111110000101110000001110100111000101011	1340685.2	489.80000000000007
99	001001010110001100100001111100011001111010011111101100110010000000010111110011100111011111011101110100101001000001001101101011100010101001110000011110101011011000011110010011101100011101101101000110110100000110010110010010110000100011	1331520.1999999997	512.5999999999999
