SOLUCIONES INICIO 

0	0011000010000101100100101111011011101110000010001000010010110110100110000100101110110001001000111011011100100010011110001101011011111011101101001101100110010100000111001111111101101111000000010111101100000011110100101000001111100101100	1129679.0	516.0
1	1101000011001111111110011001010110000110010011001011100100101001010110001001000001101101101111011011001000101111100100110010011000100010010000100101011100010111100100010111011000001100100111101010101000100100011111001101011010000110000	1004588.4000000003	496.5
2	1101011111000011000110111000011100111100011101011010010101110101010101011111101001110011011101101011001110100000100000001100010000010001101100000010101101101011011011011001000101100001111111111110011000101010110010001111100010011000010	1032628.0000000002	523.8000000000001
3	1010110101000000110100111111011100010011000011011100111011010010110111000110001000011101011101001000010010110011101000100000101111111011101101000100100001110111111011101011111001010011001010010010011111001101110010110100011100001001010	1094505.2000000002	531.8000000000001
4	1110100100111100011111111101111110100101010111101000000011111011111101100000110001111001100100010101010111000110010000001100000000010011000001101101011010110011101010010100111100111010100000101001111011110001000000110110011111101010011	1127511.2000000002	527.5
5	0101100001000001110101110100110010000011100011111100010000011011010011010100011000110100000010010101111100011101101111000000100110011000001000101000010100000001011111100100011101111000001110110101111000100000110100001100100010001000101	871272.2000000001	442.1000000000002
6	1010010111001100000110100000010010111001111010111110010000111010011001010011101100100000110001101011011101000010110001000110010000001101110010101110110010001011100101010111000000100111000001111001001110000110000000100101101001010001101	923146.8000000003	460.09999999999997
7	0011000001010110111100100110010110011011101011110001100110110001111000011110001000111000000000001110000110001111001011111110100011011111000100111111000000001011111001000001010001110011001111001000111001110001000100001101011101010100010	1017915.0	495.10000000000014
8	0010101000101001101001000011000100101000111111111110011100001100001010100111111100100011101001111110100110000111111000001011001000000110111100110000001100010110010000110100000101010001011100101011011100110001101110101000101100010110100	1006094.2000000002	487.69999999999993
9	0001111000000110001000100101000100010011010100111010101000100100100010101000111100111000010111010011010000010000011010111110110001111100110011000101111010001000100111010010010001111001101101010110110111010110000010110010100100000111100	1002548.6	470.0999999999999
10	1111010000010101101100001100100000111001100101100101111111000100110100011000001110100111001111110011111001000000000101010000001011101101110001111011001111101101101001001100101001001101110010101000010011010001010010001101110000001100100	952157.4	491.70000000000005
11	1001010100101010100010111101011010010100010001111100111100101110011010000111110001000000001011101010000001011110010001100101111010100100111100101100010101001110111100110010010110100010001110001110001010101101111000100110000111000001011	999264.2000000002	491.6000000000001
12	1100110111100110100011010000100010010010101001110000001111010011011110010000110101111111110011100111001110101000100001111101101100001101011011000101000110001010011000101111111011000101100110000000000001110101001111000001111010110110001	1077161.8	513.0000000000001
13	0011101001100001001100001001010111111100100011100000011000100000011111001110110110000100001010101111110110111010000100111100110010111011000001010110010011010001000001101110101011100011111001001111010010010000110111111100010111000011000	1087425.2000000002	507.69999999999993
14	1010000110111110010110100010011101010111101001100111010011110110010000000011011001001001000111100101110010111011001101011011101101101011110000010110011111001100001001110110001000101010101101001010000000000011001011110000001111000001110	994069.0000000001	504.4
15	0000110110111001100011100101111110000000110000101110100111011010100110010101010001110011110000101011000101111111111000110111111010001110001001110100100010110001110000100011001101011111000110100010110111010101101110100011100100100000010	1005317.4000000003	521.5
16	1001101100100111011110010000000010111000000000011010100110100101110111000010010101110010010110110010101101001110110111100100100100001100110110110001111101010101011111011001111100010100101111101000000001011101001110011101000101111011000	1155133.0000000002	523.3
17	1010001000100100001111011001111011000000011001001011010000111010000011110101000110010100010101000010011110001011110000001111101001010011011111011000100010001100011100110101101110100110110011111110110101101100101101101100011111000100110	1125286.0000000002	507.3999999999999
18	1100010111010001011110101000101001111110101001011000101000010001110001010001000111101100011011111111010001100000101100000001010001001111101000011101001001101110100111110101000000111001100111100010101011010000110000011101000101111111110	1128700.4000000004	506.70000000000005
19	1011100011111110100100011110010100011110011101110101110101101110110010100001111000001010100010110110101000000000010100110000001010001110000000111011010101000000111100011011000100110110011111011101101111000011001011011101111010010101101	1111405.2000000002	517.0999999999998
20	0001110110011001100101101001110100101101001100111100100111011111010110101100000010000101000011000110010001100010100101000011100101001011010000110001000110010100001000101111000010010100010101011001011010110100001011110000000100001100010	869382.2000000002	449.2000000000001
21	0111001011100101110111101001001000100010010011100001110000111000111001010001100100101110000010000011111100001011100100000010101010001100110110010000100011010101111001001001010110010100110001101011001001101111101100010111100000101110110	1006195.8000000003	476.8000000000001
22	0000000010110001010010110011101101010001100100011000101010000000110010000110000101001110100110110011000101110101011011001001110100100111010011001110101011001011100101110100111011110001010001010000010111001001111100010110100010000010001	939341.6000000004	463.1000000000001
23	1110011111111110011001010000100101110110111001011111100011001110011010011101011001010010101101010010000110101110010011000001110001100011101010101101001011101101001001011100111101001011010001111011101011110011110111001001001101111011010	1260385.0000000005	578.5999999999998
24	0010001110110010110000111010110111110100001001011101101111010011001100000110001001001100001100110010000111011010011101011010110100110001001101101010010001001110011111111001011100000100110011000010001111111111000110110111011001100110001	1128744.6	524.4000000000001
25	1110111010110100010010001101110111010000111010000101101101100000100010010000111011000111110000100111111101110110000000000000010111110001110001110000110101011100100001110011110010011010101111110001110110100011001110111100110111101001110	1162981.8000000005	525.1000000000003
26	0001100100000110110111110101101010101100001111011001001110100101001110010011011000110101001110101100010111010011011000100000101100011100110001101001100110100111001111101101010001111101100010011101001111001000000000010011100011000001110	980569.8000000002	498.60000000000014
27	0111010101111001011000010000010011011111000110011110001110000010110100110110010100111101111011000111101101000110000100101111001000100010001101100101100011000010000001110100101001101000000111001010000100101010110001111000100000010011100	896295.6000000001	469.6
28	0010100110111101101000111110101111011111100111010010100110111000011110001001110001110000101000000100000010001101100101100100111100001011001000011011000110101001001000111110001101111011110000010110011111110100111111010101101101110001000	1150514.0000000002	534.0
29	0110011011011000111000100110110001111011001011000000101110101011100001001010100110010011011000000000100011011101000101001101100100011110011010011011011111110011110001010010000111010111011110101011111001011111101011011011111010111100000	1218486.1999999997	543.0999999999998
30	0011011011011010011110100111000100100000111100101101111111000111000011000001010110011111100011011000110101001000000011001001101010100100001100001111110101011001101010110000010101010111010011110110010110101001000001111010001101101111010	1140663.2000000002	517.0
31	0001111011101001111001101101100011000010110010111110000001111011000001100110000000101001101010010100000001101101111111001010010110111110001101111101101011110101010100101011111001100001101111011001100000101111111001000100110010010100000	1061632.0	529.4999999999999
32	0001111000100100101111101110011111011110101110011000111101110110001101100001111111011110110010101100101111111001100001100110100111001010001001110111101101110011000000000001100110010100110110110000010110101101110101101011110111001101011	1187488.4000000004	572.8999999999997
33	0110010010110111100010001000110010111110100101011110000011010001000010011010000111110010001110110110110111011001111111100111011000110111101001000100101010100010101110011001001011100010010010010100001001111100010010010011011001110101010	1065495.2000000002	512.2999999999998
34	1110010111101001000100101010101001010010010000001011111000001101110111110110001010100011101001000001011100001111000110001001011110001110011001010001111101000010011010101001100010010001001001111101110100000010111010110101000011100101111	1028102.6000000002	487.99999999999994
35	1110101010101001011000001110011110110010000100110110110000001001010001110011001100101011100111111010110100011001100000101011010011101100101110110110000000111100110101100100010111000011110010101001110110001001010111010011111110101001010	1126445.4000000004	522.5
36	1001001001000001110100000101110111000100111110101111111011010011110100001110010100010011101000011011011111011010011011001101011111111000000011011001101111111010011011111011011110101010110010110111110001100001100110000101110111000011110	1207825.7999999998	572.3999999999997
37	0110001100101011001111010110010100100111010101111011010101111111111001111100100001100000100101110101110101001110100100110101100110010110010110010010011011100001111111100001100110100010011010110101000100010101111111101000111100110010111	1147166.0	552.2999999999997
38	0111100100001111101011000000011101111010011001010010011011101010010100111001000100000111100111000101111100001010000000100111110000111100011001110110111110010000010001010110010001010110000101011100111110110001001101111010000000110001010	970063.2000000002	490.8999999999998
39	0100100000101010110111100110000001110111000101001100010010111101100110010010011001110101010011001100011111000001011100110110000101111000000011000111110010000010001100100101110110110011111101111010010010000111101010010111000011100110010	1060823.6000000003	496.3999999999999
40	0110010011111010101011111000000100011110110100011110101110011001011111010001101000000011011010111110110001001100011101000110110001010001000011111100100000100110010010111101000001010100000011001110110110101110100010011011101010000101010	995196.2000000001	501.2000000000002
41	1100111011011100111110010110101001100100101000110010011111110010101100100000000010011000000101100011100101111000100011100111110000111001001011101101101101100101110110000110110100001110011100101101001001100011110101000100100101111000001	1051517.6	511.9999999999999
42	0010001001010001000111101101100010011001100101001011110110010111111010001011011110110101101011111000011010101001100110001111101001001111000101010111101100100101010100010011100011001001000101100010010000000001000000000110001010010100100	881795.3999999999	475.4999999999999
43	1010011100101110011011100101101100001010001100000111001100011010100001011010011010101101100100001001000111111001101110011001100010101100011101101011111000100011000010110011010010011000111010111110011010001101110111011111010100000111000	1098176.8	522.5999999999999
44	1111101101000110110111101001101000101010101011011011101000011000101001110001011000011101101001011100010000001110101111001000100100111101011001111101110100101101010100100011011111100111111010001100111011000010101100010000011110001100011	1102238.4000000004	536.9
45	1101111011000101111001110001010100110110011111100101001000000000011000010010101011011101100001111101010010001110101001011011011000010000111100100111000001011101011110100011100000111101101101001100100000101100001000100110011010101011001	1049347.0000000002	500.0999999999999
46	0101010111101100110111011011010010001101100101111110011011010010000000001110010111000101000010110001011000110010010011110000111110100110001101010100010000110101111000000010110010001110000110100110001101001110100110110000010001101111100	1036860.2000000001	494.19999999999993
47	0100111111000000001000100101110110111001110010110111000000011110100000100001010000011100000101001010010100000011101000100001000000111001110001110010111001011000111101001000010100100110011101000110111110110110111110001100101100011101010	1045173.0	463.99999999999994
48	1010110000001011100111100111111100011011100011110011101110011000101100000000110011111011100111101001001111011111000010000101101100011011011000111010111010100011101111010010111101010100011000111001101001001110110001111111101000001011011	1147917.4000000001	559.6999999999997
49	0110111111100101101011101101001110110001010100011100001001001010101100101010010000101101101010111011000111000000110010010001000010000110111011110101111000101101000011001100011110010011001101011011011100110100010011011000011001101011110	1100385.4000000001	515.5999999999998
50	1000011011001110110110000011001010100111011000111100011111110000100001110110001001010101010000111001110010011001011100110000001000111000101011111010111100111100111100110100100110000100101100010001100101001010010101111001001111110010010	1101580.2000000002	511.49999999999994
51	1011010100100010110010111000010101011000001100000011110111111111000000110101000011011010011100000110001111011010001001000010111010101110010111001011101000110100101111010000110110011101011100100110110101001011110010011001011110110010000	1118315.2000000002	515.5
52	1111111111100100000110101010100111000000110110011001101110010010000111101000101110001000110100100101100110111010100111100110010101110010110110101010001011001110100101011001101111000100010011001001000111101110010111000111111000101100011	1081811.8000000005	526.4000000000001
53	1011010110001001000100101101011010011000000000100110100110111100111010110000100001010001011101001100101010111010010010000110110100000100001101110111111010001111001010010101011010010001000000001010100110101010010010110100101010010000100	883414.2000000001	449.8
54	0100011011001000000011010110101101110110100000101111101101101001111001100011111000111110010000110110101101010000100011011111111101001011000101101010101111111101010010001110010010001100011001000001000000000111001100001011111000111100101	1043639.6	513.8
55	1011100000011100100111000111110001101000000111010100111110110110101101110110111110101001010111110001101101101101000111111001110001110010101000100101001100001111110100000001111011101011110101010011001100100001010100001101000010110011111	1092907.2000000004	541.2999999999998
56	0111100010110101111111011111000111100000010100000010010101110111111011011101110000100001001000110111000010111111010000110010111001010000110001110100110010011110100100010001010111010101111011101011100110110001011111010011101011110010011	1166332.0000000002	545.4999999999999
57	0011111111110001101111111000101111011100001011111000110110010001101110111000011110101101001010001111101100100110000000001011110010110101000011011001110011110101011101101000101000111011010011010011010011100001010001000001100101001111001	1103575.6000000003	546.7999999999998
58	1010111011100001101110100010000000101001001001000010100010011101011111001011100111010100011111010111100000011110100000111000100000000111010010000000100100010001101001111100111100101011100101000000011001110000011001100000101010110000111	912029.0000000006	449.70000000000005
59	0110001101001000001101110110000010110001100011110101110011110110010001110111101000000111000110111101001001111000011100111101001001001011001110111010100111100100001010010000100010111011001011101000110101000100001101100101011111111100100	1149473.0000000002	520.6999999999998
60	1110010010000111110011011000001000101001110110111110000000101010110101100010100000001111011100011000100111101000001000010110111110010111100111101001101101001001001010001100101001010010011010111110001110111011100100110000101100011011111	1094159.8000000003	504.1
61	1110101111100110100001111000011001110101110110101111100100111000110010010100001111111001101000110100000101101110000000111001001000011000011001011101011110011001010010101011001010110100000011001001010101101000010001011111000010010110010	987010.7999999999	501.80000000000007
62	1011101111100001001001000111000011000000010111111111110001101010100110001111010110001010011110011100110101001011110010000101101111110101011000110100101000100111000111101001010000011110111010001110110101110101110110111001110000101000100	1067898.4000000001	538.3999999999999
63	0101101001100001001011111000111101101011000011100110110110000111101101000001000110011010101110111100001011000001001001011111001001110111111101110010010100110111011101111001111110100010000101110001101110001001011100011110010000011101001	1119203.6000000003	542.8999999999999
64	0011111001100010010101101110110010000001101100000111101000011100011010001011000011111011100001101100110101001001100111111110011000100110000011111100000100010001111010110101000110110111100110001011001111101111110100010010101011100011100	1134741.0000000002	524.8
65	1001110011001110001110011010011110110001011111110110000111111111010101101101011110101101101001011100010000110010100011010011011101011110000101001001000110111001110101000011001010100011100100010111001001111010110111110100010101001110001	1136330.8	558.6999999999996
66	0000010111010111000001101011001001111001110111000110011010001001000011101010100000101100101001111011000101011101110001110110010001111010101100101001000010001001001010001011111110011000101100010001000100101000101001000111010101011101011	1038566.3999999997	486.0
67	1111111000111110110000011011110111001101000110110111101000101010101111000101001100100110101000101010000010101100000001111000001011001100000011001110001001101011101110010110100101011110100001111000100101001101101100000110101111100110110	1106009.8000000003	516.5999999999998
68	1101011110011100000100000110011000100011010110111101000011101011111010111111010100001110111000110010011110011011000101111001101100110100111111100101001100010011011110011000000110011110101100011010000001011110001011111111000001100010000	1057656.6	541.9999999999997
69	1100101010000001101110001011000100010111111111111100010011000111000100001010101000100001000011110110011000101100001101011111100000101001000100000011101111111110000011001001101011100100001011101001111001011011011111001001010000100111011	1053600.2	496.9000000000001
70	0001011000001110101110000101000101010011111100010010011111010001110100001000010110011110011001100011011100001001110010011111111011111000100011010111111110100010001100111111010011111011001001011001100101101000100011011111010100011001100	1132535.2000000002	536.5999999999999
71	0111001100101011101001011101010101001111011101110001001001011111010110110100111111011000101100011101100100110101001001101101000001001001110000010111001100111100100111101000000101000101010100001110011010010111001000010010001001011100111	1003926.5999999997	509.6000000000001
72	0000000111001011100111011010111111110001101111101101101101010000010010000101110111001011110100100101001010010001110001100010010000010101111001000011010110101100000110000010011001100000010100100001111101101100110001101100011110111110001	1105954.4000000001	501.9
73	1100011000001010111101111011110100011111101011010011011111010011110110000010111010111111101001011101001111101001000110000001010000000010000101110110101000001000011001000010011110001100001011110001000110001111110011001110000000001101111	968817.1999999998	505.99999999999994
74	1100001100100111101001001110010110011000101011111000011110000100000110010110100111011101000001110011000111110011100110011110111000111000011011111001110000110110000111001111011100000000000100111000001010001111100010010110011111110111101	1170995.4	521.1
75	1111001011010011100100011101110001011000111100001000011111111000111100110000001000011011100100111000001111101101010101100100010100101110101100010010001100011101110100000100010010101100101011111111011001000010011100000100110000000101111	943627.4000000001	491.0
76	0011100101101100100010010110111101000001010100111011001111100001001010001101000011001011000011100000100000000011000001000001111100100101010111001101011100101011011001001010010100001010001100000110110010101100111011101001110000100001011	911599.0000000001	451.1000000000001
77	1000000111101100101011101101110110001111111001001010101010000000111100110011011011001011101111110111100000110100010001010111110011110101011101001110100110101110101111100000100100000110000100011111101010100001011000011101100101100101111	1085530.8000000003	535.9
78	0011001001010110110111000011010001100011101010001101000111110100001000010101010001000100111000111000100111001001001110111111000000010010111101100111100001010001101110001101000101111000011000100100011111000110000011001010110101100111000	1037783.4	482.0999999999999
79	1011011101001011100010010000001100111101101110110011111101100110111110100100110010010111010000111011010010110011111001101001010011111110000100101110001101001100111010011110000101100000000011001011110101010101000011111110001110001110110	1129336.8	546.7999999999998
80	0111101011001010001100011111101110111110000011000101001001101111100110001101000010111111100011111110011011110000100000011100111011001111101111010110100100011001100011101101000000001011000010000111111111000000110110000100010011100010000	1011913.6000000001	527.7
81	1010110100100010111011110100000111101101010110000011111011111011110011000101010110010000000010000110011101110000001010100000000110010000101011100110111101100011110011000111110101111110011100000110011101111110000000001011111011000111110	1134621.8	519.4
82	0110101011111110100110111001110001011001000001001100101011000101110100011001101000101100010000110101010001101101000111001000100001101010001010101111001011111100010101110101011010111001110101110000001001110110110111101010111110001010010	1131186.2000000004	525.6
83	0100000110010111001010011001001001001011100001010100000010001000101111100100011010001011001011010101100010001011100110100011111001111110101100001110010110111011010110100000111000010101101010100111100011100111111110110111110110000011000	1114408.6000000003	510.2000000000001
84	1011100110111111110001110001011010111101001111110001000110010110111010000001111011001110000101000111000101000100000000000010100001110111000000000101010000111101011010101011010000000101110101011011100101100010000000010101111001001111011	1022628.6000000001	484.00000000000006
85	1001000101010101000010101011110010111110011011001011001110000000100101111111010011011111100000000111001101001011010000100111101101110000000101110010000100010101100100000110001000111101001001100001101001001100110001010000100000110010001	876415.6000000001	460.49999999999994
86	1001111110110010010011011110011001011001000101010111111000001010011100100111011010110101110110100111111000000011001111011110101001111110101101011111110010100101010011001001101000011100101110111111010111100110100010011000101101001010100	1149198.7999999998	570.0999999999997
87	1100101111011000010011110111100001000101010110011100100101011000111010110101111101100001000000101011010000110010011011101100011001001011110010101000111100000000101100011100010101110101011010010101001010000001110001100000100011010101000	964385.3999999999	485.29999999999995
88	1000000011000001001111001111011000011000110000011000100101000101010101111110010001111111100111111111000001000111100110000010111111010010101001011111011011011101101001111001111110000001011100100000110111000010110100100000111000010110111	1065418.0	514.7000000000003
89	0001000010111100111101100110001110110010001010011010011000110010000011101101001101110001000101100111100110001011111100111001001010100010010100101101011001100101010011111001101001011111011111101110000001010011010010000010100010001010101	1006026.0000000001	501.4999999999999
90	0001101110010010111010100010000100110001100001110111111100111001001000111010101101011000100011010111000101101100101010000000101101000111101101100000000010111110110010010110100000111011011101111001100101001011011001011111010011110101100	1146932.6000000003	518.6999999999998
91	1100000000000111100111011011101100101110001000110010010000000111110110000110111111100101000011011100010000111010111011010000001100001110001000110000111101011100001100000010110101101001110001101101000100111101000111110101110011110011001	1113465.6000000003	502.9999999999998
92	0100100010110101110111001110000111110100001001001001000010111111000100111001100000111001110000110011101011111011111101011011100010101001011010000101001101111110010011011100101111011110100101111010100100101001111111110010100000111011010	1185433.0000000002	557.6999999999997
93	1100011110100111111001000100001110101101111110100110010010000111101001111001001100011011101001100101101010010000110111101111110110001110110011100111001110111101100000110000011111001000011101100001010011111110101000011111011110100001011	1162138.8000000003	562.6999999999998
94	0110000110010111000001110110001100100110000111100000100101001101111100010100000000111011111011011001010010001011111111110100100111100111111101100100100011010100000011110000110111101001101100001001011011011100001110111101011100000110111	1108221.6000000003	525.0
95	1101101101100010100101001100001100000010010101110000111101010001110101001101101010010010000010000100100011010110011100011000001110100101001111000000100100000110001100100000001100100010110110100000011010101111000110001100001111001110001	956064.8000000004	439.30000000000007
96	1110101101100110100000101111011011110110111111111010010101101000011010011100011101100111010011110001110111100011110010010101000001000001000001010100000010010001101011111011111000101010000101100011010001001010110010100010101001101100110	1023817.4	518.0999999999999
97	0101101100100110000101011110100100100100111101011101111000110000110001111001001111100101100110100000001001000011110111100011001110001101001001010110111001001111001011011000001010001011101001011000000011001001001101010011011100100000101	961437.8000000002	488.5999999999999
98	0111100000000001101010110011110110000011101001010001010010110011000110001110000101100000001111100100010111011010011101101010101110001000010001011010111011000001001001001010100010011000011011000001010011011010100110110011000010011101011	976177.8000000002	459.8000000000002
99	1111000111010010000000000001001011011100101101001111100011001011000000110010100111100110000010101110110100001001010111001000001000100001011011001000101011001011001101010000000110001000111011011101010010011101101001110101010000110011110	984324.0000000001	460.49999999999983
