SOLUCIONES FIN 

0	10101001010000010101001011000100001100010101101001110110010000100100000100101011011000110010010110011000010010101100000111110000100001000000101111001110001001010110001001010111000100000100110000000110001101000010000000010100001100010011	847351.8	390.49999999999994
1	11111011110101000011011111000101111011111100001100000110101101000101011001011010100011011011110010000011000101011011011011100000111010010000111100110010101001111111100101110100010011101011110010011001101100010011011111111001101110101111	1358846.0	569.3999999999999
2	11100111101101100000000000000000000000000000000000000000000000000000000000000000000000000000000000000000000000000000000000000000000000000000000000000000000000000000000000000000000000000000000000000000000000000000000000000000000000000000	39716.4	48.50000000000001
3	00110010010011111010000000000000000000000000000000000000000000000000000000000000000000000000000000000000000000000000000000000000000000000000000000000000000000000000000000000000000000000000000000000000000000000000000000000000000000000000	38865.6	44.4
4	01110110100100000111000100000100000000000000000010000000000000000000000000000000000000000000000000001000000000000000000000000000000000000000000000000000000000000000000000000000000000000000000000000000000000000000010000010000000001010000	163695.0	78.7
5	00000001101001001011111000000000000000000000000000000000000000000000000001000000000000000000000000000000000000000000000000000000000000000000000000000000001000000000000000000000000000000000000000000000000000000000000000000000000000000000	59477.6	53.7
6	01110111011101100000000000000000000000000000000000000000000000000000000000000000000000100000000000000000000000000000000000000000000000000000000000010000101000000000000000000000000000000000000000000000000000000001000000000000000000000000	95365.40000000001	71.20000000000002
7	11010000011100010011101000000000000000000000000000000000000000000000000000000000000000000000000000000000000000000000000000000000000000000000000000000000000000000000000000000000000000000000000000001000000000000000000000000000000000000000	56788.6	52.6
8	11111010100111100000101110011111010010010101000011010010000011100111111110101111111111100101110010011100110011110011101010110100111010110111101100011010111101010110110111110100010111101011110010011000011101110111100111111011001010011001	1417235.2	616.4999999999995
9	11100000101011000001000111100111001111011000011101001001110100000001010100011011011101101010111111101101100110101111101011101011111100100111101110000011110010101000011101101011101111010100010110011011110010001110111101000101110010101101	1333612.9999999998	569.5999999999998
10	11101111111100100110100111010110010111010101010101100001111010100010101001011000111000100011111001001011000110010010001010011000111001000010110011001011101101110011110011000100100010000010001001011000101101101011001101010111010111011111	1251721.9999999998	521.5000000000002
11	11100100110111000001000110111101100111110100101101000010111010111001001011000011100001011111011000100111100100111100100001110111111110000110110100010010010001011101010011010100101101001010100101000110010100000100110110111110011100110100	1198571.2000000004	523.8000000000001
12	10011011011111001000001000000000000000000000000100100010000000011000000000000000000000000000000000000000000000000000000000000010000000000000000100000000000000010000000000000000000000000000000000000000010000000000000000000000000000000000	119519.6	93.7
13	00001100110101000000100011101101100101110100000110010110110111101101000100101101000001110110100110001010110100000001000101111100110000010001010110011010100110001110011100101111001001001101000001000000110110001110011110111000011100111110	1145488.2	476.00000000000006
14	10011110000011110111011010101101110001111011111011110100010110111010010010101111001010011000000011001010000011111000111110111111110010111000010110111111011111111110111100011101011101101101011000110000010101000000011111110011101011101111	1426989.9999999998	603.3999999999996
15	10100001011101100100010011001000110110000000000110110000110001001001101111000111101010000101010000000101110101111001000011111100111011001010100001011111011111111010110000011101011101101001011000110000010101000000011111110010010010100100	1107645.1999999997	485.00000000000006
16	11000101001100011100101010111010011111000100011100101011111011111101010101000011000111000100100010010010110111111010110000101101010011001010101011010010101000010101110000101110110101001011110101100001110111111011111011000111011010111101	1367222.0	555.4999999999998
17	00010101100101110000011001000010110110001101001110101011101010010111111000101001001110110100000001111011001011010000101110000100000100011001100001011000011000111100001110010001111101110110101110100110101001001001010000101010010001110010	1100644.4000000004	477.49999999999983
18	01110000000011100001011100101000000000000100000000000000000000000000001000000000000000000000000000000000000000000000000000000000000000000000000000000000000000000010000000000000000000000000000000000000000000000000000000000001000000000100	118334.6	72.4
19	01001001111100001011110000000000000010000000000000000000100000000000000010000000000000000000000000000000000000000000000000000000000000000000000000000000000001000000000000000000000001000000000000000000000000000000000000000000100000100000	163019.8	84.4
20	01011111101001011011010011101010101110111101001101001101111111011110101110001000110001011001111110100111111011110111101010111100111010111111011111011010110111111010101000011101111111001111110101011000010001000000000111111111010101000001	1386942.0	639.0999999999996
21	11101000101100100001000011101011100000011110001010000100000001000010001111110000011111100010101011111010001101111011101110010010100000011010111010101100110010101101101010000000111011000111111001101100010010101010001001110100100010101101	1114453.5999999996	486.1999999999999
22	01100001001011000100001001000000000000000000000000000000000000000000000000000000000000000000000000000000000000000000000000000000000000000000000000000000000000000000000000000000000000000000000000000000000000000000000000000000000000000000	36257.2	40.5
23	10100000101111111001011110000111000110000000110011011010110011010100011010101011010010100111011110000111011110011101011100001000010100000111100010001010111000100110110000100011110110011010010100111100000001000000000000111010111001110110	1106223.4	479.7999999999999
24	10100001000001111100011100000000000000000000000000000000000000000000000000000100000000010000000000000000000000000000000000000000000100000000000000000000000000000000000000000000000000000100000000000000100000000000000000001000000000001000	145351.0	79.8
25	00101000100101100000001101101010011011000001010000000000100000110100100100111100101110000110111100010010011010110111110000110010111000101101011110100010000101110000010100000111010000100010000110000101000111001011110000101101010000000011	912452.6000000002	418.79999999999984
26	11101111100010100111001011101101100101111100000111110100010000101111010010111011101010011111011110010010100110011101001100001001101101000110111101011111110111110100100110110001010000101110000011100100011110011101100011000000110110010101	1216587.0	556.9999999999998
27	11000111001111001001000000000000000000000000000000000000000000000000000000000000000000000000000000000000000000000000000000000000000000000000000000000000000000000000000000000000000000000000000000000000000000000000000000000000000000000000	41552.799999999996	48.800000000000004
28	10101001000001100001101100000100000011101000000010100110001110110010011001000100000101010011000000000010110001001100011110110000101110000111110000100101101111000010101000001100001101001000110011100011101011000001100000011101011001011110	1037349.0000000005	417.1999999999999
29	00101011010011100011111001111100111111010011110000101111111110101011000011101101101000110110110111101001110011111011101111110110011011100010100110110101101101100001111011000001011111101010010011011101001001111110011001010111011101111100	1494585.1999999995	632.2999999999996
30	11000000011001111111000000000010000000000000000000000000000000000000000000000000000000000000000000000000000001000000000000000000000000100000001000000000000000000000000000000000000000000000000010000000000000000000000000000000000000000000	88477.79999999999	71.50000000000001
31	11010001101101001111001001001010100101011101100110011000010010011000110010000100010101011010011100001010011100101000100000100110111000011100001110100100000010100111010001001110101000101001100001100000011100110111000000010111101100011000	1070349.4000000001	453.20000000000005
32	00011100101110000110100010000000000000000000000000000000000000000000000000000000000000000000000000000000000000000000000000000000000000000000000000000000000000000000000000000000000000000000000000000000000000000000000000000000000000000000	43247.4	47.9
33	00001110000011100111111101001111110110000001001001000001000100010000111001110100010011110001001001011011011010110101000011000111000110101100001100110000110001010001000101001011100010011100011110111110000010110001000110001110000111101101	1124069.1999999997	472.09999999999985
34	10000100000101010000011011100000000000000000000000000000000000000000000000000000000000000000000000000000000000000000000000000000000000000000000000000000000000000000000000000000000000000000000000000000000000000000000000000000000000000000	43002.79999999999	44.9
35	10000100000110000011001001100000000000000000000000000000000000000000000000000000000000000000000000000000000000000000000000000000000000000000000000000000000000000000000000000000000000000000000000000000000000000000000000000000000000000000	38108.99999999999	40.4
36	01000101010011000000100000001001000000000000000000000000000000000000000000000000000000000000000000000000000000000000000000000000000000000000000000000000000000000000000000000000000000000000000000000000000000000000000000000000000000000000	37772.4	40.400000000000006
37	11000011111011110000000000000000000000000000000000000000000000000000000000000000000100000000000000000000000000000000000000000000000100000000000000000000000000000000000000000000000000000000000000000000000000000001000000000000000000000000	72276.6	61.8
38	01011111101010000101000000000000000000000000000000000000000000000000000000000000000000000000000000000000000000000000000000000000000000000000000000000000000000000000000000000000000000000000000000000000000000000000000000000000000000000000	41406.99999999999	48.4
39	10001111100000101000100000000000000000000000000000000000000000000000000000000001000000000000000000000000000000000000000000000000000000000000000000000000000000000000000000000000000000000000000000000000000000000000000000000000000000000000	40089.799999999996	44.099999999999994
40	10000010111101100110100000000000000000000000000000000000000000000000000000000000000000000000000000000000000000000000000000000000000000000000000000000000000000000000000000000000000000000000000000000000000000000000000000000000000000000000	43162.2	48.8
41	01011000100110010100100001000000000000000000000000000000000000000000000000000000000000000000000000000000000000000000000000010000000000000000000000000000000000000000000000000000000000000000000000000000000000000000000000000000000000000000	46356.19999999999	47.8
42	10010011110010111010000000000000000000000000000000000000000000000000000000000000000000000000000000000000000000000000000000000000000000000000000000000000000000000000000000000000000000000000000000000000000000000000000000000000000000000000	41681.799999999996	48.4
43	11010001001000101010100000000000000000001000000000000000000000000100000100001010100000000000000000000000000000000000000000000000000000010001000000000000000000000100000001000000000000100000000000000000000000000000001000000001010000000000	211023.99999999997	100.9
44	01101000010010011000010100101000001011100010101010011001001010101111100110001101011011010100000001000110000111011001111011100011101100001100010111011110101011010011001001010000001001000001000000111101010010100110100010001110101001000000	997598.8000000002	453.40000000000003
45	01111001111000001001110000110111111011011101011110000111101100101011100011110110001100111000111010111000000001111111001000110101101000110101011000100110011100111001001101010111100001000101000001101000100011111001000010001101110011001111	1191099.4	528.6999999999998
46	10010010000010110101000000000000000000000000000000000000000000000000000000000000000000000000000000000000000000000000100000000000000000000000000000000000000000000000000000000000000000000000000000000000000000000000000000000000000000000000	38793.0	40.3
47	01110011010110110010101111011110101100000001001001100111001101001100111111100101010111000101010000111011010001111110101100111110100110010011101011101111110110100111110011101100110110100011000111101111111111101100010010110101101001010011	1371916.6	596.0999999999995
48	01100010100001110000010101001110111000000100000011001101000001001100100000101100010010000101111100101010010111111011100001101100000101101110100010000011100000000001000100011101111110111110100000111001111101101101110110010010100101110011	1167943.6000000003	469.4
49	00000101000100110001001101100100010000111101100001000100110000110111001011000001100101010000101111110001001011001100001100000010011100010011010111011011110010100001111110111000011011100100100101100001100101000100001000100100001000010101	953879.2000000002	433.7999999999999
50	01101011000101011111011011000000001100111110100010001100010010010111100011110110100000001001100101000011111000100110011111010011111111011000100101000101011011110111111110111101100011101101101100001011000101001110101011010010111000001001	1240750.0	539.4000000000001
51	11110111010010010000000000000000000000000010000000000000000000000000000000000000000000000000000000000000000000000000000000000000000000000000001000000000000000000000000000000000000000000000000000000000010000000000000000000000000000000000	64499.6	57.400000000000006
52	10011111010100011111101011010010110000010111101001101100100011100101110010001011101100100111010100101101011111101101110001011100011011110100001100000100001001101011001111001001010011101110001110010111101111001001101000100010101110100101	1244570.9999999998	547.1999999999998
53	11000000011010111111000000010010000000001000000000000000000000000000000000000000000000000000000000000000000000000000000000000000000000000000000000000000000000000000000000000000000000000000000000000000000000000000000000000000000000000000	59305.2	62.4
54	10011110111001101111101110111110110101101011100011101111101101010110001011111011101111101110010000111111010101111110001100110101000111000010100011010111001000111110100111011001101011001101001100011111100111010111100101111111101011101000	1483147.2	639.9999999999994
55	11100010100111100011000010000000000000001100000000000000000000000000000000000000000010000000000000000000000000000000010000100000010000000000000000000000000001000000000000000000000000000000000000100000000010000000000000100000000000000000	143849.0	97.1
56	11101010111101000111101101001101010001010010001110001000101101101100101110010011100011100010001000110011110010000011101111011100011010011110001000000111111001100010111101011101010001100011001101101000110000101000010100011000011010110111	1131382.4	503.7
57	01011010111101101000000000000000000000000000000000000000000000000000000000000000000000000000000000000000000000000000000000000000000000000000000000000000000000000000000000000000000000000000000000000100000000000000000000000000000000000000	54476.6	52.1
58	00100110000100111001101011001010110000100011011111000101100001111000101101010110001011011011000101001100001001010000111110000110101011101010101101110000011111010101000110001001000101110100110101011001111011001111100100001100100001001100	1109568.4000000001	495.2
59	11010011010110110000100000000000000000000000000000000000000000000000000000000000000000000000000000000001000000000000000000000000000000000000000000001000000000000000000000000000000000000000000001000000000000000000000000000000000000000000	71849.4	61.5
60	11100111011001110000000000000000000000000000000000000000000000000000000000000000000000000000000000000000000000000000000000000000000000000000000000000010000000000000000000000000000000000000000000000000100000000000000000100000000000000000	77938.0	60.2
61	00100001001110010111100011100111001111010000011111001001110100000001011000011011011101101010101111101100100110101110101011111011001101110001011011010110101001101001100001010001101000100100000001100011110010000100011000101011100110110111	1160734.4000000004	507.5
62	10000111101000101000000011000000000000000000000000000000010000000000000000000000000000001000000000000000000000000000000000000000000000100000000000000000000000000000000000000000000000000000000000000000000000000000000000000000000000000000	60792.79999999999	57.800000000000004
63	01010001010010011000111000000000000000000000000000000000000000000000000000000000000000000000000000000000000000000000000000000000000000000000000000000000000000000000000000000000000000000000000000000000000000000000000000000000000000000000	40082.600000000006	44.2
64	11100100001100111110001101100001011110001110111000010011111111001001101111000111111010000101000100000111110011111001000011110010110101000110101110100010001011010101101000111110100010101101010001011011000001111010111010101100011110000110	1192718.7999999998	533.0000000000003
65	01111101101101000010110000010111011010001010111111111000011111001010110000110011000000110110111000000100010010111110101010110011100011111001001111000111010111110011000101011101101000011010010000010100111111111100101011010000100010010110	1158577.4000000001	529.8
66	00010000000000000000010001111100100110111100000101101001101001010100100011011010001010001001001001100100011110100100011010101011000010011100000110011001010010110011000000011011011111010001001110110100001110101000011111001011010101111001	1174221.4	452.2999999999999
67	11110011100111100000100110011011101010111101011101001000010010111001100111110110001100111000110000111000000001100111111011110100111010010100101100011110111100011111000000101011111100101001000011000000000001000010111011101101111111111101	1334801.8	543.5999999999999
68	01011111110010110000000010000001000000000000000000000001000000000000000010000000000000001000000000000000000000000000000000000000000000000000000000000000000000000000000010000000000000001000000000000000000000000000000000000001000000001001	172239.8	88.4
69	01001011001110100100001000000000000000000000000000000000000000000000000000000000000000100000000000000000000000000000000000000000000000000000000000000000000000000000000000000000000000000000000000000000000000000000000000000000000000000000	45121.8	48.3
70	10111111000110111000000000000000000001000000000000000000000000000000001000100000000000000000000000000000000100000000000000000000100000000000000000010000000000000000000000000000100010000000000000000000000000000000000000000000000000000000	116056.0	88.99999999999999
71	01111100101000011001000011111110101111010101111001001110001101111101111101111101101111000010001011011011101011100111111011110111100010101101110100100111101101000011111011101110111010000010011001100111000111111100111001010010000010011110	1310872.9999999993	605.6999999999996
72	00010001001000111110110000000000000000000000000000000000000000000000000000000000000000000000000000000000000000000000000000000000000000000000000000000000000000000000000000000000000000000000000000000000000000000000000000000000000000000000	40939.6	44.2
73	10001100010111101100000000010000000000000000000000000100010000000000000000000000010100010000000000000000010000000000000000000000000000001000000000000000000000000000100000000000000000000000000000000010000100000110000000000000000000000000	163584.19999999998	101.89999999999999
74	00110010001000000010000011001011011010001011001011001101100100001010001001010100100011110101001011011011110011110110111010000010111111001100001100100100111100110011011110001010100011110011101110001011001011001010010111000101111101000000	1210453.3999999997	502.89999999999986
75	01110100111011010101111100100000111101000101100001110011101001011110110001101000111010010001110111001001011000011011000001000000011110110001111000100110101010101000001010100100010011111010111101000010100000101111011101100011101101101110	1232015.0	511.99999999999994
76	11101000011100100101101000000000000000000000000000000000000010000000000000000000000000000001000000000000000000000000000000000000100000000000000000000000000000000000000000000000000000000000000000000000000000000000000000000000000000000000	68325.6	67.4
77	11011100001010101100111010101100100111000010011000111111101101111101110110000000001101000110000010101001110001001110000101011010010011101111101001011111110010101000011101101011101111110100100111011011001110010101110101111110101011101010	1387793.2	568.4999999999997
78	00000101011100100100100110000000000000000000000000000000000000000000000000000000000000000000000000000000000000000000000000000000000000000000000000000000000000000000000000000000000000000000000000000000000000000000000000000000000000000000	41530.0	44.7
79	10001101111100001010010000000000000000000000001000000000000000000000000000000000000000000000000000000100000000000000000000000000000000000000000000000000000000000000000000000000000000000000000000000000000000000000000000000000000000000000	54888.4	57.60000000000001
80	01011100001011010011100000000000000000000000000000010001000000000000100000000000010000000000000000010000000000001000000000010010000000000000000000000000000000000000000000000000000000100000000001000000000000000000000001000000001000010000	214668.60000000003	106.7
81	10111101111100000000000000000000001000000000000000000000000000000000000000010000000000000000000000000000000000000000000000000100000000000001000000010000000000000000100010000000000001000010000000000000000000100000000000000000000000000000	144481.19999999998	88.5
82	10010100110110100000001100000000000000000000000000000000000000000000000000000000000000000000000000000000000000000000000000000000000000000000000000000000000000000000000000000000000000000000000000000000000000000000000000000000000000000000	38898.4	44.2
83	10000100010100000111110100110011011010111111101110011101100101010100010001111000001110110011011100011000010010100001010100100111011010011001010010001101111010111011101010101011001100111010110000110101001001110000101011010001110100101011	1216634.0	520.8
84	10001101010110101001000110111101001001010000000110111110110010101000000100011010000001011011010100011101000001001000010111111010101011000000000110001110001100001110000111110111010001100110010011000101010000011010000110001010001100000100	949018.2000000002	438.29999999999984
85	01100001100010011111100000000000000000000000000000100000001000000000000001000000000000100000000000000000000000000000000000000000001000000100010010100000000000000010000000000100000000100000100000000000000001000000000000000100000000000010	216833.19999999995	115.30000000000001
86	00110010110111100000000000000010000000001000000000000000000110100000000000000000000000000000011000000000000000000001000000010000000000000000000010000011000000000000000000000000000000000000000000000000010000000000000000000000000000000000	130070.20000000001	95.1
87	00000110101101100001101000000000000000000000000000000000000000000000000000000000000000000000000000000000000000000000000000000000000000000000000000000000000000000000000000000000000000000000000000000000000000000000000000000000000000000000	40369.8	44.1
88	00011101000011110011111010100011111001111101010101011001110000000100001110001000101100001101011010110100100101100010001010110010111001011001001000011001010000100111011101101001101010111101100001010001101100110010010010001000010100101100	1065625.7999999998	482.40000000000003
89	01011000110001000101100000001100010110000111011000010100000001010000010010011011101100010010001101010100001001010101100100001001111010110110000101100110000110010100010100011111101110000000001100011111011000111101011110111100110101110111	1172876.2000000002	453.8
90	11000001110001100111000000000000000000000000000000000000000000000000000000000000000000000000000000000110000000000000000000000000000000000000000000000000000000000000000000000000000000010000000000000000000000000000000000010000000000000000	81813.0	61.8
91	10100100111101100000011010100111111111000111110011110000011100000010001110001110010101111010011000100110011110000011011100110101000110000010100011010111011101011001101111000000001010100010011111011000001101000000001100000011011101011100	1159224.7999999998	499.5999999999999
92	10001001011010101011000000001000000000000000000000000000000000000000000000000000000000000000000000000000000000000000000000000000000000000000000000001000000000000000000000010000000000000000000000000000001000000000000100000000000000000000	102952.20000000001	67.7
93	01001011101100100100100011100101010011011000101000001000100101110001011000111010000011000100001001011010001110010001010101000001101011011100100100011100000110110110010000110001100101100110000010011101000011100111011010111100100000010111	994271.8000000004	439.4
94	11000010100010111011010000000000000000000000000000000000000000000000000000000000000000000000000000000000000000000000000000000000000000000000000000000000000000000000000000000000000000000000000000000000000000000000000000000000000000000000	42750.4	48.300000000000004
95	10110011011011100011011111001111100001001001001011001101011100111101111010011000111011101110101110010100111111101101110100100110000100110101101100011010101111010111100101110100010111101011110011011001000001000010111001100001111110111100	1383885.7999999998	589.9999999999995
96	11100111010110111010110100111111010001111000111111111100010011101000001100100000110110010100111101100100101110110110001001011000100100000101000001100111001000001111011010001001111000100011001100110001000000001111101001100011101110001111	1160485.5999999999	508.19999999999976
97	00110101000110100011100000000000000000000000000000000000000000000000000000000000000000000000000000000000000000000000000000000000000000000000000000000000000000000000000000000000000000000000000010000000000000000000100000000000000010000000	105146.0	57.39999999999999
98	11110011100111100000100110011010101110110000111110010010101101001110101110100011111110010101001011110101101111001111011111111100111011001011100001010111010000101101100101100111010010110110010001111110111101110010100110011010001000010011	1242593.2000000004	580.9999999999995
99	10001001110001100001110000000000000000000000000000000000000000000000000000000000000000000000000000000000000000000000000000000000000000000000000000000000000000000000000000000000000000000000000000000000000000000000000000000000000000000000	40396.4	45.3
SOLUCIONES FIN 

0	001011011010111001000100000000000000000000000000000000000000000000000000000000000000000000000100000000000110000000000000001000000000000000000000000000000000000000000000000000000100000000000000000000000000000000000000000000000000000100000	122580.4	76.30000000000001
1	110010111011111000010000000000000000000000000000001000000010010000000000001000000000000000000000000000000000000000000000000000000000000000000000000000000000000000001010000000000000000000000000001000010100000000000000000000000000001000000	175771.39999999997	97.39999999999999
2	111011000000100011010001100000000000000000000000000000000010000000000000000000010000000000110000010000000000000000000010000000000000000000000000100000000000000000000000000001000000000000000000010000000000000000000000000000000001000000000	157062.8	94.2
3	100011111111010110000100000000001000000000000000000000000100000010000000000000000100000000000000100000001001000000000000000010000001000000100100000000000000000100010000001100000000000000000000000100000000000000000000000000000000100000000	227834.8	132.2
4	011111001111010110011011110000111011110101101001010110011100110010111100111001110111101001111100101011100110000100011111010100101101110100011011010011011110101001111100000000000011111110111111110011001010111010011111110110000110111011100	1405682.8	610.8999999999995
5	100111111001010110000000000000000000000100000000000000001100100000000000000000000000000100000000100000100000000000000000000000000000000000000000000000000000000000000000000000000000000000000000000000000000000000000000000000000000000000000	84053.40000000001	79.7
6	111110110000001100101111110101111000001000011011111110101111000010010100111101101010110101110100011101100000011011001110100000100100111100100100110100001111001110111111000010111110101010110000011011000101111010000001100101100101010111001	1249488.5999999999	547.3
7	110001110111000111000000001001011100000011111111101011110101000000101110100111010101101000101101011011111000100011110100111011011110101001111001111111100000101001110000110000101111100101100111001100101110110011101001011011101001101110001	1321484.6	566.2999999999995
8	111001000011011100101110000011101010101001100010101100100000111000111111001100011010101011011111010000010100100010100000010001000011111000000110011001001010110110100010000011010100010000100111111100100010010001110111000011100110101011110	1107611.4	470.0000000000001
9	010101100001100011001100011111110011100101111000000101010011010000111111110100100000001110011010111000100000100111011101001011011110011000111100010011101010110000011111010111011111001011000100000111000000101010100101011100100101101111000	1237844.7999999998	523.2
10	001111001011011011001000100101011110000000011010111111000011001011101011101100100101001110010000110101010101100111010000000000011101111101011010111111011100000111100000001000100101010011011000001100010000001011010001100011000100000001001	946474.0000000003	468.1000000000002
11	110110010011110100011111100000000100000001011110001100110101101010001001110110010000101000110011110011000011000011110001110101111010100001101110111110101110010000010010101111000100100100010100100011000000101101010100010010100001000000100	927760.2000000001	462.1000000000001
12	111100101100011101000000000000000000000000000000000000000000000000000000000000000000000000000000000000000000000000000000000000000000000000000000000000000000000000000000000000000000000000000000000000000000000000000000000000000000000000000	40562.2	49.1
13	010011100000010001010010000100101110001010000010110010110101010110000000001001010000111110011100111001100000011000111111000001101110011000111110101011001001101101001110011100100101000000111001101011100110110011010000100100010101110000000	1071004.5999999999	461.70000000000005
14	001110000110001111101100000001101000110110010110001101110011111001101101010100011001010111110110001000001010101000010100100000101100010110100100001101111101101110001011000000000101011010101100010000100000010111000001111001101000010011000	1015666.8	465.7
15	001111110011110111101000100011010100000010001010111001000110101010111111111001010101110000110011011101100000101010110000111101010000100011001110110000011011000001011001001000110011111100000101011110001100100100110111000101011000010000001	1042110.4000000005	493.29999999999995
16	011111011111110110111011110000111011010101101011010110011101000011100111011000111110110111010011110011011111010011110010110000010101111001101010011000101011001101110000011011010110110010101001000100011100111010011111111100000010111011100	1317325.4	598.2999999999996
17	111010110100001101000001000000000000001000000000100000000000000001000000000000000000010000000000000000000000000000000000000000000000000000000000000000000000000000000000000000000000000000000000001001000000000000000000000000001000000000000	127186.99999999999	80.39999999999999
18	100100111110100010100101000100000000000000000000000000000000000000000000000000000000000000000000000000000000110000000000000000000100000000000000000000000000000000000000000000000010000000000000000000000100000000000000000000000000000000000	103422.20000000001	80.0
19	100010111001011011000100000000000000000000000000000000000000000000000000000000000000000000000000000000000000000000000000000000000000000000000000000000000000000000000000000000000000000000000000000000000000000000000000000000000000000000000	42380.799999999996	48.800000000000004
20	010111011010001110101011111010110010110011111000010011000110010110100001000001101100010011001110100101101010000000000111000111110000011001001100100100011110101011000000110111011000000100111001011101100011000010001010011000110110111011010	1166774.4	485.4
21	001011101010010101001111010001010010010010010100010100111001110100111110010011000011000111110010111110100000100010111011010100011000111101100011111111001001110001000000100010100010000100111010000111100100010011000000011101111111100101010	1178305.4	496.09999999999997
22	111110011110000100100000000001000000000000000000000000000000000000000000000000000000000000000000000000000000000000000000000000000000000000000000000000000100000000000000000000000000000000000000000000000000100000000000000000010000000000000	103787.2	66.7
23	010110111000101001000010100000000000100100000000000000000000000000000000000000000000000000000000000000000000000010000000000000000000000000000000000000000000000000000000000000000000000000000000001000100000000000010000000000000000000000000	103461.8	74.60000000000001
24	101111000011100111000000000000000000000000000000000000000000000000000000000000000000000000000000000000000000000000000000000000000000000000000000000000000000000000000000000000000000000000000000000000000000000010001000000000000000000000000	73349.4	57.199999999999996
25	010111100001010000111101011011100000100001110011000011100101011111010011001110001001110010000001101110011000100010000111011111000011010000011000000011110111100011011111111011100000010001110010011101111111110101010001101001100001011000010	1154983.4000000001	507.59999999999997
26	110100111101110000110101000111011011110001001111111101010101010101001010001011110111110100010000010010101100001101010011000111101101011001110010010111011010100101001001010100111101000011111110000011011011010101100101000010100101110111100	1269831.7999999998	547.8999999999999
27	110101000010011101110101001011110101001101010011010000011110111000011100100110000010000100101101010011101100101000001000111100101111001111101110010001101100110011100110100111011011010000010101000101101111001010010001000001100010110010010	1101802.4	499.79999999999995
28	011011000010110110010000000000000000010000000000001000010000000010000000000000000000000010000000000000000000000000000000000000000000000000000000000000000000000000010000000000000000000000000000000000000000000000000000000000000000000100000	117452.2	75.80000000000001
29	111110111101110000000000000000010000000000000000000000000000000000000000000000000000000010000000000000000000000000000000000000001000000000000000000000000000000000000000000001000000000000000000000000000000000000000000000000000000000000000	77426.2	71.10000000000001
30	111001010011101010101000101110010101010111101100100100011011011101111110011110011000111111100110011010100100101111101011111010010100111110000110110101010011111111101111010001000100111100101010110010000101110011110110101111010111011111100	1463085.5999999999	611.7999999999996
31	101000100110100000000101000000000000000000000000000000000000000000000000000000000000000000000000000000000000000000000000000000000000000000000000000000000000000000000000000000000000000000000000000000000000000000000000000000000000000000000	30882.8	35.800000000000004
32	100011100000100000011101011001101111110010000100001100111011000011101011101111010011100011001000100011011000000010001101001110011111010010100000000011010011111010100000010100101110110010010000101001010010100000011101111100111000001100101	1047423.8	464.00000000000006
33	111010100110001111001101011010101011001011110011110111110110100001111001001000101101010101001100110110111000011101110100011101011001110010001001100011100001010011110101010101010100111110100011000001111110010110101110100111111111111010011	1415457.3999999997	579.8999999999994
34	110111000001111001100000000000000100000000000000000000100000000000000000000000000000100000000000100000000000000000010000000000000000000000000000000000000000000000001000001000000000000000000000000000000000001000000000000000000000000000000	115675.00000000001	84.7
35	100100011001111110001000000000000000000000000000000000000000000000000000000000000000000000000000000000000000000000000000000000000000000000000000000000000000000000000000000000000000000000000000000000000000000000000000000000000000000000000	42383.799999999996	48.800000000000004
36	100111101100100110001000011000000111010001101101111000101001011101111010001111011001111111011000101010001010101110001111101010010110100000011101001010100011100010101111010110101010000010010100110111001000010000000001110011010011010110001	1127490.2	503.79999999999995
37	000100110100011110110111110110011001001101010011010110011110111000011101000110110101101000000100101110010100100011010010011010011101010110100000000010110111101000011101101000111001011011001110010100000100000101000110001001001001011011001	1107778.4000000001	493.5999999999999
38	011111101101010010011001000101101111100110111111011011001100010111001001011100111000000101111101010010101111000000001110101001111010110100011011011011110110111010011010111111011111011000101000011100011000101111100011100001100100011100011	1273565.6	573.2999999999996
39	110010000011000101110100000000000000000000000000000000000000000000000000000000000000000000000000000000000000000000000000000000000000000000000000000000000000000000000000000000000000000000000000000000000000000000000000000000000000000000000	38366.2	44.0
40	011101100000111101111001100101001001110101001001000011001101101110010010100011011100100000010010001110100111010010110011101011111100111001001000010110110010101011000010110111011001010100111101011011000110000101011000111111000011111011001	1265767.1999999997	529.2
41	111000111001101110010000010000000010000000001000000000000000010000000000000010000000000000100000000000000000000000000000000000000000010000000000000010000000000010000000000000000000000100000000001000000000000010000000000011000000000000000	184104.0	113.19999999999997
42	111011111011000001000000000000000000000000000000000000000000000000000000000000000000000000000000000000000000000000000000000000000000000000000000000000000000000000000000000000000000000000000000000000000000000000000000000000000000000000000	39224.399999999994	48.3
43	101000001000000101001100010111011001010000011010110101101010001011011001001011100011100011010010100001110101000000001101001010100110111110000000010011011001101100110110010101011110111111000000011000101011100010110100111110001001111011111	1219578.7999999998	484.4000000000001
44	110101101111100010010000000000000000000000000000000000000000000000000000000000000000000000000000000000000000000000000000000000000000000000000000000000000000000000000000000000000000000000000000000000000000000000000000000000000000000000000	43762.0	52.1
45	010111100001010000111101011011100000100001101000101001111010111011110101100111110111001000100110101100110100000010111100101001101010100110011101101000110100100011101011100111000000111110100110100000000001010011010000011001100001011000010	1040839.0	491.1999999999999
46	011011100011011011001010000000000001010000000000000000100100000001000000000100000000010000000000000000000000000000000000100001000000000000000000001000000000000101000000000000000000000000110000000100000000000010000000000000000000000000001	210503.19999999998	130.00000000000003
47	011010110001000110001110000000100000000000000000000000000000000000000000000000000000000000000000000000000000000000000000000000000000000000000000000000000000000000000000000000000100000000000000000000000000000000000000000000000000000000000	62674.0	57.90000000000001
48	010011110011100110100000000000000000000000000000000000000000000000000000000000000000000000000000000000000000000000000000000000000000000000000000000000000000000000000000000000000000000000000000000000000000000000000000000000000000000000000	41486.2	48.1
49	010011001110010001110101110011010011111101011011010100001001110110001001011010100101111111100010011001110010110000100110001100101111111001111010000010111010101101000010100010001000000001000101110011111111011100100100100010011011000101001	1155362.5999999999	519.5
50	110010100101100011001000100000000000000000100010000000000000000000000000000000000000000000000000000000000000000000000000000000000000000000000000000000000000000000000000000000011000000000001000000000100000010000000000001000000000000000000	140039.4	83.10000000000001
51	101100000011101000000101011011011101000110000101111110010001011000010001011000111100001011010000010001100001111101111001011011001000111101000110110010010110111111100000000100101111011011010001000110010011110001010010000111101101010000000	1083855.8	484.1000000000001
52	000101001101000111100110011000111111100011010100011011110111000000010001011110011011000100101001100011001111101010000001100000010010111011001010011101010100010011001011001110101000100100000010010011000010100110100010001000011010011010000	1023748.8000000002	461.2000000000001
53	111001000011011100101110100011101110101001101010110010100011111110111101001000001100000100101101111101101101111111101110111111110010111111100011111101010101110101100111000110100100001110101011110010010100100111011011001010100110111011110	1399566.3999999997	607.7999999999996
54	100111100101101000000000011101000110011110100011001011100111101001101100101100001101101100101100010101000111101001100011100110000101110001010111101100000000001000100110110011100100011011100101011111101010010101101011000000001101000110110	1116617.6	492.2999999999999
55	111100100011010100110000000000000000000000000000000000000000000000000000000000000000000000000000000000000000000000000000000000000000000000000000000000000000000000000000000000000000000000000000000000000000000000000000000000000000000000000	40781.6	48.7
56	111000100101001101110000000000000000000000000000000000000000000000000000000000000000000000000000000000000000000000000000000000000000000000000000000000000000000000000000000000000000000000000000000000000000000000000000000000000000000000000	41857.6	49.199999999999996
57	010110001000010010010011111000000101111010110011111011101111011110111001001001001111111010111101010111110001100010001101010100101011010011010111100110011001101111111011110111100010111011000011100011011001001001001011111010010111101011011	1410564.5999999996	588.2999999999997
58	101111110010010001111001010111111101100100111010001111100001101111011011001101000010010100100011110011011101111110010011010110001100111110011111000000101110110000111100110010011111101010001101010110101001100101010100000101111001000000011	1170475.6000000003	554.7999999999996
59	111010100110001111001101011010101011001011110011110111110110100000111010010111011101111101100010010100111111001100001110101000010100100000101100001111111111100111101101100000000100110111101111110110100100010100001010011111111111111011011	1451437.4	590.9999999999993
60	101010010100101010110100000000000000000000000000000000001000000000000000000000010000000000000000000010000000000100000000000000000000000000000000000000000000000000000000000000000000000000000000000000010000000000000000000000000000000000000	84189.79999999999	72.1
61	001101011100111111110110001001100100100000111101100101111001100101100010011100101010111101000110000100101010100011011101011000101101110110011011001110101101101111101000011001110011100010001100010011111010100000000100110011111101001110011	1258833.8000000003	539.8
62	011001100110000111011000000000000000000000000000000000000000000000000000000000000000000000000000000000000000000000000000000000000000000000000000000000000000000000000000000000000000000000000000000000000000000000000000000000000000000000000	42395.8	48.7
63	010101110100010010000110000000000000000000000000000000000000000000000000000000000000000000000000000000000000000000000000000000000000000000000000000000000000000000000000000000000000000000000000000000000000000000000000000000000000000000000	39011.8	44.5
64	001011101100100111010100000000000000000000000000000000000000000000000000000000000000000000000000000000000000000000000000000000000000000000000000000000000000000000000000000000000010000010000000000000000000000000000000000000000000000001001	115654.59999999998	65.3
65	000011000110000011111100000000000000000000000000000000000000000000000000000000000000000000000000000000000000000000000000000000000000000000000000000000000000000000000000000000000000000000000000000000000000000000000000000000000000000000000	40977.6	44.6
66	011010110101111000010000000000000000000000001000000000000000000000000000000000000000000000000000000000000000000001000000000000000000000000000000000000010100000000000000000000000000000000000000000000000000000000000000000000000000000000000	72299.0	65.9
67	011110000111000011110101110001010111010000000011001110111101100011011101111011101111111100111011111100100111110001010110001011111000110010110101110101111011111100001010110011010101101110010010100100001111110100111011001001101000111110110	1360659.0000000002	597.1999999999995
68	100010101111001100111000100111110111001100001001000011100001101111011100011110110010100100101101010011101101110001010111001011111000100010010011111011011011001001000100011100011110000000101000111100011000111010011011001110010001011010110	1166227.2	523.8
69	010101011100110110010000000000000000000000000000001000000010000000000000000000000000000000000000100000000000000000000000000000000000000000000000001000000000000000000000000100000000000000000000100000000000000010000000000000000000000000000	113239.79999999999	79.0
70	011110100110110001101010110100110100100111100000100100101010110000101110101101111111100110101000100110110011011111010111001100000100000101011011100011100110011100100011000111110001010110101111000111011111101100010010011100000111000111111	1269117.7999999998	546.2
71	101011110100111100000000000000000000000000000000001000000000000010000000000000000000000010000000000000000000000000000000000000000000000000000000000000000000000000000000000000000000000000000000000000000000000000000000000000000000000000000	60731.99999999999	63.60000000000001
72	101111100011110000101000101011110011110100001011010100101001110110101001001000111000001011001110011000000001000001000100011001011011001010111110011001000101010101110101000001110111101011001001011110110111011101100011010001001000010000000	1050263.4	490.7999999999999
73	010101011000011110000000001000000000000000000000000000000000000000000000000000000000000000000000000000000000000000000000000000000000000000000000000000000000000000000000000000000000000000000000000001000000000000000000000000000000000000000	52710.2	48.400000000000006
74	010010100100001011110101010101010110010111011000011000110011011010100101011010000101101111101010011100110011001011011011111101101101001010010010001111010101001011011011001100110101110111110010111110000111011011100000110011100111011101111	1383078.5999999996	567.9999999999999
75	011100100000000101001000110110111100111110101101111000010011011101000001010101000000000111010111101100011111001010011010111101100111101000100110100010000111100010111110001000001110101011001111001101011111110101010011100010001000100100101	1138598.0000000002	514.3
76	010101111000001011100010000000000000000000000000000000000000000000000001000000000000100000000000000000000000000000000100000000000000000000000000000000000000010000000000000001000000000000000000000100000000000000000000010000000000000000000	117913.8	79.2
77	010110110110001111001101011110100010011100101101001111011111011110100101101011110011001000111000111111111110001110001010111001101100011110011111111100010111111111111011110010000110000001111011100010011111110011001010111100111011100001101	1422839.3999999994	627.4999999999995
78	010011110001110001101110011010010010001100001011100110111010100000111010010111011111111101101010000111001010100100100011001110000110111001011101111011011111010110001011100101100110110000011110001100111001011001001011111101110110010100110	1281264.4	555.4999999999998
79	010000010011010000110110100000000000000000000000000000000000000000000000000000000000000000000000000000000000000000000000000000000000000000000000000000000000000000000000000000000000000000000000000000000000000000000000000000000000000000000	41385.6	44.7
80	011111011001010110000000000000000000000000000000000000000000000000000000000000000000000000000000000000000000000000000000000000000000000000000000000000000000000000000000000000000000000000000000000000000000000000000000000000000000000000000	40137.79999999999	48.20000000000001
81	100110011100110011001111010100111100011101011100101100010000110101011110110001100100001010110000010101000000010011011001111111011111001101110111000110000010010011111110011111100110011010111111111011110111010011101010101110011101100010000	1353472.2	573.9999999999997
82	001001100010101100011011011011110000000101101000101001111010111011110101100101100000111001010000000001110010011010111100110100111100000001010011110001001101001110010010110001011101101010010100100010010011110110110110001111100110011100110	1191738.9999999998	507.0000000000001
83	010011010010000001001110001000000000000000000000000000000000000000000000000000000000000000000000000000000000000000000000000000000000000000000000000000000000000000000000000000000000000000000000000000000000000000000000000000000000000000000	41053.799999999996	44.800000000000004
84	000110010001100011101100000000000000000000000000000000000000000000000000000000000000000000000000000000000000000000000000000000000000000000000000000000000000000000000000000000000000000000000000000000000000000000000000000000000000000000000	39940.2	44.2
85	100101010010010111101100111101110111001111111111010101011111101001011011111001111110001011001100010001101011110001110010010011011111010111011010011000011011010011101100111101101100100100100110111111001110001101011111101011101111111111111	1578342.8	641.3999999999994
86	111001110100111010001001000000100000000000000000000010010010000010000000000000000000100000001000000000000000000000000000000000000000000000000000000100000000000010000000000000000000000000000000000000000000000010000000000000000000000000001	138956.60000000003	103.50000000000001
87	110110011100010001101100000000000000000001000000000000000000000000000000000000000000010000000000000000000000000000000000000000000000000000000000000000000000000000100000000000001000000000000000000000000000000000000000000000000000000000000	82287.99999999999	70.9
88	010001110100010000111100000000000000000000000000000000000000000000000000000000000000000100000000000000000000000000000000000000000000000000000000000000000000000000000000000000000001000000000000000000000000000000000000000010000000000000000	76183.4	57.49999999999999
89	000000111001010110011101101101001001011111001100111001000000100010010000110001000001101001000001001000011000001101011000111011110110110000001011010000111110100101111010011101101111011000100011000100010000011000000110110001111110011101110	1174807.8	468.1999999999999
90	111101000011111100000000000000000000000000000000000000000000000000000000000000000000000000000000000000000000000000000000000000000000000000000000000000000000000000000000000000000000000000000000000000000000000000000000000000000000000000000	40151.2	48.7
91	101000110010010110110100000000000000000000000000000000000000000000000000000000000010000000000000000000000000000000000000000000000000000000000000000000000000000000000000000000000000000000000000000000000000010000000000000000000000000000000	63383.0	57.7
92	111101100110110110011100001110111100001100111011100101011010000111101110000010011000111101110001011110010001011010101110010001000011111000000110010001001010110110110010000011010100110000100111111100100010010001110111000011100110101011110	1183674.8	519.3000000000001
93	000101111000001111000100000000000000000000000000000000000000000000000000000000000000000000000000000000000000000000000000000000000000000000000000000000000000000000000000000000000000000000000000000000000000000000000000000000000000000000000	38732.399999999994	43.9
94	110011100000111110010000000000000000000000000000000000000000000000000000000000000000000000000000000000000000000000000000000000000000000000000000000000000000000000000000000000000000000000000000000000000000000000000000000000000000000000000	41608.6	48.800000000000004
95	001010100101011101000000000000000000000000000000000000000000000000000000000001000000000000000000000000000000000000000000000000000000000000000000000000000000000000000000000000000000000000000000000000000000000000000000000000000000000000000	41482.6	45.099999999999994
96	111000011100110100001001000000100000000000000000000010000010000000000000000000000000000000000000010000000000000000000000001000000010000000000000000100000000000000000000000001000000000000000010000000000000000000000000000000000000000000000	119826.20000000001	89.4
97	001111000011011100010011000001000000000000000001000000001000000000010000000000000000000100100000000000000000000000000000010000000000000000000000000000000000000000000000000000000000000100001000000000000000000100000000000000010000000000000	168308.0	102.29999999999998
98	101010111001110110000000010000000000000000000000000000000000000000000000000000100000000000000000000000000000000000000000000000000000000000000000010000000000000000000000000000000000000000000001000000000000000000000000000000000000000000000	76424.0	66.70000000000002
99	010100101110011100000000000100000000000000000000000000000000000000000000000000000000000000000000000000000000000000000000000000000000000000000000000000000000000000000000000000000000000000000000000000000000000000000000000000000000000000000	38978.6	44.4
