SOLUCIONES INICIO 

0	0101010101101010111010101100100100101010111011000010110111111000010101011111001110010001110101010100001000111001101011100001011110011001111001001111111010110111010000010011101101001100110001001111011100010011000111101001000100010010110	1086054.2	528.7
1	1000111000110111100011001011110010011011000000000010111100101110110011010000000111100110010001010000000011101001010011100001110101001110110110001001110111110110110001100010001010101110110001011101001011111110101011010010011011010111001	1209941.1999999995	517.0000000000001
2	0010101000011110110100011100010101000111011011110010000110100110100100101010000000110100101100101111111010111111011100110101001111000000100111011111011011111011011110100001110010111011001111010100100001100001100011100010001110011101110	1210748.9999999993	540.6
3	1011000011010011100010001001010010001001101100111000111000101101001100111010000111101101101000101010110010000001011001010011111011101011001001001010011010011011111000111101010010001000001100110101100101111011110000111110011110010101011	1180320.9999999995	513.1999999999999
4	0011111111110100100100010111110001000111110011000011100100000000101110001100011011100000110011100011001111111100000001011100101001110100111011101100000100111110100100001010001110111110100111011010000000101111001011010101000101011111110	1191289.7999999996	526.1999999999998
5	0111101001100011000011000000111110110000010100010111101000110101000011101011111110111110000010000101001010110111101100000110011100000111011110001100110000001000110101001111010111100000011101110111010110010000001101101111100110110100000	1119791.1999999997	508.50000000000017
6	0111010001110000110110010101110001001110000000111001100110010011000100001111001011010110001100011111011111011010010100010000010001101101011001110010110111110001001000010111010100001010010011000011001000001101010000111100011000001001111	973171.1999999997	469.3000000000001
7	0000010101110111101001111100110111011001111100111111001000001100000011011010010001101000111010110011101010110010101001100100001011011010000001011100001000101000110110110011011000011001001010011111100000101100001110011011011010100100111	1076816.3999999997	499.9000000000002
8	1100001110001101001100011010000011000110101001101000111100010101000111010101110101001111011011010001000111011000111101000010010110010010100010101100101011000010110010111010011010101110010010110000010110011111111010011000101101011011010	1180466.9999999995	510.70000000000016
9	0001111001110100001000101110111010101011000001110111100001111001101111101001111001110101111111011001001011001101000110101000011011011010101010011110111000110000011010001111001010101011100000111000011011100000000100000111110000011011010	1087854.4	526.3000000000003
10	1111111000111101010100110101101110011100100111001011101100100100111101100110011001111000010111101101011110010110000001111111001111110001100101101011111110100001111101011110100011110110111101000011000111110011110010111101111101010100011	1337637.2000000002	614.4999999999998
11	0010101110111110010000001000110001100110110011000011010001010110111001110110001110001011000100011011111001010001100011000111001001101000110100101001011100110001100011101011000001100011000101001100000100110000000010001011110000000100000	871403.9999999997	450.1
12	0110001101001010000010011100011100111011000100100001000100011110001010101100000011011001010000010011011001010101111000000001010110100000110011110100001111010011100010011110011101000101100001000001010110110000000001110110110100100101010	981727.3999999994	444.70000000000005
13	1110101010000011001001000011110110100000001101011011110010001011000110101100001001011111100011000000100000000100100000011110011000010000011001111111010100101100010111110000101011100000001011100010000111001111000010000101110000001001100	922667.9999999995	440.39999999999986
14	1010100001111011010011001110101001101110101010111100100010110000111111011110101010000000000001010100000110111001101110000111001100111010010010110100101100100110101101000100011101011101010010000001101000001110110111100100111101111010100	1169717.9999999995	515.3000000000001
15	1111001000001110100001111010100011011111010001111110100011000101001100010001110000110100101011011111010110001010111000000010111101101111001100001110110001100001011110011011100100010110010000010001110111101100111111100110101101110110010	1223512.5999999994	535.3000000000002
16	0101101001011011100010011001111001011110111101111000111000110000110001110010011011011000001111111010111111000111111101011101010011100010010100101101101010111000001100010000110010010000111001111110001010010001111001110100101010110000110	1113106.8	541.9
17	1001110000011001001110010000110101111000000000111110010101011001101101111100010001110011101001011101110011001010001100000001111000000011111101101010000100011110001010111011100010101111001010111111110010101001000111001011110011010100011	1158203.3999999997	519.1
18	0100010110000010101111000010011010000011111010110011101000110001111100101101101000101111110010010111000110011011010001101001110000001010001001001011000010101100101100100010110010000001101100101011000000010010011000111110000110100101100	995637.9999999999	465.20000000000005
19	0111111111001100011000010000011100110011010101100101101111011010010101010010101011010011001000000101011100110001100100001001000000010010001011000001000000101000101110110100111110111100011011001100001110100101111011010111100001001110100	1086789.3999999997	487.8
20	1100001001010010110100111101111100011100000100000001011011011101111100010010100001111011001110101100001011100011000101000111010100111100100101011000101100011101010101111011010101011100101000101011101010001101111110100011001010010110110	1157204.7999999996	520.0
21	0001001110101110001000110011011101000110101101110100001110111000010101011010101100100100100001101110001001100001111101011001011110110100010111000001010110011101111011010100000100010010111111000111011010101110000110100000100010101110000	1107315.9999999995	511.7000000000002
22	1000011000111110111000111100010011110011010001010111111010101010110111100111110101100000110000110101001001100011101101000100011001010001001000001100101010100101001100011000010000100010000101110010110000010100000001101101000110111110010	1023718.3999999997	473.6000000000002
23	1100010011101110011011011010111100111101100010111101100000101100001101111000111011111111011110000011011101001000001010111011111101000010100100110101101011100001001010100000110111001000001100011010001000011100001111101101100010010110011	1091013.9999999998	528.7000000000003
24	0011101100100101101001110000110111100010101110110011111101111101011101001000001000000000100110000110111110001101000101100100111001100000100011011000110111010010010010011111110011000111001010101001011000011100001000100000110011000011110	1036401.7999999998	489.70000000000016
25	1000100100011100101010110011100100100010001111110011110001000100101000101010101010001110001110111100110110110100101111000001000110101001010001001101100010010010001000110110010000000011101001010111101101100011100010100100101101110111110	1124487.1999999993	480.70000000000016
26	1100100101110111001100100100000110000101011110011011000001110110000010011001001011011110100110111110111000110111001001111001111110110100000010011111100000011010110110000101101100010101110100010000111000011011000010101010001111011010111	1136899.1999999997	511.00000000000006
27	1110111000010110000101100010000101010110100001010001100111111111010101011010100001000111100001001011100111101100110100101011000111100110101101000000110011011111001010011100000001110011001001001101001110100001001011000100000010101101011	1040855.5999999999	489.0000000000001
28	1100011010011110100011001110101001110110111001111101101111101010101001111110101000111001101001001001101001011110010010010111010001101010101100010111101100011000101111100000000011000101010000010101111100111011010111101111111011011101000	1273447.1999999995	567.1999999999998
29	1110001101100010010001110001101000010111010110000111001110000001010001101111110111001110100000100001111000000000101101100000001111100110101011010110001110011001011010011010010110010100101100111101001101001000001010111110100001010110011	1066808.7999999996	486.3
30	0111001111001010111110010110001010101100101100001010011100011101111011101101000111001110011111100100000110011110111100101110101000110110100100000010110111110010010001111110111100101000000111000011001001001011011101011101011011010010000	1167283.7999999996	547.6999999999999
31	1011110110100011111100101010110100010000111111011001101100111101011000001111000101000000100000111011011010010000011000001011011111001111100100100110001111111110011101001010111000100000111000010010011010000100000100111000100000000100111	924982.3999999998	483.4000000000002
32	0011111011010111101100011010010110101010001111101100110001011001101111101011010110111011010011010011011111011100100100010101000011000110000000001011111011001101000101000011101100010100100101110111011111101101001101101010010110100011001	1188406.9999999998	551.7999999999998
33	0110111100010001000101011000111011011100001111000101101111111111100111000010010111101001100100001110010011111001001100100111110110010111110110101100010111111010000000111010000000101000011110100110110000010000001000100011010000010110101	1003590.2000000001	506.20000000000033
34	0011100000001001000000101011001100010000011010111011001100111101100010011111000010101001100000100001100001110100100100111010011000101101101100111010011100110110001010100000111001010001000001100100111111101000100011011011101101101111110	1157349.9999999993	476.5999999999999
35	0100110000101111000111110000011101111110111011000001100000010101000111010000110101111101111101000001010011100110111101000110011011111111110100110100101101001000111001101011010001001010011001010000111010011001110001011101101111011001001	1213398.5999999996	543.0
36	0011100010011101100010110100111010110010011100110001110100011010101111111110000101111101100100011001101111111000010100011101010001000011001001001000001110000000100010001101111101000001010010101010100001101010001011001001001000100001110	954538.3999999997	477.90000000000026
37	0100110100100111010000111110010110100110001000000001111101000001000111010001000011110000110101100101000010001010001110000110111111001110111011000110111001111101110011000001001001000111000010101000111111010101110011110111100000010001101	1050057.7999999996	488.4
38	0011110100101111101001010010010000001001010011000010100010000011001111111111110001001100110011010111000110111110100001001100001111001101111111010101100010101001010100110010011111101100100100011010100111111011001110001010001000111100101	1143547.5999999999	520.9000000000001
39	1100100100101111101000111000111010011011110011111100100110011110100010100010101000000011001010101010111000010000100110000100011010000010110101010001101001111011011000000001011111111010110000001101110110010100010101100101101100101000000	1030256.3999999996	483.80000000000024
40	1001001111000001000110000001101110100001010111010001000101100111100000100110011111110111111110001101111110011010001011001111101111111100100100011001111101111100010011011011000001010001000000101011110110111100101111011111110100001110100	1215454.6	552.4
41	0011011110111100011110011111111110110010010010111110101011000010110111000111111001110000001000011111010110110000101101000000110111000100110010000110011100001111011011101101001001110000111011001000100001010001110111011000100011001100101	1106716.2000000002	533.4999999999999
42	1110000000101110000111010100101101001111010010100000011000100111000001101001100111011000011000110011010010011000110010111111111101000010111100111010110101111011001011100001011000011110011001000011100111011101010010000110101110101000100	1117293.7999999993	510.1
43	1111011100010011010111100110100101110001111100111111010010010010001000110000111010100000110000111111000000001100110101111111010110111010001111101111100101000110111101000110110001101110001001101101011101001110101110001000001101101001111	1198678.3999999994	549.7000000000002
44	1100101001111001101110101000100001100110100111010100110010000011010010101100100111100000111110111000001110001010111010110010111100010000010101111110001001100110110011111000010010111110110110000100001001101010101000101110010001111100001	1117539.6	511.6
45	0000111011101101110001101101011010000001110011010010000010101100001011000001011101110001011011111110000110101011110111101010100010000011011101011110110010110110111101101100001010001100011000001110011001010110111111010110011110110110110	1242526.7999999998	541.1
46	0010111011111111111010010111111011011001011110010100100101001000011010111001001000111011110000110000100100101000011101001101001000000110111001010001101100111101111100011111111111110110001110011001100100101011000111010000110100001001000	1139171.5999999996	544.8999999999999
47	0010101001101001111010010100010011111001011101000011000010001101100101101001101001100110011000011110001010110111110100110111110111100010001100101110101001111010001001110100101000001000100110111011100110110011101010011101010011010011001	1160273.3999999994	525.8000000000001
48	0000011011111111000011010101011111111110011100000100000011011001100001100011101100101110111101001001011101010010110000101011010011001001100110101101110000010110001001011111000010001000001011110011101000001100110001110110101010110001001	1082123.9999999998	506.5000000000002
49	0000000110111100011110000011100000000011000101000000101111010001101000100010100010110000010010000011010011101001000010000000101101010010100100010001000011101011100111000010111011011000001110101011001000011000001011011111010100101111111	1050315.9999999998	424.2
50	0000010100100100000110101101110111000011101101000100011100110000001100100101110110110100001111010011000111111101001100011101111010111010000111100001101010100100111111000110010101011011011000101111110101010011001010111111111000011011110	1239931.9999999995	537.8000000000003
51	1010100111100000110000011010111110110000111001001001000101110110000100000001110101100101011111110001111101111111010111010110111011010110111110111010000101001001100001000010010101010001101101111110110001001110011001000111000100000000101	1014669.9999999997	518.2
52	0010111001110011000100110000010011110100101010111110000110111001000001000111010010100000101010001011110011001111001110001111111101101010100110001001110010000010001111011011000010000111101111010010001110010110101001010110011101110010101	1146192.9999999998	508.1000000000001
53	1010110011111000011001110000011110011010011011100010101001100001101110101111010110110001010110011101010100001000100010110010100001101011110001101110110000010110010111101000011011010001110010100110011000110110111000101010000000011001101	1029748.2	499.50000000000006
54	1110011101010111000111000100000011001011011011011010011100000100011110001101010100110011110010000000000100100111110100101001011101001111010000101011101011001101101111010001001111111110101010000010110000100000010011011000101110010100110	1074667.5999999999	497.1000000000001
55	1100101101111000110010010100111110100011101110010110010000000110000101111011011110101101011010110011000000000111110111010101011000010111101101101111110000101001010000111111111111011000010110101110111100101110110110100110010111100011010	1274083.7999999996	567.4
56	0000111000000000101110011111011011011001001000001100001010000010000110001101100111101001100111100101000100110010111101101010000101110110101011011001100101010001100101100100001011000100110101101100111111110011000110001101000010011111000	1110768.9999999995	488.1999999999998
57	0111010101111010100011100100011100101011100011100000110010110000110110010011101010011010100101101010001010100110011011010110111011110010110011001110010111010011101001011100100111011001110011010100100101001100011000100011101010001111010	1173683.5999999994	534.8
58	1000110110101110011011011100101000100110010001010010001010011010100010110100011100011100001001101101101110001101100100111110001011011101111101011101000000110111100110000110011010011111001101011100001111100001001001100010010111001000100	1090889.5999999999	514.9000000000001
59	0000010010000110110001010101011000001101010011101011011110111011010001011100001010100000010111010001000001011100111101001011000010101110101101111101101111110101000110110011110111000011100010011011111010100110011101101010100011000111011	1188592.3999999994	522.7
60	1110000000110000100011100110111101011000001111101010010001100100010001101101001101000101101101111000110000000101101101111010110011111010100100101001001100010000100110110000000011100010010110011101010100110001001110010101100001000011011	987924.6	471.40000000000015
61	1100001000100110110110110000001000101010101101001111111001101000101111111010000100000111100100001101101011100010001110011010100100101001010110111111000101110001001111100001110110000011001010001110111001101100111101001001000110100110011	1114267.9999999998	506.60000000000014
62	1100011001110101000010011101110100011101010011010001100111100101100110110101110010000111011110001001111110010111100101000101101010111010001101100101011010010010111111101011101000101110111100000100100101111000111000100100101001111000110	1163650.5999999994	541.9000000000001
63	1010010010110110100111010111001101101011011000011111011010000000000111110110000001111000100001010000001110011001111110111000101011011111111111011010100001100010111010010100010001100011011000110001001011111111011011011001000100000000111	1028498.3999999998	513.8000000000003
64	1101111000110010100001101100111001100010001111101010010111100101111000111000100110000111010110000010000010001101001100010100001011101101011011111001111111011000010110100110010001110100100010000111001110101110111001100101011001010011110	1140520.5999999996	517.4000000000001
65	0111110010001110100101101111111100100111001000101011011000010110000010110100011001100111011001001110111110100100100101100011110010011100100100001001001000111110000110011101010010111010011011000101111001101000111000101101010011011001110	1143511.3999999997	522.7000000000002
66	0000110101100100110001010111111010001001100001111010101011100110100100000101011101011110011101101101010011000100001111111100111101001000110001001101100001011100100111101100110100100110000001000011100000110111100110011110001110110001100	1115839.2	509.10000000000014
67	0000100000111011000001101011001100010010111001111111110011100100101010001011000001000010001110100011110111111110011110111001101010110001110011010101000000000111110010111111001001000111100101110101110110100101011011110110101000010010001	1133465.5999999999	524.5
68	0000101001110001010100110000100010000110110011111000110101000100110110011110110001100011101010110000100111110010000111001001101100101010010011000111011001110011110000011111111010100011100010000001000011100011000001011011001110111111110	1178000.5999999994	493.99999999999994
69	1100000001110010110111011111101011111000000100001000100110110111100001110111110001000110101100101101011101011010111001100111000011110000011110100010000001001001111010111101110010101011010100000011000110110000101110011010001110110101000	1157416.5999999996	523.8000000000002
70	0000100110001110011100110100001100011010000101011011011010001111110010000011011011011101011101001111100000111111100011000111001000001011100000001110010000000101011000010011011000010001010110111100011110010001000101100000111011100011000	1058215.1999999997	479.2000000000001
71	1100011111100001010011001010100010011000110011001001111110111010111011111101010100110100000110110011000110110011101000000111011000111011010101011010100000001101001110001010011100001000001001100000011010000000111101111011001010100000111	982078.5999999997	486.6000000000002
72	0101011110011011101100110011011100000011011101010100010100100100101010011011100110001100101000010100011111101000101100100001110101110000001010101101000011110111111101101110010101110101010100011100010001010101100110000110001000111111010	1170440.3999999994	520.1000000000001
73	1101010001111110100010010100011001011000100101001111000100010000000010100101010000001000110101000010110001101100011000111101011101011011101100101110001010111101000111110110001000000000011000011000001110101001011011010000111101101111000	1122596.7999999996	476.5
74	1011111001101100000101000010110101101011000100000100011111110011100100000010111110100111000001110111100001111001110111110001000100100111010001111111101100110101010101011101010010000110101110010000110000110001000100001111111001101100110	1117842.1999999997	515.3000000000001
75	1100110110001101001000100111010111100010111111000101010111010111001110000101111110011011110111100011100001100010101000101100110110111111111011001101111110010010110010011110010011101000010011110000001110100001000010110110000111010001101	1136935.2	547.7000000000002
76	0100010110010010111000100111011010111101011001101100100010011100011001001110011011001011101101011101000111010000010010000001011001110001010010011101111010010010110101011010000001011101001011011001111000010001100100111100101111001100011	1114315.9999999995	500.70000000000005
77	0010100101010011101111110001010101111011010111011011100111000011010011000001010100110011000011011111100111110010001101110001000001001110100100011010110001010101101110101001011100000111001000011100100101101001000100110011101100010100100	1062001.3999999997	509.10000000000014
78	0000010110111010110110110101100110010001001111001100101110011100011101100001010010010001011010110101000000001110000110101010001101110011000110101111000101111011010001000100110110010010001100101101101001011001110000111000100111010110010	1102769.5999999996	494.5000000000001
79	1101011111001110000100011001000101000111001000101111011010101110111000011001000100011110110000010101111010110111110001010101011110101010100110100100110011001101101010000101101011100110010110011010011010011101100110011111100000100111101	1169207.5999999996	535.7000000000002
80	1000110100111011101110011110000000101101111111011101010110000101001010010011011110100101110100101000000000010111100010001111011001011001000101110010011101101100011001001010111011001001001101011011111010111011110100101110000100100100101	1114165.7999999998	526.1000000000001
81	0101110111101001010110100011111111101111000001000001011001111011110110001110111010111110010011000001010111000110101100001101100110010001010110101010011010001010010111101001100101111000111000101001001001110000101000001100110010101100110	1090431.0	527.3000000000001
82	0011110101010011110011110101010000000010010101011110110100101000000001101011101100011101100001100011001011010111111111111101110010110011011001110010110111000111001100101110010001010111011111100011100011010110011111101011010101111011010	1315243.1999999997	573.0999999999998
83	0101000100101000111100010101001000001001010010010001110100110000001111001011101101100010011100001010010101101000011111101011110000011110010000110000010101010011011000011000100101011000010001001100000100000100110111110111110111100100101	1038062.5999999997	455.1
84	0011001001111101111100010110000010101011100110111010011000000000100000100110001000000110001101010011100001111000110100010001001011111010000110010111011101001011010011011011011011101001101010100000010100000011001101111100100100000000101	935682.3999999999	459.90000000000003
85	0011011000101100111000011011011011100111010101010000001000000110010001000110110010010110101100001110001011101110000001001110101001100111111101110111011010110111111010001110011010001101011010101100011001010001011000100010010000100111011	1088117.0	503.8000000000001
86	1010000101010111011100100001010111110011000000000000011001001101110100100111111000010000010110100001011011000101010011000010111000010110011110100011000001010000110101001001000100111100011011011001101101000100110010110110101011001100010	1028049.1999999996	458.60000000000014
87	0000000010011100010110001000101110100000100110000111001000110111101101100100101101101000110110100000110101111000000010000000011010000011111010100110011101011011010001110000010100000110110000010111001110110101100000110110000110011010001	1000610.7999999997	445.3999999999999
88	1101000100110000011001110000011100011011101100101111000011011010110001011000110000001111001100010101010101110000111100111001111100010111001111100001011110010100101001111110001111110010101001001100111000000000100111011100111011110111111	1248420.3999999997	529.3
89	1001011000001100011001010010101000101000000101010000011101000101100000011001110111010010100100011111010110001111000100110110001001010110110010001000011000010101100001101000000111100110010111100001101010101101111110100000011001011010100	1043483.6	458.39999999999986
90	0101111011100101100011110101111010111101011011011100000001000001010101111100100101110100001110111011111110111110010101011110101100110111010010110010001000110001101111110100111001010111000001111001100000001111101111001101110110001001011	1223513.4000000001	575.7999999999996
91	0011000010000110000101110000010010100001011101110110101101011010011100001000010111000000010001110001101100110111100100000001100011010110101111010110010111000001100000001001001000111000110000010101100110110001001110001100110001111100110	1012794.1999999997	448.29999999999995
92	1111101011001001100001110100011011111110000110110111101110010101001111010111100010000010000111111111110100000101011000010111001101010000000110101011001001010000111000010111011111000110010110001101011010010101111111101010011011101100110	1222398.7999999996	549.9999999999999
93	0110001110011101110010010100001001010000100101100111110010000110101110001001011000001011000010110100100000011000001011010001001101001010110010110101110000011100101011010001100011011110111100000101110011110110110011011001100110010011011	1101853.9999999998	477.4999999999999
94	0100001111111010000001111001000010000011000100011110101011000000111001111010001000111101000001001101100011100011110001000110110000110010101100011110000000011101000111011001101001101000111100101110000111110100001101111010111011010111011	1186613.5999999996	494.29999999999995
95	0001110011110000000000110001001011100100010000111000110100100101101101111001000001010011110001011110111000100111000110101101110110100011000000110101000111100100011100101010001110000000101010010101011010000100110001111100101101001011001	1056387.5999999999	468.70000000000016
96	1101111100000000111111111101101011101011110011011001010000100100011110001000110010100000111111011100100010010001011000010110010010001110001101111110110110011000011011111110010100001110001110111100101001001011010011000000000110011000011	1066742.3999999997	516.7000000000002
97	0000110101100001001001101111110001010101101100100100111001111110010001101010101111110001011111101101011001111011000110110110010101000101110100101010000111101010010111111000110100000111001111101110101100010011110011011011011010000000110	1136767.9999999998	547.1
98	1001001100110110101100100010001000010100000111010010101110011000111100010010001100000011100110101011100000010010000111000010010101000000010010110010011100101011001111001000011101101101110101101011100110001011110011110011110110010000010	1062682.1999999997	468.79999999999995
99	0111101000111111110100110010001100110100110101110111100101001111101011010010001010100110010000110111101100001001011110100110101101000110000010110100010111100101001100111101111011100100101010011101010001100111100000001100100101111101110	1204998.5999999996	540.1
