SOLUCIONES INICIO 

0	11001100011010011100001111010010111011010101100110001001010011100001101101101100000001000001100010111101111001111000000100101110101101110111010100110110110100011010011011000111000110000101010111111001110100011110100111010011101110011010	1189140.4000000004	539.3000000000001
1	10000110011001100111000100000001110101010101111111001001101111010010100010010100110101101011011111100001110011100101010100000100111101110101111010010110101110110010100111111000100111100010000000110001111101100111001011101001100111010001	1144490.0000000002	545.2
2	00111111001101100010111101111101011100000100001110001101100101110000111000011001011101111111010100010001100111110011000101110110010011100001100101011111011000111001100111011010011011001111110100101111100110010100101111001111111111101100	1349993.9999999998	592.0999999999995
3	01010100111011011010110011101010111110100011110110011000000010111100011111000011110111111000001010001111011000110100011001101011111110100101100000011100111011000110001000011100101001101011110011000100001011101111100000001110100001111000	1084195.9999999998	537.2999999999997
4	10101110110001010001110101001001100000000111110011100010110101100000101000010111000001101111010011100100101011010010111011011101000011100001100111001111100011000111110000101010110000010010111101110110000111101110111111100100100000101101	1053913.7999999998	514.9000000000001
5	00011110001000011111100100000001010110010010101011101110110000101010010000000001111011100101011010111010110010100011110111100110011101001110010101111010101110100100101011010000101000001111100000000111001011110110111110001001100011000000	1014126.2000000002	505.30000000000007
6	11111111000110011000000010001111100011110111011101010101110110011001100010000101000100000111011000011100100110110110110111101010111101010011011000110000011011001110110110000001001010111001110000010111001111100101010111000101010011010000	1074552.8	533.3999999999999
7	10011001010010000100000001110110101001010101110111000110011010110000101010111111110100011000100001000101010101010111101000111010000100100011110001010101101100110001011100011010001101011111101010101110111011011111001110100111101000111010	1202377.2	531.8999999999997
8	00110011101111011010100001000000000010101110101100001010110100011010101110000010100100100100010001011111000000111100011111100011100010000011101111001111100111100110011100101100010111000010011110010001010001000010101001111100111101011011	1099150.8	492.00000000000017
9	01111110100011000011001100111110010001101111110100011101011100011111011101111011110111110010111010010000010101111100001111101111001110000011110111100101011101010111101000101101001011001111100100010001010010110010100100010111010001010000	1111396.6000000003	577.8999999999996
10	11011000111100010110110011010000101010110101100000001010111001110100011000101001101100001011100010101001001010011000010110101001011111100100011011110111001010101010111000101001111101110100101000101011100000011000001001010101011000001110	986682.6000000002	490.3999999999999
11	11101101000111100101000010110001011110001110110001000111101100110110101110010101111111000001011101110110110110110110011001010001001010000110000001101101011110100011011100110001011110001000111111011111110001000101111100010001100010101101	1115887.6	548.6999999999998
12	00111100000001111011000100000111100101011110111011010100000111111001100011110101011001100100010111101011110101111001000000011011100000000001101010111001010000001111000001001101111001011001010101111100011111110111101101100010011100101100	1121717.0	526.6
13	11101100011000010000110100110100010010100101110111000011001011101001111100100010001110010101001110101111011111110010001110101110111101010111101110001000011101100010111011011011110100111001110011111101111011001001000000100010001101111010	1192105.2	561.3
14	10100100011000001111010000010101001111101010100111110001000111010011111111011010100001100111111100001111101101011110011100010001101110101000000100111100010110111001111111000110011111111010000110101100100010000100111011100101100001111100	1163274.8	553.0999999999998
15	10111100100010010011011101001101000001111010011111101101010110101010010010100101001100011000101001010110010000110100010001100101010100100001000110000011110001101000100000100101011001111101100100111011011010110011010000000011010101100010	986027.2000000001	475.0000000000001
16	10000001111101101011100111011101100110110100001111101001011001110001000100000010001101010010001010011101111101101110111110010001001111000001001001000110110100011011100110010110101001001011001000110100011001101000001111110111000010011100	1046379.8	512.4000000000001
17	11110101010010111111100001100101100011101100001100011111010101100001011111011101111000000000111100101000100010010110010101001011011000111111101001011001001101101000010110101011110010010011100001110110000010011001011111100010011001110010	1081033.0	527.8000000000001
18	10111111111001111001001001010001101110011100010001001100101111101011111101110010000101110101001000011110011001001110001101101100101001100000111110011101001000110011000101100110111011001001000111100010101111100100011010110000101101000100	1038717.6000000002	535.8999999999999
19	10111110111110111011111011110101100010000101010101001001010000000110110000000001000011111000011111101010100100101110100100100110100110010110010100011100001111110101010101010000001101010011100001001101100001001101110001101001001011111010	1060623.0000000002	505.39999999999986
20	11010001110111110110111010011101101101111011111001010110001101100101111111100110011010110100001001100111001111011111100111100110100011100001110101101000110110110011011111100001000101001111111101111000101001101001101011000001000000001000	1047510.4000000003	584.6999999999996
21	10110010011100011100101100111011010001000010110100100011001101001001011000000010001001001011000011101011011111000111010010001010000101100101101111011101000010111010110011010101010110100001001111101101011110001111101001111101000011100000	1077175.4000000001	510.7999999999999
22	00011100000010101001000001000100101110001101101110000101101010000010000101111011101101000000000010010000101011010011011010011100111110000010000000100010110001101011000111100101101111101111001011111110011111111011101001011010011001110011	1144263.2000000002	491.9999999999999
23	10010110010011011110011011101011010011011011110000010101111011001100110011011110001000010111000010100000001010001101110100001011011101101000011000111100110110000111000111011100010001001001001110000110000000110110000000000001110011100010	945096.4000000001	483.19999999999993
24	00001111110001010001110010100111111011000110111010101110111111101101110100110100010100011111010011110100010101000001000100110101001001000101011110001100010111000000000100010000010110110101010011001011011111111110110011111111010000100010	1064439.5999999996	527.8000000000001
25	10101100100011110111001010100111001011011011111111110010010111110110011000011110011101101010110101110011100011101101110011010000100110100111010001011011101000110010001011110111000010011010010011101001100100101010000110110011010111100110	1143163.2	562.2999999999996
26	00111110111100000110000101010101001000001000000010010000001111110011101011101000011101000010111011110110001111000100110100110000000011101000110101011010000101000111000111010100010010000111101111111011111001110011011110000000110010111100	1084427.4000000001	493.9
27	10110110100101011001101001000011011001111100001001101000010111100010100001111111011110010011110110011010100111001011010111011111010101111001010011010101100101001011001111000110111010110100101000101001001010001110101000110010010111000011	1067541.6000000003	539.1
28	10001000011110001000100101110000110111010101101111001010011110111110010110100000100101111000001100110010001101001010110111111110101110010001001010101111100111011001011001000101111100100000010000010011111100010001000111000001001100101101	1011521.0000000001	505.6000000000002
29	11101011001000111000010101110111000011100100110101010111011011101100100101111100000111101001011000000010101110110100100101100000111111100001011011111111101011000000011101001001001110110110111101100001001000100110010011100001101111011001	1148438.0000000002	537.6
30	01100111011010010110100100001010101000110110101000111101000101110110101111111101101111110100110101111001110010101011000110000101010101011111011100111101000111110011000100100011011110010100111010010101110000001111100000111001010011001010	1101351.8000000003	557.1999999999998
31	10010110100110100101001101010111111001111011010110101001010110101101110001011010110100010110110001010000001010111010100110101111101001010100100001111010110100001101000101011101111111000010001110000100000010111001011011111001110001000110	1041977.2000000003	526.0000000000001
32	10111010110111001000110000100100110001011111011011001000110101000011010000011100011000101000110000101011100101001010010100100001110011011001110010001111101110001011010010101100010011111010101010110001111010110010110000001010011101001010	1046682.4000000004	493.7000000000003
33	10000101100010001011010010110010010001111111010111110000101101000011010111010101101011110010111111010110001000101100010000111101101000111010001001000001000100100000010111110011011010011110000010101101110001101100111010111011011000001000	1040845.6000000001	508.4000000000001
34	00011010001011001010010110111011000101010110100101010011001101001100100000110110100010001011000010100010111100010111101101011000111110110001011110001101001100011011101000011101110010010001111111010010010010111010000101001110010000100000	984006.6000000001	497.8
35	01011010001010001010110111100100011100111010011101101111000111101000001101101101110111111111010010011010010010100100101011000100110100011001010000111011100100011010110111110010011001101100100011101111111111011100001111101100000111000011	1129719.2000000002	556.5999999999998
36	10001000111011011101101111001101011001100101011101110110010011111110111010000000001011100101001100111100011010001011001111011000100101111101011110101010011001000110011101011011011010001001010110011010111010100001110110111010010110110011	1166839.0	563.6999999999997
37	10011110001011010101110011000110001011001010001110011100011010110110111010010100100111011001110110110010100001111100000101110011011011010000101110101101110010000110000010100011011101101011100111101001101100000010001111001101110001010101	1086429.2	528.8999999999999
38	10011001101011110010000100001101110010011101011000010000010110000101001000111100001101101001000011100111111100000101010100001001011100101001101100100110110000111001110111000110101001101000000000111100111011100100001010000110110110001101	1009289.0000000001	474.49999999999994
39	00101011001110101010001101010100111111101100111001011010000101010010110111110110011100111111111010010010111010100010010101100110111010000000001011000110001010101110001111111011111000110111011100001000011001110001011110111110101100100001	1150692.8	557.7999999999997
40	00111101101101010101010101010010000000000000011001100001101111011010110010011001000010011011001101100001101000111110111101100000011010010000100000110110010001110011001110001110001100100000010000000111010000100111000000011001101111000101	917646.6000000001	443.3
41	00011111111011010100100111101001000110110011100110111011110100010010110011010000100110011100010011000011111100010101011001110100001001101001000010110110110011101000111001011111001000100100011111010011000010010000110110110111110000000010	1011797.5999999997	516.0000000000001
42	00111100101111011010111101101111101000101101001010110100010110101100100110000010110111100111100001101110101000100010111000111000100101011101111100011111111110110110010111001010001110101000110101011101001000001110010000101010111011100001	1142576.2	558.6999999999996
43	11011001001001010011111111110111110000111111001011000011101001110010001100100010000010011010010110011100011100100110111001100101101110001000000001101101010100010100101000111010010111101100111111101111111000011100111111111110101101001001	1219357.4000000001	560.7999999999997
44	11101010110001100011001101010001100110100100011010001111111110001010100010001011010011111100111000000010101100101101100001110100111001101110110010110101010010001100100000100100011001000000011100010101101001100110001001110011011001110001	1017385.2000000001	492.8
45	10011110011101100010010000010110000001000000011110111000110000110010011101101110111101100100011001000011001011110110011000011000111011010000111101011011100110101000111011100001010101000010010000001010101011100110000111111001101100111101	1083987.0000000002	495.9000000000001
46	11111001110101011000000111000111010111010010100010000111101000100100111011001001011111000100110100111111010101000110101010110110100110110001100110011001000011101111101111111100001111000001101000000001101100111010001010001000011111100011	1085497.4000000001	527.3000000000001
47	01100111001111111010111101101111000011101100011110011010101011111011010100000001000010010011010000001011101101001000000100010101101110011000110111011100011110100001100100101101101100001111110000001000111110001010100010001010110110011010	1069569.2000000002	517.1000000000001
48	11011110100100110111001011010110111000010010110110100011000011111111100100010100001101111001011110110000010011101000101010100110111011011010101011011010100011001110010001101101000101101001101110100001111010101111000000101010001001011110	1069156.8	534.1999999999999
49	00010001101111111001111011001101011011011111101111110100010111101100110010011011000010110010010000111110100011100111111110010101111111001010111111110000101111101101010110111111010111011010011000001000011101100100000010001101010001101001	1149379.1999999997	591.1999999999997
50	01011111101101111001001100011111111110010101011000010110010001001100011000100100011010010110010100001101100110011100011100000110000001111001010101110011001011111011001100110100101011111000110101011101101111010110101010000010010001101101	1086878.2	529.6999999999999
51	11110001010000100010111101101010011010000000001111000010001001001100001101011000101111111001000101110101101001100000111111101011100000001100100010110100101001111010000100110011011010111110011000100011011000001100010111010000000110111101	1005992.0000000001	480.8000000000001
52	00101011110111011001111001101011110011000100000001101101010000111010111111000010000100111100100110001011011100100010000010010100101010100011111010001011110001011011011100111010001101011110101010011011101010101001101101100010101001001011	1082732.8	520.6000000000001
53	11011011001101101011000111010001100010100000001001111100000110000001111011110110011100011001111001100100101111011001011000100011001000000011100011110100111101101110110010111110011000001101001111000001011110110011111110100011111011101110	1238483.7999999996	542.7
54	01110000100101000010111100001010010010100001000011000111111111111101000000100010000000111001110011010110001001010000111100111000110000001000101011001001101011111001110001010110101011010011100010101010000101100011010011001101011101110100	1070224.0	472.99999999999994
55	10101111111000011000100110100110111011111110100001010011001101100111101111010010011010111110011010101001111000001010100100010100111010011100000001110111111010110100100101011001011101100110100101010010111000000011001010001110010010111111	1106760.4	540.7999999999998
56	00101100000100001011111101100000101000011111111110101000110110010010110111110010111100000111100011111100010111011010010000101011010101010000001110110000011110101101100101101001101111111101000011110111011001100000011100101100101000100011	1071895.0	534.9999999999999
57	01111000101101111000011100101101001011011110111110100101001100010100000101010010111000001011011001010011001010000001011000010100100011011000101110000000010010100011001111101000101010110000010110011010010111001101101011100111111111001010	1141515.5999999999	500.49999999999994
58	00110010110000111011111001111010011110100000001100101111110000100011000010000111101011011000001001000001001010001011100100101010110101010001001100111011110100101100011010101011101011001000100101001001001010101101010111010100111010011010	1062278.0000000002	493.8999999999999
59	10000000100100100111000010001110011000111011110011111000100100101101000101000111000101100010101110111010111011001000001011000001011101111000010111111001001001000000001011100110000000011001010101101101110100111101011111001000010011010111	1006307.2000000004	480.5999999999999
60	01010010010111111011001010000011111011001100100101010011011111101111010101101011101111011101100010010101000101100011010011011000000101001101110101101110011111110110100011110000110001010000011010101000100110111010101000100001100100110111	1058415.2000000002	536.2
61	01100001100110111011101011101011000000100110100011010000000011111001001001011001000101101101101100110011010110011100100110100110010100111110100100001100010110101100100111000001100111000110011001000100011101011111010011111101001110110110	1113238.2000000002	511.3
62	10011010001011111011011110100111100001100000110100011101101111010111001100001110101100000111111101100000111011011110011001001001001010110000000110110101000111110101010101001001110100010010000001001101101110111001111100011110100110111001	1155555.0	545.3
63	11110011100100000100001101101000100010101111110010111001000000101001110011110000101010001011111011010111010011111110111101010111110010011101110100011010101111101010001100001100110110011001101111100110100111111100011110001001011101010011	1198149.0	566.5
64	01101010000001111001001001111010111101111100100010100110101110011101000101101000101101110010001101110101100000110101110101100000010111011111101110111111100010101001101111110000010100100100000001010101011011001100101100010111011101001110	1138359.5999999999	540.6
65	00001101111110000010101000001100001000101100100111001011001000000100000111100000010111011000010001011000111110111001011100110110011000001010111000111001111100000001100000101110001010110001000100001000101011000000011001110100000101101110	885480.6000000001	432.8999999999999
66	11000010100010000011101101110110101001011010000100110111001101101110100000111100000011110111010010010111010111111100101100000101010001001111100001010011001011011110011100010101100000010011010011110011000101000000110111010010100110010011	1009795.2000000001	499.2000000000001
67	11010001100000101101100110100110000111011110001101001000001100010010110101000101001100000001101000000101111000010110110011111110000100000101101001011011010011001010010111000010101101011111100010111000001011100101000001100010001110101110	997461.2000000002	464.90000000000003
68	00101101111000110111100100011110001010100001111011101101011011111100111101110100011110100110111101010001100010000011111110110111111110101000110011101101000100111110010000000100000100110111010011011010000110101001001001111101010001110011	1095279.7999999998	556.1999999999996
69	00110111100100110001111000111110101101011110101000101001001011010001010010001111101100100000101011100011011111101110011111100100101101100100000100111100111010000010010111100100111110111101011101100110110000111100001100010010000000000101	954933.2000000003	524.3999999999997
70	10011011100111110100010101001001111100100111101010100100111010001101010110100110011110111000110100000001011100101010001011101000111110011011111010111011111011110001100101110101001111100100001101011110111100111111100010011100011110110101	1242650.0	581.8999999999996
71	01001000000001011000100111101001100011111010101001011010100011111010110111001001010110101010101110010001001010101011101100101111001000011011011101011100110101111101101011000000111010001100101010101011111000110000100000001110101000111111	1098001.4	520.3000000000002
72	00010111010011010010110011000110011100000011101100000101111011010000000001111110001100101001001111010100110010001111010100010111101011000000001000011000110100111101111011100110111110111100001001110011111100111100111100110011010111111100	1260178.2	536.4
73	00011110100001100011100100011010011010111001100001110011011001001011111001101010000010110111100100110100001010101111010001100001111101110001000000101001011001110010111010001100100011001011101110111001011100010010011111101010010111001101	1116057.0	518.4
74	01000110010101100000010000011101110000101010110101011011110111011000000111110010010000010100000011100010010110110111001010110101010101000101110000101101110100100101110101000001100010111101001010001000000011011101010000010000111010101000	959887.0000000001	465.0
75	10111111010101111011000100000110111110011100010000000101000010010000110001101011110000100101001001110101000100110101101100001111001111000011100111010101000101100101000010001011010111101111000110100100100110011011001001001110101011011101	1092624.4000000001	502.79999999999995
76	00100101001011100001110011011111001110100011110010011000111111000000000111101101000011000000011001010000101000001111100101101010001100001101101010010111100111000010100011000100011100010110000101000001011100010001001101001010011001000110	894114.8	454.30000000000007
77	11011010111000111011011010011000101011000000100100000100010101101101010110111110000110000000010110001000001000000111010010011110110111000110111100001110100111111010100110110100000011000000000110010110011011110000100101011001001111110101	1045076.4000000003	480.80000000000007
78	01011110110001110100011111111110101001001101100000010011011101101110111010101011111010101101011101101110110000000111000101101001111100110011100000011011000011000011010001111000000111010110110000001010100010001110010001111010010100100010	980333.4	525.1999999999999
79	01011110101101101111010100000000100010010100110001000011000110011001111011110001010000111110001110010001110010010001100111110110001110000100101001001111010000111000111110111010000011111110000011101000000000001101000000010101001111010000	977578.4000000003	476.40000000000003
80	10100001011100010001001011001101100101111011110010001101010111011011010001111000101100001010000001111100000100011101101010010111000001001111010001101101001000111100101010110100101011001000010111110001101101011000100011010000101111000000	1006647.8000000003	495.5
81	10100011101010011101101110000110011000000001000111000001010010111011110101010100100110000010101011001111101101100111100001000110010010111111110111100011001001001011001101010000001110011000111111011101111000101100101000011111011000101110	1120708.0	522.0
82	00100001000100110101000110010011011011101100111101110110100101011001010000101011001101001101110010001100100010100111111010111011001110110011011010100000000101100010000111000010001101101101111000010000101100001111000101100110111110110010	1107835.6000000003	507.0999999999999
83	00111100000110000011100110001111001011101011000011000001101011011110101010111110110110000111100011010100011101101111101110110010010110110100111011101001101001100001000101001010010010101001101010101011000101100110011101000111000100010110	1030717.2000000003	522.9000000000001
84	01101110001000010000001111011110000101010111110001010110010010101110000011011100101110110111011101100010001110000010100110011100000011111010100001010010000000001011111000011110110010101000010010000010010000001111010011001101001000010110	896763.0000000002	462.2000000000001
85	11111000110001000110101101011111011011111110011101101001110111001100101011101010101101100000100010110010000111110001111010011001001100000001001101110000010011011010011011110001010101011000110010101011011101111000010101011110010001010000	1061710.0	541.1999999999998
86	11000000110011001000011110111011001100001101111001111110010000100000010111000100001101101100000010100011011000101010010100011101110011010110111011011001010001101110001101101100011101101100101111010010111000001110110010000110010101100001	1054279.0	502.4000000000001
87	01000100111111100011111001101111110010010110001000111001010000001010101100001011010110111001000101100010100011100110000101111010100000001010111000000000110110111110000101011011000011101000111010011100011111011101011111111110101000111011	1159867.0	522.5
88	10100100011010011000001000010100111111010011101110001010000100010001100010000010001110001000010100100110010111011101100010010000111001010110001100010000111010101010110110010111110011111011101000110001010101101101110001010001000001101010	990204.6000000003	467.8
89	01111011101000000010011001111001001000101100000110111000101000100011010100010100110100010010000010100001101100101101001110110101011100110100001011110010110000101100001000110110101010010000011101101011100010001000100111111001001000101001	937765.1999999998	458.10000000000014
90	10110101111111001010110111001000010011011010111001101011000001001000110101000010000101111010000001011010001100101000010010000111100000110100010001011001000110010001101001011010010101101111011100010011110110101001100100110100100100101100	980545.8	475.5999999999999
91	11000000010101100100011111100101110001001111101001111000110011000110101101111000010000100001100100111000011101100100010000100011100000001010011001001111001100100110000001001100100110101001111111000011100001010010110110011001001010110111	991601.0000000002	468.2999999999999
92	00111010100101000101111000101000001110111111101011110010010100110100100101011101000000100001011010011101111101010000000001100001011000011011001110000011101000110000101011100100010000110000001011111001011001111110100111101101110001000100	1005149.6000000001	486.00000000000017
93	11101010100100110011110111110011101001001001001101011100101110000001010100110000011111001110000101000000101101001000111001110010110110010111000100100110110011111101000110111110010110001010000100110000111010010111101101000011101111100010	1135604.4000000004	522.3000000000001
94	01110010110100000100010101110101101110011011000000100111101011011000111101110110000001101000001110111011001001110011001101110010000011001110010011100100011011000101000101010101101011001101111010011001000000111101000010111001001001011100	1029324.4000000001	503.20000000000005
95	00110010101001010110101000101100011100001111000100110010111000101000011000011011001101110000100000101000000000011011100011011101010001010011101010110001110000001101101100100100011110110110100111001010110000101101000001010110110110011001	1046549.6	470.9999999999999
96	10010111101111110010101111100010110101001011110101001101010010001010011111000001011000001111000001110100111001111110001001010001101101000010010000111111100101011010001110010111111111000100011011101101101101010100111010101011100010100011	1124284.8	546.8
97	00010001001001111110001100000110010011111111110100011001111110011000000010101111000101000100001010011001111000000001010000111110000000011011101101010111100011011110111011001000101110001011100010001111100110100101011100011110000111111010	1152615.2000000002	515.0
98	01101011011001010100011010001010101000111111011110111000011011101111100000011011100000011110001011001100010101100100101110110011101010111110110011010101011110010000000110001010000100111001010001101011101001001111001100011010100100111100	1075472.2	527.5
99	00110000110000100110010100011011001011010111001101110110001000000000111011100101101000010111111110100001111111110011110001000001111011100001001011000011011001100011111011011100110001010100110011010111011010011110000100110010001111101000	1129761.4	525.5000000000001
SOLUCIONES INICIO 

0	00001001001110000110110110111000011110001011110101001100111011110000000010110010000000010110101101001111111111011001010100101000100111011101011101110111101000100100111110000000100010010100011110010100010110101001010010001101101001100011	1024726.2	500.50000000000006
1	01001111001010101001101100101100100111000111001011000010111010111101101011100010101110011100000111100011000101000011011100001100100111100010110100011011011100101111001100001111010100110011110010101001011011000010000001011111001100110010	1089062.6000000003	522.5999999999999
2	01110011101001111001000000000101100011110001001100100011100011101100101111010010101010011011110010010100001000011000100000110101001010001010000101011010000010010100101111111111100000010111011000100100010011001001111011111100010010110000	991301.0	472.40000000000003
3	11000011001001000000101001100100101001100111001101000110010100000110001000110110110100011100001011100010000011111011111110111010101111011010010100010100110000000000000011111000101010001110001100010101000100001101001110100001111011001110	1000313.2000000001	462.39999999999986
4	01101111100000000100011001100010001010101100100101111110000110111011110111111100010100010101100100011110000001010010001010001011110000111110111001110011110101010111100001111111101011011010111101111011011111110100000100111001110010100111	1196406.2	555.4999999999997
5	11011111001010010100001101101010101000101100001111011111111000010101111010110001101101101001001101101000111100110100101001010110000111111100000000100001011110111110011101010101001101111100111111100010000001000110000111111000000110101001	1070665.6	539.4999999999999
6	00110001001010010010010110000001110111001010101011111000101011000011110000010010001011110111111101110011001011010101101011001101110010111110100101001011101001100101101010111101001100000000000001100011111110110010101101100110110110100000	1102622.0	526.1000000000001
7	01101000110001100000101010011101010000101010001000000011101001000101000010111011101111101111000110011010001010111101011101000100101001001001111011101101111000010010101000011101001001110100010000100111011000000110110100011011100111110011	1095290.2	490.4000000000002
8	10001100000000000111110000111000111000100000110011111011010010000001110111011110111110000010010010101010011000101100101001111111100110001001000110001100001011101101001010000110100100100111100100100110101100101000001110010011100001110011	1006424.4000000003	472.6000000000001
9	00111101011011100010101011000100000110001100101110101011101100000100001100111100011000001000101101001000110010011111000110101111111110100110001000110010101010000001100111111100001010101101000101100101000000111001011001111101111101000110	1075394.8000000003	499.9999999999999
10	11101110100001100010101100011111000010010001010011101101100101011111101011010001000100011110011101101010001001000110111010101001111011010111101010101001110111101011011100000100100001001111000101011010011001010000100010001101011100101011	1071396.4	522.6
11	11101111111110110011000010101110100011000001101000010000000111110010000000101011010100011001110100100101000101001100110001100101000101111101001100000011101011010000110111101101101011000110001110101010101111101110010111000010110001010010	1057978.8	505.0999999999999
12	00010011111001011001000000100100001000110110010010010011101001000000011101010001100000110001101011001010100110001001010101011011011111101010101001111110111011010111100011011111001010100001110000000011100000001101001010111110111000001101	1027385.7999999998	477.2999999999999
13	00110001100111011010111001010011101011111010011000101111111110011010000011110110011010001110011110100111010010100010011101000100100110110100001100101000100010101010100110101011001100111011001101010000111101100010010110001100111011000011	1074052.4000000001	528.8000000000001
14	00111110010011001000111010110110001010110001001100011001011111001101010110101100010101110010011011111100101101101011010100010011111000100011111000101110100101000000000000000011010110011001010010101011001111010111000110001010000110110000	987848.2	502.90000000000015
15	00000101111110000000101010010010100000110001101001101101110111001101101010110010101001101010110100111111011111000110000010000110100001100100100010101100011010000001000000001001110110001011101011110000110110000011000000110111000110111010	1006384.2000000003	468.69999999999993
16	01101111011111111011000110100000101101010010100101101000000100111001010010010000111101100111101000000101001100101110100100111111011101010010111011101011111110000001011001011110010110001111010001101010111001001100010110010110101101000110	1092572.4	534.2
17	10110000110000110110111100000110101110111010100111000111100101011100101010100000010010000101001010100001000110011101010100001111101101100010010100000001001011010000011101111101001100110100110000100000101011000010010110101101010111100110	1019644.0000000001	477.4
18	01110000100100101000011101100110000010000111101011110001100001010010101001101110011000000011010001110011001100001010010110011111101110011100110001001011010010010100110011101110010100101111010011101000101100010111101110111011001111001000	1139680.6000000003	509.00000000000006
19	10100100100100111000001111101010011111001110000100100000000000000101110100010000101011111100011100100011010001110111011010001001110111001011010010001000101110010001000101100111010110101100010011101110110111010010110000110001001000101101	982044.6	475.90000000000003
20	10101110110111100011101111011110000101111011101101110100001011010010011100001001011100001110110001000110011110001001100101101101000110000000001101000110011101000110011010100011101111110100110011110011110100010001011001101011011010110011	1146852.7999999998	539.9
21	00011011100100001010100001111000111111001110100101000101100011111110100001110001110101111011100000011110110101111110001001101100110111000000101110110101000000000011101011110000101110001010101100000000101111100010111001101010000011011110	1040442.2000000001	514.2999999999998
22	01101001000000100011010101111111110101011011010011001000001010101010000000000000010010110100011011010000110010000101101111111001011001011000010001001101000101101100011111011010100011001110101011010011000011000010001010101001111100000011	982248.4000000004	465.00000000000006
23	11011111111001000010111000100111011000101010010000010011001001010101010101110100111110000010000001001010000000110111100001010100100101010010111010101001001001110101101111010110000011000110000011011010100000011001101100110111011111100000	1075009.6	483.5999999999999
24	10011100110111101110111111101100001010101101110101001100111100100010001010001000001001000000010111011010010101100001111110011101011101111010011101110111010000111111001011101000011101100000110000111001111011100100110101010001100001110100	1095277.6000000003	544.8999999999997
25	10000000000010100110001011010110110001001100011011101000001110101000111000100111011010111011001000010011000010110111110100001011011011000010000001000001111010111001110101000110100011011110100001001001010010011011100001011101001000110000	959651.4000000001	463.6999999999999
26	10010011011000100110010010100011001111001000101100011111100110111100001110001010100000101000001111001011101111010110110101010100010110001000010101001111100001111111000100010001101101010011101011111111111110110100101111100001000110010100	1101642.6	527.0000000000001
27	01000100001100010000011010001101001000001100110111001111111111101111100000101110101110000101000000000000101110100000111001111100001010001010011010010100100010111110100011011101000101000100001100001101110011100100110110010100110100110100	1000072.3999999999	470.3
28	01101111110001111000000011000001001001101010010101010011001110001000101011000111010010011101110100100011100001000111000101000011011110011111101010000011100000000100100111111110101000100011011111001010100101010110011110011101000110101001	1075582.0	503.4000000000001
29	01110101111100110100111110001000001101100010001100110110011000101110010001110100011001001001101001110000010101100011001100111110011111000110001100111001100111111101010010110110100110111111110000111111001100011110010010101011000101100000	1121622.7999999998	541.0999999999998
30	01000000001010110010111011000111100000010111001000001110000000001101010111100100101110011000010101001110000101011111100000000110101010001110101000011100000111011101111100110100101010011001111001100000111001001000100011010110100011100100	985835.9999999999	461.49999999999994
31	11111010110010000110010010011111000011111001010100000010100101110110001101010001011111011101110111000001011001111010101101110101000100110111110001011010110001010110010110000100011101110000101001100011100101011011011111010010111100110001	1147452.9999999998	542.4000000000001
32	11001101101001101000010011101011011101101100010111110111011010111001101100111001000110111111010110100011001110100110001010011011101000101101010010110101100101000110001011101010101011011110000001010011010111110010011001000111001101100000	1118469.8	556.8999999999999
33	11010110111100101010100110001001010110010000000111000111100010011011010010110001010011101010011100100111011000111010101010110100100010000010100111101111001010000011111100100101001010011110000101011110001001001101100101100111010100100100	1021907.9999999999	496.90000000000003
34	10011100111001010011100101101000110100111101000010000100111010010001010001011110111101001011100000000010110101011110011000101101000010100000101110111010101000000000011011100000110001000100011000110101000001111111100100001011110010001000	949483.8	464.3000000000001
35	01010100000101110001001111000010111001100010101101111100110110010100001010101010000110111110000010111101010100000011100110111011111101111100101110011111000011010001101110000110111010010000011101101001111111001111101011101111111111001001	1308471.1999999997	568.7999999999997
36	01010111011101011010110000010011110001010101011011100001100011000010001101110111111110100111000010101000010001000000011000001010100110010011000010110110010011011110001101010110110001101010001001001111000010110101100010110110000011011110	1009855.4	484.9000000000001
37	11000000010001001111010010011101111001001000111010001100100011001101001001100001110011011011011100101010011000111111111111000100000101100101101110100110011101101001101011010011001101101101010101010110011000111100010000000010000011010011	1005536.3999999999	505.70000000000005
38	11110010011110010001000010001110100110011110011111110111001010111100000100011100111011111000110101000100011000110010100001001001000000111010011010110111001011110001010111100111000100110110001000110110110001111000010000000001000001110000	942351.0000000001	491.3
39	11011110100101010010010110100011011111001101110110110101001110110010111000011011010011000110110001000101011111100001001110000100110101010100011001110010111001101111011001001011100010011110011001111001101111011100011100101001100111111111	1247680.0	565.2999999999998
40	00011010100111111010100001101000110000011111101010111100011001010110111011111110001001100100001001001010100101100011100100111110000110110010000111001110010001011010111001000110111101111101010101101010101001001010100111110001101110100000	1116592.6	531.6
41	11001010010100100011101111000111111100101010111001001000001111100110110101010011010111101100101101100000011100101110100010011110001100010001000010010010101101000010101111111111110110111111110100111000000011111100011001110001100011000110	1102762.2000000002	540.4
42	01100000100001011100001111000011010010000010110100111010110001000111011100011101001101011000110100111100101000010101010011010100110010100101111000010111010000010010110101010001100010100000101100111000101001010110110100000111101011010111	1038810.8000000003	471.7999999999999
43	00100111001111010110100000111010001100010000010000110011110001101110010110011010111100101111010110110110100000011100011001011110000010111101111111000110000000000110110110001010011001100110010111001100001100010110000000101011100110000101	970302.2	487.0000000000003
44	10100101110001000100011100110011100011100010110010100001001001001110010001010101111000000011111100011111110111100000110111000100011011000011110001010010111011111101000101100100001000110000010110001001001010100010100101111101010001001101	973925.1999999998	481.50000000000006
45	01000011011100100111011111011011100011010100100000111010101010111111011010010110010011101101010001000000100111101001000111001001100000010010011100111001000111011001100101011001001000011100111011110100000110100000001100000000110010111111	996540.0000000001	488.19999999999993
46	11000001110001111010000101110111111010011100110101000001011110001101100000110011110100001000000111000100001001110101100100011010111101101111010110101011011011110111111101110101001100011101110111111010001110010011010000010011001001011000	1149323.0000000002	546.7999999999998
47	00111111010000010000101000011001100001000011001011000111010101100101111011101100100000110110100000110100101001001111010101000101000001000100000011111000111011111101010110111111001001010110010101100010011101011110110111111101001000101011	1101258.2	503.7000000000001
48	11110101101101000111100111011001101010101011110100000111100000111101011001101101011111011010011100011001101000100001011111010101110111110110010011011001001111000000101010010111111001011001100001011111000010001111101010101000001001001100	1033634.5999999999	551.2999999999997
49	11111000011111011100100100000100110100001000001001001110001000111010011111111110001000000101111100010101110000100011100010100101101001000010100001010001010111000000110001000101001100011010001101101010001111000110111100000101110101011000	1013557.5999999999	468.7999999999999
50	10110111011100110110010110010100011110111110101111010100000110001000000010010101111010000001010011101100000010010100001010101111000100001101100011000101000111101001000011100010111000010110011001010100001100010010111011010101000110101010	971635.6000000002	473.80000000000024
51	01000100000111111111100001100010001101111001101101101100010010000000011001101101111111010001100101011010001010001011000111101001011011111100101000010011111000100110110100110111000100010011001000011011111000001001111111010011101010001011	1096253.8	518.5000000000001
52	00000111001010101111100100100111101110101101011000011010101001011010101110011001110001010010110100010101101101100010110001001011011011110011111111100101000101011101011010111010010101010100010010100111111110010011010011011011100110110100	1189714.5999999999	556.6999999999999
53	00011101101010111001000010101101111111100111110011110101110101101010101010111110110010110001011011001110000110100111110101110011000001000001010111100111011011100110100000110001101101011011111111011001100100000100000111100010010001000001	1026576.8	550.4999999999997
54	01111110110111110100101100111100001111110101101110001011001100001100110000100011010110000110101100010110001110100011000011011110100110010011010110101101111111011011101101100000010010110000000100000100000000111110100000111100100110111001	1045545.6000000002	522.4
55	00111011011001111000001000110000110000010100011110001100001100011101100100110000010100101010011001010011011100111101000101010111101111000000001010010100010111011000110100000011011111111100010010110001000100100000100010100111100110000111	956154.7999999999	460.30000000000007
56	11011101110001001000000011010000111011001010110101101100110101011001000111011011011001111111001000011001100011011101111100101011000101000001111100100000101000111011010010001111110101111011000011010101010001011001110000001011100001101100	1070904.0	523.7
57	00101000000010001010101010011011111100000000110001011101110000111011101001010101001011100001011001010011110110110001011110100100100111110110111000001101110011111100010101100001010010000100000010111010001110100110100010101000001101011011	1003748.2000000003	486.80000000000007
58	11111110000010100100101011000100110111011101011101111011000010011010000010101100110010000111000010111110001110011000011111100111100011110001001100000100100000000001000111000000001100100010101001100000010001001100100101011110110000101110	901656.2	460.19999999999993
59	11010011000100010111000101011100111010001110110011100010110010101011101001000100110110100010001001111000011011110101000100111011111101000010010010101011011000101010010111010111101110000101000100110100000111100101110111011011001110101111	1142737.6	523.1
60	01101111010000111001101011011100011110001111001100010110001010111011000000010111111100011111100000100100001000100100111100010011011111000001011001001110000100111110100001000011101011101010110101100001010110011001100011101110010101010000	1042678.2	510.3
61	10011101010110010111011100110011010100101110000010001011110010110000101100001101111010001110110100101111100111101110001111010110111011011101110000111010110001110111110101101000101000111100110111000011101010101101101011001001000000100000	1042725.3999999999	557.5999999999998
62	10100101001000011101010010010101110011101000110101001001110001001110101101100001100001100011010100111011100000001010001110011110110101100011011001001111011111000010000111001011111001010110001011011100101010110011011000101010001001011101	1057219.2000000002	504.8000000000001
63	00001000011011100111001011000110000010010001001101101111100110100101101101010101011000111001000000011100000001110011000011100111101000000110001100010000111001011011010110110101000000011101101110000000000001101010001100101111110111011001	1089074.2	471.5999999999999
64	01001111000101101011010111111101011010110010100001110100011101000001100011101000010111100110101111101000010100110011110001010100100001001110000111010000111011101000110001111101011011110110000010000100101000010111100011011110000001011000	1013966.4000000003	512.1000000000001
65	00110001111000111000000001111101101101010000100011001100100001110101110001111111010101100101101001011010110111111101111101110010111010010110110000101001100011111110000111011111010000111110000011111001110011010100001101111010000001010011	1085896.0000000002	548.4999999999999
66	01001011100000010010111000100101111110011111000010101001101111100010101000000101100101011000111000001111010110100101011010000111111010001110010110110010000110111100001110000000011000111001010010111101100001011010101010100010110010010000	989864.4000000001	492.6
67	11100010100011100101011101100011101011110011000000111100000101000111110111110001000000110000111010101011110111111100110010000100010010000010111110010011100001010111101010100000010101101110110110000011000101010000001110101010110001100111	1011585.7999999998	497.99999999999994
68	01011110100101010000010100110000011101111111110111100111000111000000111110110010010001101110000011001011100000010000101110100011101011111010111100011000101011000111110001100100111010001011110001000101000110111101101011101100101110001010	1102991.0	529.2999999999998
69	10011001101000011111011011100100001010110100110001101100100110111110010011000001110000110011011001001111000111110001111101100100110000010111001101011011111110101000011111100100101101001011010001100111101101110111000110011000010000001000	1017912.6	532.0999999999999
70	01101110111001101101111110000010100100100101110111111100001001001111001000011010001001011100101010111111101010010010100110000010001111011010010100111011000110111000011010111101010011111011011101111111110100111011100101000010111011110100	1258141.6	574.0999999999997
71	00111011110010100111000100001010011111000011110011100100111001101111010010010111111111110111011100010001101010110010001010110001110100000100110100110101110000101110011111101001111010000101100110110000001010000000001101000110000111100011	1030566.2000000003	521.9
72	00010111101101110100100001110010010101100100110001111100110011110101100011101100100010100111110110000001010000000000010111010111010011001100000011100101001010100111011001111010010111000111001001100111010001100001110111001111100101110011	1138932.2	512.5000000000002
73	10100100000011100110000010111010101001110011010000111001111001100101110011100000011100101000101001110110011100111000110011001101100101111001000110001001100001000110001011000001111000110010010101110000010000111011110001101001100110000110	945496.6000000003	472.6000000000001
74	00000111000000100101111011111101101011001001010101010011101110101111111011110100111110000011100000000111111110100011101010100100101000010000100100110100100110111000010011101011111001111101001011000110100000110111001111001001010010101010	1091473.8000000003	533.5
75	01110001100100100001100011010111000101100000100000011100101001010001100110111000000010100100010010111011111000110001101011011101011001001000101011110110100011000011111000001011010101011010111000011000111011010000110101100111110101011011	1129344.2	487.3000000000001
76	00100101001011110011000001111000011010000110111011011111010011010001100100010010111010110000001011100111010000100100101011110010001110011101111001001101111000111111111111010000000001011011101111011110110111000100001001110000000000110010	999596.6000000002	513.1
77	00110000101100001111011011100110111011101000011100100001111001101000111111111001111010110101001110001011011010101000100110000011100100110010000000110000110001110111100001111001011111010011110100001101010010000100000010011100001000111100	991199.9999999999	504.4999999999999
78	10111000100111010100100011000010101100110001111101110001101101101110110100010100111001001100001101101010101101000110101001101110000011000010110101011010110110100010110011101011101010011100110000001001001101011011111100100011001000111111	1098192.7999999998	519.4000000000002
79	01100001101010000001110011101101010110001101000010101100000001010100111101111100100011100001010000100111100111011110110100101100001000110100111001110111000100101101001110101010111100111010000100101011110010011010111101101001010010010011	1065140.2000000002	507.7
80	10000110110111100001100000011000000111111110000101110001111101010101101100010010011010011000011010100000100010100001101011001111111011000110110111110111000101100100101111111000101001100000110011001110111011111000000010101110110110001001	1117944.5999999996	522.5
81	11111011110000101001101100110000011010100010000001111101100000010101100011010101001011001101010100000100011000010000111011010110001111001001011000110100101110101101110010000111010000010111001111011111000001111001000101100011100010101100	1036355.0	490.7000000000001
82	11010000010100000100110000001110000000001000011001101001111010011101001000010100101010010101100101110100001001010101000110001111001011010110010110011110011100000110011001010001010110000000100100010101111011100001001110010111000011001111	965489.2000000001	442.29999999999995
83	00000101001100010011101101001110110000010111101001100010110001100110110110010111010111101101110011000011010001000100010111011111111110111000100001010001000110001011011011001101100101001100110010100001000010101011011000011001010111111110	1122814.4000000001	514.9000000000001
84	00010000001010111111111100011111100101100100100001010000100111111100011011011100100010001111100000101011001100100011110011000110100011111111111011010101111001001111111111011100000000011101011010010110100010111100110100100100011011110110	1167657.9999999998	549.9999999999999
85	01011010101101001001001011011110101001101110001000111010011000101010100100011001001010101010001001100001011011100001110001010011000000111110110001101001110110101011011000011000110100110101000010011011110011101100110101010100000000100000	906389.8	482.0000000000001
86	00101001111000010000001101110010110000011011111011110011111100010000100000110110101001101011000111000011101000110010111101011111000010010111100111111111111101110110010001110111001110111111011010011100100010001110000111000010100100101001	1128582.5999999999	547.1999999999998
87	10101101101010100111010110100001011001100101101101001011000101110010110110010011110011011101001000111001111010110011001011110000100110001000101000101010111001110011110110000111001100010000110010001010000111000111011101110101101111010111	1140693.5999999999	527.9
88	01110000111100100000011101100110010010110101001111100110010111010000111011101010111100010101000100001110000111100110010100011101101110010111110110011010101011111000110000001111011001111000000111011011100001101111011011110000010001100011	1058610.5999999999	530.0
89	01111000000001101000100111010101100010100100000001000111100011110001010110110000111100010000001010100010011100001010011111010000010110000101000110000001111011111100011101101010110100101010111101001100001011010101011000011101110000101010	1020764.0000000001	464.5999999999999
90	01000110100011111000001111010001000101000110110100011010011010101100100111111110111010101000010000111011011010110101011000010101101100110011011000111011111000111110010010011011101111100111110110111110110111000101101101101010101001111111	1279532.7999999998	571.5999999999995
91	11110100110001011111101100101000000011101110010110110110011101110001100111111100011100100100011011010011111010101100111010001000010011000001010000000010001001111011111010011101001001011110010001110111001010110100001010011010010111100001	1075886.8	525.1999999999999
92	11011110110000010000110000000011100101011110101001001001011100001110001011011010100110010100111100010110111000110000111011101100110010010011000101101100010100001011010110100110011101001010011100100000110111100110011011000010111010100110	1042630.8	495.1
93	10111010001100001111000010011110110010100111110110011100011110000111011011110111000001100110101010110010110111011101110111101010100111011000100000010100001100011001000111000111000010000000010001010010011010001110100101000100100110100001	932485.4000000003	499.50000000000006
94	11100000011000001101011011111111000011000010010001110000001100000100000100000111001000010010100101100100000010001111001111100010001010101101110111000111001110000111011110100011011111110011000000011101100100011001000011010010011111000000	1008933.2000000003	465.49999999999994
95	00010111011101100011101010010100011111011111100100100111000111000001111111000111101111010011001100001111100110100100111100000001111101001011110010100001110010011101011110011010010110111011000101100101010110011101110101011101011011100010	1197446.2	569.8999999999996
96	11000110011010101011000101110100110111010110001010110010010111011110001011001010100001111110011010110100110100000010101111101010100010110000100001011100110010100111011000100110011010010001100011011111101100011011010101011010000011001111	1042619.6000000001	515.3000000000002
97	11100110001000101010011001011111101000011110011101001001010110011000100100001101010110100010110101001010001101010010010100110101011001101000110101100100100111000100101000110001110011011101011010101010111001110111010001001101001101010100	1065398.4000000001	505.60000000000014
98	10010001111111110101010010100100011110000110110111100100010010101010011111001000111001001111110000010000101000000100001101111111110011111000001010100011001000110111111111001100101110000010010010011110110101110001110011001000101001100111	1055945.2	518.5
99	10000011110111110001110011101010011100110101110111000110001110011000111000110101111100001001101100110001101000000101110100111010001001001010001110110011100100101000110000001001011010100110111100010010100000100110000010001100000101001100	892754.8	482.1000000000001
