SOLUCIONES FIN 

0	110101111110100100000100101010101011000000000000100110100110111010000001011011101101110100100000101101000000111010010001011110100011000010001000110101001100001101000100110010000001111000110000000001000100111000101010110001101010110011101	1305006.0000000002	433.30000000000007
1	100101011010000000000000000000000000000000000000000000000000000000000000000000000000000000000000000000000000000000000000000000000000000000000000000000000000000000000000000000000000000000000000000000000000010000000000000000000000000000000	55647.0	30.5
2	010011001011000111100010001110100111010011101000010111010001111010111100000011001011011111001011111000110101101011101001010011011010110011100100101011111000001001000010111101110110101110011000100010110100001111101011011011000000101100110	1543763.9999999998	536.6
3	001110111001010101011010001110011011000011001001011010001010011110111001000110110101100000011001010010001010101100110101010001010110011000101010111010101101101011101101010111110000000101111101011001110011000001011111011110110000000111100	1531921.9999999995	523.0000000000001
4	000100011000001100000000000000000000000000000000000000000000000000000000000000000000000000000000000000000000000000000000000000000000000000000000000000000000000000000000000000000000000000000000000000000000000000000000000000000000000000000	35271.0	21.999999999999996
5	111101010100010100000000000000000000000000000000000000000000000000000000000001000000000000000000000000100000000000000000000000000000000000000011000000000010000000000000000000000000000010001000000010000000000000000000000000000000000000000	161510.80000000002	74.6
6	101101111101010001001110110101011110010100110111001011101110101100101010010000010100110110110001101100011001101111100011111111001010011101101001100110010110100100001011110011100001111001011011001101011010110111101100100010110111110000110	1669502.9999999998	571.1999999999998
7	111111000000000000100000000000100000100000000000000000000000000000000000000000010000000000010000000000000000000000000000000000000000000000001000000000001000000000000000000000000000000010000000001000000000000000000000001000000000000000000	154567.2	70.3
8	101110011110000010001111011001111010011000110101100011010010101111110010100100000001101110000101001100000010001010000000010001110001101001001111101000111100000100101101000101110001111111100111010000101000101010011001100010011011000000000	1314884.3999999997	468.3000000000001
9	001111110000000000000000000000000000000000000000000000000000000000000000000000000000000000000000000000000000000000000000000000000000000000000000000000000000000000000000000000000000000000000000000000000000000000000000000000000000000000000	38443.2	26.300000000000004
10	101100000001101110000110111101100111011011100101110001010001111110010001111011000000000110001011000101001111000101010111000101101000110101001001011110000100001100100110100110101100000110100100001101011110101001101010011101001010000111110	1472538.3999999997	495.6000000000001
11	110101011001000000000000000000000000000000000000000000000000000000000000000000000000000000000000000000000000000000000000000000000000000000000000000000000000000000000000000000000000000000000000000000000000000000000000000000000000000000000	42070.8	30.700000000000003
12	100001110100101010010001100001110011100000111110101001110110000001101100111100011010010010111010111001100110011001101100010110010100111001000110011111001111111110111000111101010110000100101100111001010111010101111110000111111100101011101	1704260.4000000001	553.7000000000002
13	111100000100001000010000000000000000000000000000000000000000000000000000000000000000000000000000000000000000000000000000000000000000000000000000000000000000000000000000000000000000000000000000000000000000000000000000000000000000000000000	40934.4	30.199999999999996
14	001001011100000000000000000000000000000000000000000000000000000000000010000100000000000000000000000000010000000000000000000000000000000000000000000000000000000000010000000010000000000001000000000000000100000000000000000000000000000000000	125874.2	52.6
15	100111011000000000000010000000000000000000000000000000000000000000000100000000100000000000000000000000000000000000000000000000000000000000100000000000000000000000000000000000000000000000000010000000000000000000000000000000000000000000000	94931.80000000002	49.400000000000006
16	000011110011001110110111110110100111001000001111001011110110100111010010011110100101001001100110011100110011011001100110111101011110010011111101111101000101011011010110101010000110110100100101101111011011111010110011001111011101000110000	1735343.7999999996	593.9000000000001
17	000011000110001000000000000000000000000000000000000000000000000000000000000000000000000000000000000000000000000000000000000000000000000000000000000000000100000000100000000000000000000000000001000000000000000000000000000000000000000000000	77453.0	34.6
18	001110110101101001001010100110100000100110110100010111111101001110011110100011011010111110011010000011010100111100100101010001111101101110010010000010000011001011101111100111110011011011101001100010110011001010001011011110110100010000101	1527946.1999999997	534.4
19	111001011110000100010000000000000000000000000000100010000000000000110000000000100000000000000000000001000000000000000000000001000000000000000000010010000000000000000000000000000000000000000000000000000000000000000000000000000000100010000	234123.0	93.7
20	001010000011010100100000011111011111100010011010110101000011110001011110010000010001000001001011111100010100110001110011011111101001010011110100011111001110001001000111101001101101001101100001011100000100011010000110101010101001101000001	1415851.4000000001	490.4000000000003
21	100001001101100110000101001010011011001010011110110100001110101110010001100000001010110000010001011000000011101010101111100001011110001011100110011110011010100000100001100010111101101100001001000100100100000110000000010101101010001000011	1222994.4	435.8
22	011001110100000000000000000000000000000100000000000000000000000000000000000100000000000000000000000000000000000000000000000000000000000000000000000000000001000000000000000000000000000000000000000000000000000000000000000000000000000000000	69027.6	40.0
23	010010100011111000101010101000001010000000110110101000101111110010101001010001100001100110101100011000110010111001001110100001101011110010101011101011110001111111000110010100010101111001111100000110101111011010100100011110000101101110000	1556772.6000000003	514.8000000000002
24	100110001110000000000000000000000000000000000000000000000000000000000000000000000000000000000000000000000000000000000000000000000000000000000000000000000000000000000000000000000000000000000000000000000000000000000000000000000000000000000	36765.8	25.8
25	101010111010111001011010111001101101101110001000110101001101100100000010111100100101101000110011010101011101101111001110110111011001101111001000000110110100100110101101100001000111001010000001110101111110100001110011011001001000110001101	1536372.7999999998	537.4000000000001
26	010010111010110100111101101000101101010000110101100111001111100000100110010101100000011010100000111010000001000110100101000001110010101100110010110000000100001010010101110110010000010101011001101001010010010001101000010011100110000010010	1252479.3999999997	442.80000000000007
27	000111010011000000000000000000000000000000000000000000000000000000000000000000000000000000000000000000000000000000000000000000000000000000000000000000000000000000000000000000000000000000000000000000000000000000000000000000000000000000000	40403.8	26.199999999999996
28	001111110101001101111011001111000010100110110100010111101111001110101111110111011111111010110101100101101100001011101110100110001111101010001001010001101111011011001110011110110110101110101011100101000101101101010111001110001101000110111	1773278.9999999993	611.5000000000001
29	110000000100100000000000001000000000000000000000000000000000000000000000000000000000000000000000000000000000000000000000000000000000000000000000000000000000000000000000000000000000000000000000000000000000000000000000000000000000000000100	43011.0	21.9
30	100110110000111110111010001111001100010111010101111011001100010011001111010101001010001100101111011111111001001101011000011001110011100111001011111110101110101100101010011010110111110001011111011000110110110111010000110011011110110010100	1757566.1999999997	595.5999999999999
31	011011111001111111101010010100000111001010001111010100101011111100100000000110100001101111011110101100011011110110011111010011110101010100101100011011110101110000011101000010101110111000100111011111011100110010101110101001111101011100000	1724875.9999999993	588.0999999999999
32	101101100110001011000001110011100101000010111000101001111000000111111101110111111101011101001101111011010011111111000000011010001001011000000100110000010011001100001011011011100011111101101100000001001110000010100000000011010111011010011	1492773.5999999999	509.7000000000001
33	101101101010000000000000010000000101000001000000000000000000000000000000000000000010000000000000000000000000000000000000000000000000000000000000010000000000000000000000000000000000000000000000000000000000000000000001000000000000000000000	116753.6	61.30000000000001
34	001111010111100001110101110001101011101110011001111110101010001011000100000001001100110111011011100111001000001111111101111010110010100100110011111101100000000110111010010100110011010000110110110000101101110111110101001011001011100011000	1639616.4000000001	560.4999999999998
35	110110110110010101110101010101111001111111111001010010111000100000001111111110000001101010111100011111011000000111101011100100001110101010011011011100001111111011111110110001101100101110111101110010101000110011110111001111000110000100101	1681364.1999999995	589.6
36	001101000000010000101000000000000000000000000000000000000000000000000000000000000000000000000000000000000000000000000000000000000000000000000000000000000000000000000000000000000000000000000000000000000000000000000000000000000000000000000	41202.0	26.3
37	011110000101000000000000000010000000000000000001000000000000000000000000001000000000000000000000000000100000000000000000000000000100000000000010000000000000000000000000000000000000000000000000000000000000000000000000000000000000000001000	134657.8	56.7
38	011110111111111111001111001111101100110001000000110000000101111100001111011000101101100001001000111001011111110111111010101110001101011110011000010010101000010101111101011000111101110010100110011110000111111111101101100000111111100100110	1746261.1999999997	589.8999999999999
39	101101111000100001011111110101000101100010010111111101001001110110011100010000111111111001111111010010111111001100001111011011010100111011100110011011101010011011101010100000011111000111001110001001011110100011111001010001011011110111101	1810767.1999999993	600.3000000000002
40	111011101010111111001010111010111000110010001111111110010111100011100011000010101011100001111010101010100111110000100011001100111011110110101111000010010101011111100000001001111101101011010001101100010101011000111111011110000010110110100	1665224.9999999998	576.7
41	001101111001001111000111001110000010101000101101000000011110101001010110001101010010100000100010100101100101001101111010110000100000100111000000001100001011011101000010011110111100000000010100110111000000000000111100010011000110111001010	1327909.6000000003	445.10000000000014
42	100110000110111001011010110011110001110000101101010011110110010010100110011011100010101000010100100011001110111001100010100010010110011010100100100001001110111110011111110110101010000100011100110101111001010001001111101111011001001001100	1549409.3999999994	523.4000000000002
43	010011001010000000000000000000000000000000000000000000000000000000000000000000000000000000000000000000000000010000000000000000000000000000000000000000000000000000000000000000000000000000000000000000000000000000000000000000000000000000000	42379.0	26.5
44	101110011100000000000000000000000000000000000000000000000000000000000000000000000000000000000000000000000000000000000000000000000000000000000000000000000000000000000000000000000000000000000000000000000000000000000000000000000000000000000	42471.4	30.5
45	010100001001001010000000000000000000000000000000000000000000000000000000000000000000000000000000000000000000000000000000000000000000000000000000000000000000000000000000000000000000000000000000000000000000000000000000000000000000000000000	39574.2	26.3
46	011101001100000000000000000000000000000000000000000000000000000000000000000000000000000000000000000000000000000000000000000000000000000000000000000000000000000000000000000000000000000000000000000000000000000000000000000000000000000000000	35785.8	25.9
47	101100101100000000000000000000000000000000000000000000000000010000000000000000000000000000000000000000001000000000000000000000000000000000000000000000100000000000000000000000000000000000000000000000000000000000000000000000000000000000000	67243.0	39.099999999999994
48	111010011110000000101001110110111000011011000110011111000001111010011100111010111101010101101101110110100110011010111110101111101000111010011100101111101011100100001001010010011011000001011010001111110110110110001111000101001100010110110	1644887.5999999996	568.8
49	111010001011101101110101001011011100000000111101001011011011100101100100100010111110011010000011001111000100001111111001010010010010100000000100010110111001011100100001011101011100000000011100101111011110000100001011101100110010011011001	1485023.9999999995	505.8
50	000001011010110001011110111101101001011010011010100110111111110100010111100110001101100110101010111101010000111101111111100011011000011000110000011101111010011110001110011001001110000011100011101101011101111001011110010101101111011101010	1808053.1999999997	592.5000000000001
51	001110011100000000000000000000000000000000000000000000000000000000000000000000000000000000000000000000000000000000000000000000000000000000000000000000000000000000000000000000000000000000000000000000000000000000000000000000000000000000000	38611.399999999994	26.1
52	101011100000011101010100000111000101100111110000100100001010001001011010010000010100111110010001101100011000101111100011111111001000001101101001100110010010100110001011110110101010001101110010111110100010000011000000010011100001101100100	1390798.2	477.90000000000015
53	111011010100000000000000000000000000000000000000100000000000000000100000000000000000000000000000000000000000000000000000010000000000010000000000000000000000000000000000000000000000000000001000000000000000000010000000000100000000000000000	136145.19999999998	61.599999999999994
54	010011001010010000000000000000000000000000000000000000000000000000000000000000000100100100000000000010010000000000000000000000000000000110001010000000100100000000000000000000010000000000000000000100000000100000010000000001001000000000000	285915.60000000003	102.09999999999998
55	110010000100101000000000000000000000000000000000000000000000000000000000000000000000000000000000000000000000000000000000000000000000000000000000000000000000000000000000000000000000000000000000000000000000000000000000000000000000000000000	36644.6	26.5
56	111000001110000110000000000100000000000000000100000000000000000000000000000000000000010000000000000000000000000000001000000000000000000100000000010001000000000010000000000000000000000000000000000000000000000100000000001000000000000000000	175214.80000000002	79.3
57	101100110100100000000000000000000000000010010010000000000000000010000000000000000000000000000000100010000000000000000000000000100000000001000000000000000000000000000000000000000000000010000000000001000000000000100000100000010010000000101	273858.2	92.7
58	011100101100000000000000000000000000000000000000000000000000000000000001000000000000000000000000000000000000000000000000000000000000000000000000000000000000000000000000000000000000000000000000001000000000000000000000000000000000000000000	63699.99999999999	35.1
59	011010000111110001100000101000011110101010110000110110001001000001011101111000010001111001000100010001110010000000101011110001010101001001010111100011010000100001010111111101101110011011110000100101111101010101010110101001111110000111001	1547527.1999999997	498.8000000000003
60	011111011111110100001100010111111010110010010001010111110101011101100000111000101101100000110010110110011010111010101001100000010010111110011010110111111101110101111110111010111111011111010101000110001011111011011011111111011101110100111	1898565.1999999995	621.8999999999997
61	001110101000000010000000000000000000000000000000000000000000000000000000000000000000000000000000000000000000000000000000000000000000000000000000000000000000000000000000000000000000000000000000000000000000000000000000000000000000000000000	39602.399999999994	26.4
62	011011100011010000011111010010100000000101010101110101101000010101111111110010111000001110101011110000001111001100100011101100001111100010000101001101000111110101110110000101101011010111110011010000100011010111111101101100011010111101111	1690186.2	542.4
63	001110010011000000000000000000000000000000000000000000000000000000000000000000000000000000000000000000000000000000000000000000000000000000000000000000000000000000000000000000000000000000000000000000000000000000000000000000000000000000000	38862.6	26.1
64	000001101011010110110001000010000000000110010111001100111101010000010011110001110001000111010100100101001001100011111010111100110101100010101101001011111110001011110101110000011111110000011001101001001010000000101111001010001011001010111	1470863.7999999993	488.70000000000016
65	110100010100100000000000000000010000000000000000000000000000000010000000000000000000000000000000010100000000000001000000000000000000000000001000000010000000000000000000000000110000000000000000000000000000000000000000000000000000000000000	140987.8	66.60000000000001
66	011001011111110000010101111011000110000111011110001011011100110111100110110000101101100001001000111001011111110111111010101110001101001110011000010010101000010101101101011000111101110010100110011100011100001100001011111101101111010010000	1643945.7999999993	561.1999999999999
67	010101000110010000000000000000000000000000000000000000000000000000000000000000000000000000000000000000000000000000000000000000000000100000000000000000000000000000000000000000000000000000000000000000000000000000000000000000000000000000000	49190.0	30.300000000000004
68	111111001101110001000100011001100111001100010000001000001101110000000100010010000010010110100110110001010011101011100101111110001100010001110011101001010110100011001010011001100000000101011001011101111001010001001111101111010001001011001	1422473.3999999997	477.9
69	101010111010100111000011000010101000111100010010110011010111101110110101100110101001111100001010110011110010011100110001001101111010101011101010111101100111011111010001010111111011010010001101111001001011001001001101100010010101101101010	1682928.4	569.4
70	011010111000000000000000000000000000000000000000000000000000000000000000000000000000000000000000000000000000000000000000000000000000000000000000000000000000000000000100000000000000000010000000000000000000000000000000000000000100000000000	105045.80000000002	40.4
71	011011000100001110001110100111100111111110100111100001000001101010000010100010001010010100100010110010101010100011111101100010100000100001110010100100100011110010111110110010100111110001011111011000110110110101010000110011011110101010111	1568316.5999999994	507.9
72	000011010111100001110101100001111011001110001001111010101010010011001100000001011010100110100111100101011100100001110111001001010000010000110011100000101011011001101010000000011111101011001011001000011110100011011101011001100000111100111	1472554.7999999996	492.29999999999995
73	100001101100100000000000000000000000000000000000000000000000000000000000000000000000000000000000000000000000000000000000000000000000000000000000000000000000000000000000000000000000000000000000000000000000000000000000000000000000000000000	40338.399999999994	27.0
74	010100100111001010101011110100010010100110010011001100111101110001110100011010011101001011101101011000111100001010010110111011001010100111111001110010100100010111100010001101010110011100001101100111001001010000111011001111011001011111011	1669772.9999999995	544.8000000000001
75	100100011100000000000000000000000000100000000000000000000000000000000000000000000000000000000000000000000000000000000000000000000000000000000000000000000000000000000000000000000000000000000000000000000000000000000000000000000000000000000	39870.2	26.399999999999995
76	110001001111000000000000000001000000000100000000000001000011000000000000000000000001000000000000000000000000000000000000000000001000000000000000000000000000000000000000000000010000000000000000100000000000000000000000000000000000000100001	193416.4	75.80000000000001
77	100000000010010000100000100111011100110000100101100100111000110111111010001110010100101101101100001010100111011100100001011001011000010110001101100010100011001000001110110011111111101101000010011100100001101000100110100000101000101011110	1399640.0	463.30000000000024
78	010100001000111000000000000000000000000000000000000000000000010000000000000000000000000000000000000000000000000000000000000000000000000000000000000000000000000000000000000000000000000000000000000000000000000000000000000000000000000000000	47762.6	30.2
79	000110100011001000000000000000000000000000000000000000000000000000000000000000000000000000000000000000000000000000000000000000000000000000000000000000000000000000000000000000000000000000000000000000000000000000000000000000000000000000000	40930.0	26.099999999999994
80	000011011100100000000000000000000000000000000000000000001001000110000000000100000000000000000001000000000000000000000000000010000100000000000000000000000000000000000010000000000001000000000001000000000000010000001000001000000110000100000	338443.00000000006	103.40000000000003
81	101000111101000000000000000000000000000000000000000000000000000000000000000000000000000000000000000000000000000000000000000000000000000000000000000010000010000000000000000000000000000000000000000000000000000000000000000000000000000000000	68989.8	39.800000000000004
82	000001011010110001011110111101101001011010011010100110101110011001110100011111010000011100110101001000110101001100001101110110001100010000100001000110110101010011110001001100010010000011100011101101011101111001011110010101101111011101010	1640613.3999999997	528.5000000000001
83	001111101001001101110001001011100010010000111110100010110000111000110001111100100010000101011000011110101000010010011100100111110000011101100010000111100100100000000010011000010010110101100100100001001111100001001000101001010000011000100	1204429.8	436.3000000000001
84	111100101100000000000000000000000000000000000000000000000000000000000000000000000000000000000000000000000000000000000000000000000000000000000000000000000000000000000000000000000000000000000000000000000000000000000000000000000000000000000	40082.4	30.4
85	001110010101101000001000100110101000100110110100010111111101001110011110100001011000111010001010000011010100111110000111100100111001000101110100101000110010001010011001000100001100100111000101111101001110101111100110001000111000011110010	1482713.3999999994	496.6
86	010010011100000000000000000000000000000000000000000000000000000000000000000000000000000000000000000000000000000000000000000000000000000000000000000000000000000000000000000000000000000000000000000000000000000000000000000000000000000000001	42284.2	22.199999999999996
87	101000000001110100000010000000000000010000001000000000000001000000000000001100100000000000000000000010000000000000000000000000000000000000000000010100000000000000000000000100000000001000000000000100000000001000000000000000000000000000001	217522.8	89.90000000000002
88	000101010000110100000000000000000000100000000000000000010000000000000000010000000000000000000000000000000000000100000000000000001000000000000000000000000000000000010000000000000000000000000000000000000000000000000000000000000000000000000	107797.0	53.6
89	110001110101000101000001110100111111010001010111000010000000001011100101001110000110000000110011010101011001101111001110110110011011101111001000000110110100100110101001100001000111001000000001100101111110010011011100110100000110100011010	1425230.0	485.4000000000001
90	100100100001011110110010111100101111001100000100011101110100010001111010011011101110100000000011010010100100111100111111100011010000011000110000101101111010011110001001001100010001100010111011100101000001000011010011111110100001111111011	1571763.1999999993	511.0
91	101111100010000010000000010000000000000000000000000000000000000000000000000000000000000100000000000000000000000000000000000000000000000000000000000000000000000000100001000000000000000000000001000000000000000000000000000000000000010000000	153402.6	61.6
92	110111000110000011100100011101010001111100010111100001111111101011011110101010000110010011100101100010010010011000111010110110101100000101101001000111001000000111011011111011111111000000011001000010101000110111111110111011011111011001110	1708254.5999999996	553.8000000000001
93	110111000101000000000000000000000000000000000000000000000000000000000000000000000000000000000000000000000000000000000000000000000000000000000000000000000000000000000000000000000000000000000000000000000000000000000000000000000000000000000	41056.0	30.4
94	111011010100000000000000000001000000000000000000000000000000000000000000000010010000000000000000000000000000000000000010000000000000010000000000000000000000000000000000000010000000000000000000000000001000000000000000000000000000000000000	122689.0	61.49999999999999
95	000101010100001100000000000000000000000000000000000000000000000000000000000000000000000000000000000000000000000000000000000000000000000000000000000000000000000000000000000000000000000000000000000000000000000000000000000000000000000000000	42167.2	26.400000000000002
96	111101001110000110001011010001110001111111101111110101000100000001101101011001101100111101010111011011101100101111111110100110111010001111000011000011000101010001110110111100010001011011011000000101010110101000110110101011001100001001110	1574472.0	554.5
97	010010101001010000000000000000000000000000000001000000000000000000000000000000000100000000000000000000000000000000000000000000000000000000000000000000000000000010000001000000000000000000000000000000100000000000000000000000000000000000000	101617.59999999999	47.800000000000004
98	110001101100000000000001000000000000000000000000000000000000000000000000000000000000000000000000000000000000000000000000000000000000000000000000000000000000000000000000000000000000000000000000000000000000000000000000000000000000000000000	45231.40000000001	31.299999999999997
99	101111110000000000000000000000000000000000000000000000000000000000000000000000001000000000000000000000000000000000000000000000000000000000000000000000000000000000000000000000000000000000000000000000000000000000000100000000000000100000000	108004.4	43.9
