SOLUCIONES INICIO 

0	01010100011011100101111111010011100001111110110010101110101001110101100111111001000010100000000001110100000001100011000110111100000111101000001000010000111000011110011100001001101111000001111100000001001111011101101101000000010011111001	1121779.8000000003	496.40000000000003
1	01000100110000101101110110010000001001011110100111100011001000000111100111011101000010110101100010010110000011000011100001100001000000000000101101100010000000111000101101111101100001000101010100010011111010000000000011001111111110001101	1049467.9999999998	436.50000000000006
2	01000101011110001011100100011111110010101010011000101011100010101111001110100111011000010011100001111010001000110110101110000001010110000010110110101111011100011000101000010011110011011110010110000111000010101111100111110110000011000110	1104840.8	515.1
3	01000011110101110000110000010100100010001001100001101110100101001111101000101110100101101010110001010000111110101010000111000001110100000100001011110011110111011000111001000001101011001110010010011110010010110011010100001001000101001000	1028082.9999999998	473.7
4	00110010010101001101010001011111010110110011001011110010110010011011000111101001010011111101110000110111001011011110101010010001010101110100010101001110100101101011001010011101111100110100000001011010000000001011011001100100101010000101	1054945.6	512.9000000000002
5	10011000000101110100100101011100010101100000010101100001001011100101010011000111110100100101110010111010001101001001000101001001101000111110001011011110101001101111100001000110111001100001000010010101111110100011011101110100110111110010	1194927.4000000001	500.7999999999999
6	11011110010011101011000001111101001111001110011000011101010110010101011100010101100101000011110100101000001100100010111000011111000010110011110010000011111101011110010101100010010110111011001110010000100000111000110010000100101010010001	1056649.6	503.49999999999994
7	00100100000101001101001000011101100100111011001000000110100111110011001010100100110101100000011100011110110111111010101101111010110111111100001000011110111101011000110100111000100011011010010001011101101011001110000101011100110111101100	1249458.2	535.5000000000001
8	01101111001001001101010110100100011101101000000010110110010011000000111100011011101110110011000111101100100110111010011101000111111000110100010111110111100000111010000010000000110011011110011000111110110111101000110011111000111000101101	1186731.5999999996	532.3
9	10010001110110110111111100110101101000000100100000101001100010111100110001110010010111110010000111111011111011111100100111001010010011111110101100001011100101110100101000001001100001010010011000110101111000111101101000101101000011101001	1167256.4000000004	537.6999999999998
10	11000100010001100111101000011000101111110110111011011000001000010110100111001010101000000110101110010001110111010000100111010110011110001110010000110000101001000110110000100101011001001111111001000100101001010001000101011011101011101101	1141370.2	490.2999999999999
11	01001111100010010100000110111111100111100101111100010011110000000111100011100001000010100011100011111010010101111110000101011111001111100111100101000010000101111110000000101100000111110100111110100100010001101100000001100100100000110110	1035479.8	499.9000000000002
12	01111100001101011111001100001010011110001110101001101101011111001010110100010001000000011001000101001110010000111000001001111111110110111101110101001001010000101101001010111000101010100010011100100001001001110100111110000011010000011111	1088077.4	501.4000000000001
13	01110000011110000101101110100110110101000111011000101000001101100110010100001011100111011110001100010101101110010111011110011111100100100111100111101010100011110111111001010101110010000111111000001110110110000010011011011110000011010110	1192869.2	547.9999999999999
14	11011111101110101110001000100011000010111101100111010001111011110011101110000101101001101100110100100010010111010110110101101011101001110101011010001110001011000011000001011010000011100010100001110100011100100000101011010111111010111101	1227311.4	541.4
15	00011001011110001111101011011001111001100010001000101011100100010111001101100010110011111110101100110101110101111000010110001100111100010101000110101111000101100100000001110010010010110111010101111100011101100010111101101100110011001010	1198637.5999999999	540.8999999999999
16	01111010101011100110011111000000011110111101100111101001001111111000110100110000001101011001011000011110110001001111100101001111010011110111000100111011111111010110000100000011010110001010010000011010111110110111000101000000111000110011	1163800.4	546.1
17	00111110101111011011011110001001000011110001110000001010101011101110001010001001000011110011111001101011010101100010100101001111001111100110001110101001110011001001110010110111000000110101110010011110011010100011110000011010100001010001	1110242.4	526.2000000000002
18	11000011000111011100001000100001001000010111001100001011101101111110001001110100111101111000011111010010100111110110100011000111110111111010010001111000100101000011100110011101111010001000010101110011100011111011100000010100100110111101	1213755.4000000001	537.6999999999999
19	01011000101000011001000101011001100000010010010010011011010010001000100011000110100110010011110010011110110111011100010000011001100101101000100010001110010011010000101101001001110011100101101100001000110111110000000000111000011111011001	1082459.7999999998	455.59999999999997
20	10110010011000010010011010110111111010111110110111010101100001000011111000101000101010111100100000101110001110110010010001010000101101101100101011000101111010001001111001100010101110001000000010100001001111000100001001101100100101111000	1086412.0	494.80000000000007
21	11111000111110100001110100011010010001111010101110110101011111001010101111010011001010011110010100111010011100110111011001100110110001100110100001101111110000101111011100100100101100100000010001100110010000001000011101010101100001111111	1155149.6	534.8000000000001
22	00000001011110101101011101110111010100101110000000001011110011100001000011001100001100101100001110100001101001001100011111101011001000110100000011010111110110111111100011110100011110100000110110100110011110000110100100100101111011101001	1233934.4	517.5
23	10101001001100101100111110001101010001011000111100101010111001010001101001101100100100011100010100111100010110000100111111000101110101110011101110111010011100100011101101011001011101110100101000101000111000000100101111110100010101001010	1140904.2000000002	525.6
24	00011001011100010110001001100110110010100100111000110010110001011011101011100011111110000111000010110111001100001011110001101100011011000010100010111101010011000000000001010000110110011111100111111110110110100101011000000011101101111000	1219942.4000000001	517.8
25	00101110110111011100111010111000000011110101000100011010100110101010000000010010010101000111011111100010001000011101100110111011011100001110001011101010100110000011111000011110011110011000001000001100011100101111001010100010001111101000	1137396.8	504.6999999999998
26	01110100111001100010111010101111101001010011001101001000000110111010010111111110111111001000101001100001001111110001000101000000010101000010001011001011001101001111001001111101100101110010110001111101000111011111000110100101001110011100	1225404.3999999997	535.3000000000001
27	00011010010001100011011111000101010001101000001001010000001000000101110111111111000100001111000001001001010110101001100111011100010100011101111011101000101001100111010101010100010010011101101010011001101111011100011110111011111111111001	1352939.7999999998	526.7999999999998
28	00101001010101000110001010001001010001101000110000011101100001111010110101100101101000011011110010110000110100000000111011100001110110101011000000111111111111101110010110000110110100101110011010110011011001000011110001000010101011111010	1198275.5999999999	503.9
29	11111100100110111001000111001110101101100010111001111100011000011110010011000100000110000010100010011000010111000100011100001010110111110001111100011000100101011000010100010111010011010001110010010111101010001010011110111110111000101010	1153719.4	510.7000000000001
30	10110100001010001100111100110001000110110101011111010100000001000000100110100110100100011001111011110110111110000101010000000100110000111111000110100101011000001101110011101111000011101101111001000001111010110110001001000010011001010100	1096167.6	493.4000000000001
31	00101011111000000110110101101101101110101001011010000110110001111100001100111000101001011101100100111111011010110011000110011010001011101011110100110000000110001010001111101110110110101011001001000010101010101010011100000101010101100100	1133565.8000000005	524.6999999999999
32	11000101011001111001100100010000110100100000101000111001001011010111001001100011111011110101001101101110110101010101001000101010110001111100000000000011110010111100101100011001000100110011101101111011000100111010000001100011001101111101	1182268.2	505.4000000000002
33	01011010111111000100111011100110011100110110011101010000011010010110111111001000000100110111000100011000000011011100000110100001010111100110011001011010100100110111010100100001110010110001000111100100111001000101101001000010000110110101	1059046.3999999997	489.89999999999986
34	11101000011001010000000101011010111110100110101111011100010100110111101010000010100101010010110001001001100110101010010010111001101011001011001000010101101111010000101111011001101000011111101101010010110011010110110001010101000000111001	1127841.8	511.9999999999999
35	10000011111010111001011111111001001010010110001111000100111010010000110011111100101010100110011001100100000000000100000010111011110000010110000101010010000000101111111111000001010011000001000001101000011100011011011011000100011000101000	993497.6000000001	463.1000000000001
36	10101011101111001010011011101000001000010010010000011110110000100111100001101111110010100011011001011010000101001011001110101100110010000011111001010110011011111111001010010100110000000010010000101101011001010011111111101101000010111110	1147113.2	506.6000000000002
37	10011111010100100011001000000101100011110010000101001111110000111101011111111111000101001000111111111111101011010111010100110000100000111010011111001011001001011111100001100111011000111010011010011111100101011010111111010110001000101001	1231476.2000000002	566.7999999999998
38	10011011001111010000110110101010000100110100010001100011010100000100100011000111101010011111110000011110000011111111111101110001001010110110000010000111111000001011011110101001010110001000001100000101110111000010101000110000001001110001	1037905.9999999997	486.8
39	11111101010111100011010010011101000100100110000000010110010101011011000011001101100110111011000011011110101100100011101111110101000010111101111100001110011010000011110100010111111001110101110110001100010010101100001010101001101110111110	1272162.8	550.9
40	11010000111010010101111101110000101001100010011111001101110001100110111011110010100011010010111111001101101110010100011001101100000100101000111000100010001101110101100000000101101101111011100010010000101010011011010101110110000111010110	1138934.8	521.3000000000002
41	11110000101101111111100001111100000111111001000001010001100011111111100000000101111111001011111111110110001111110010010010100010111111110111111010001001010111000011111111110010001110110001101011100011011101111010101101101111000100111100	1361273.2	611.9999999999994
42	11100001011111101000110100011010011100100001100000000110100110111111101101010000011111111000011111010000110000000100000001111100001001000100001110001110010110001010010000110100011001110110100110000001110001100001101001000011011010010010	1011701.3999999999	462.1000000000001
43	01111001011111001011001011111011111111001110011010101110101001110011100000101001001111000011010011110010110101111001001010001011001111000001111101110100001001100010010000110110101100111011110110001011111100100000010001001100100011100000	1117280.2000000002	542.6999999999998
44	10001010001001001000111011001111001111100011110100111111010010110110100101010011110101110011100010010110000101111100100001011110100111000010101100001001100100101000001011011110110101110000000110110101001001010110110101010011110110011111	1220158.8	526.1999999999999
45	10011000000001010101000001100000100011110011110010100000111110110000011100101001010011011100000111110010000011000000100000001110010111100000001001101010101110100110110011010000000000100100000010011010111001011010110100001101001110011010	995195.5999999999	423.50000000000006
46	10010101010010001100011010011101100010110011001100001101001000000000001110010011000101111000110010011110001011000001110011011011000101010010011011010101011011010110000000111100001011101000111110001111011000100101011101111111101110011101	1225154.5999999999	500.3
47	11011110010110000010110110010001001011010111001011111101100101001000110010010011111100100001010010000111110100110011001010101100100001000011011011010110001100101100101110011010101110000011000100010101101111011110111001110111011100000100	1155245.8	518.5999999999999
48	11010100110100000001110010000010001001010111100011000000110100000100000001101000100100011011100001111101111101100000001110100000011000011001100111111011111000001010100001000011110011000000100011110111110011101011101101011100011101100001	1092683.2	463.3999999999999
49	00101101101011100011101000001110110110000010110110101000011001100111000010000010001100000101000000001010111101100111101100101111111001001100101001000000010101101001010110011000010000111011001100010001101100000101010101010011101111111100	1165746.1999999997	478.59999999999985
50	00100111000010000100101010010000100100001101101010000000100000010010000000000010001100000000101001000111110011100100111000101100101110011010011100110101110110001111001111101100011011101011010000110001010001000111000111000001111010101110	1079715.9999999998	434.0999999999999
51	10111110000011101011110010000011111111010110110100010001010101001101011001011111001101100010000101101011011000111011110100011000000101001111100000100111100101010011110100010110101001001010000110101000110101110001010001001000000100111011	1065520.2000000002	505.9000000000001
52	10111111100010100101100111100011000000001110110101000111010110101100111011111100010001001000000000000001100111100101010000001101110000011110101010001011111110010111000110001011100100010110000111100010110011011111011101011110011100111001	1225408.6	520.3
53	10101101001001001010010010101100110100111011000110010010111000111011111010010000010110100101011000110000101100000000100100100000000100100110100010100110000010000100100110110101001000101000010001111101110111111001111011011011110111110100	1186438.1999999997	473.7000000000001
54	11000010101001011010101010101111010011111111100110101011110111000110111001010111111010001011111000001101000000100011000001110000101101110101101011011100001100010000000110000110011100110111110011011100010110000100101100101000101001111101	1161843.5999999996	526.0
55	11011000010111111110001100000111100100010110100110000100100000011011111010000001011010100110110111110101101000111111101111011101100001001100000101010111111111110101000010111011110101100000111001101001010100010001110100100010011101011011	1214638.7999999996	539.8000000000002
56	11110101000001101000000010000110111010010110001100000110001011110100100101111001010010110010111101110110101010110001101000110010000101100011100101100111111001001011111010011010101110001001101000001010001101101101000101110110011100011010	1151684.0	506.40000000000003
57	10010101101101111001001101000101110111111110011010100000010101111001100011001011110001101001111011001110010110100101110011100100000100110100011011100111101001001000110011011100011100000010111001101001011011100110001101101111110001100110	1200056.4000000001	540.4
58	11100100000101110110010101011110001011111101000110001110100100111000000101001010000001000111101110011110110111100001111110100110001111010011110101011110000011001101101001000011101110101100010000001100111010010000110111000010011101100110	1133026.6000000003	517.5000000000001
59	10011000101110111110010111110010011100010000100001100110011101100010111101110100111101001001010111101001011110011111001011011100001001011100001011001110110101100110101010000101100010100001000001101100111100111110010101110010101011000101	1152416.0	534.5
60	11001000010111101000011100111111010111000010100001001101100011001010100010001110001010001001001001010111100011100100001000110101110011111011100000010110010100100111111011001001100111000001001000000100100001110000111010101110001001100010	1000449.6	466.9999999999999
61	10001100011111111001011111100101000111011011100111100010001111100111011010000110000110110101101100001101100101010011001100000101010101010000111001000011111111110101010000101000100111110110101011001101001101000101101010110110100010110000	1160951.1999999995	537.6999999999999
62	10110111011111100110111110011000011110100001001110111110010010010010011110111011100111011001010100100110111000010010100010110000100101000011010101100101001101001110101000100101101011110101001110011011101100011000101011001110100010111011	1202994.0	542.4999999999999
63	01100000110111110011110010010101011000111011001101101101100011010011111001001101101000000100010111001111001001001010001011100111010100100100101001110001111110001101010101100001100110010101110101000000000001100100010110101010010000110000	1010607.5999999999	490.3000000000001
64	10111011100011110110001011011000001011000011111101000010011110000110010001001010111111000000010010000110111110001000000101011110101101010011111000110001100101010001101010100000100100010110100000011011110101100111001011101001001111000011	1091068.7999999998	492.29999999999995
65	01101101100001000100010001000010011101000111001010011111001111001100001101100110111101010010110010000101011110100100110101110100011100110100000110110110101010110010110100100110000100111111111001000111101111111100001110000100100110000001	1106114.9999999998	509.9000000000002
66	10010001011011101111010000101111000010010001110111000101100111010000101000111111101111100100011000011101100010100100011001010001010001111110110001001010010010111100111011001011010100011101001100100010101010101011010010000111001110100001	1124752.0	509.0
67	10101110101111110110000001101000100000001110010011010111110110000100101101100100011001001011011000101101111000100000011111100011010111100000110110101000100101000010000101101010010001111101011101011101000110000011101110001110000011001110	1071996.5999999996	493.89999999999986
68	00111110111000111001100110000110001110110000110100001011011110010000100011111110011101110111010100110011001000010100111110110110101000011011100001111111010101000001110011100110110011011010101100010101101001000000111010011011011000101111	1181771.6	533.6999999999999
69	00111010000011001011011011101010101111010111011110000001111111010111000010111000010111011010110000101010110010100111001111101001001110111100111010110101101100001100001010101101000110111111101010101010011111010110010000010001101011000101	1196187.8	553.0999999999998
70	11001101010101001000001011100101111100011001001101011111111000101001001010101010110101111111111011110110011110010010001101001000110001100001100111010100000110010110101000101001000100111010110000110101011011011111001001100100110000101111	1140848.0	527.7
71	00000101110111111101110000111101100010111010100100111010111111101101111110100101100111000001011011011000010100100011101001111101010001011110111110111100001110010000100100011101000110010011001111111011001110001000101101110110010111110010	1285931.5999999999	577.1999999999998
72	10010010110011110100100010011010110010000101100000011000100001000010110011001101010110110000110100101010101100011111010000111010100010010001100101001111110000110000011000101011010000100100010000110101000100000111100101000000010000110111	895221.7999999997	424.90000000000015
73	10111110111000111001010011101011101011100111001111000001101001010011100010000011110001110101001010111011001001110010000000010001111001111000100011110101111001111110100111011101000001111110110000011011100110110001011101010001001001101100	1191996.6	542.4
74	11110001010100001001100011111010110001000110101000010101011011000011111101100001010000110101101011101111111101101110101011100011001011001010111000011010000010100110100000000001100011101001101100011001011001101000010101011100100001101011	1061405.6000000003	498.00000000000006
75	10010110110000011110111001101001100100100111011101001011111111010011011100000100110111011000010010100101010110101010011111011000111011001010011101100111110010110011110101011100011001000111001110110101111100001111101100001011110101100010	1285162.2000000002	570.3999999999997
76	10000001010010101011000000011011110110010000100010011000001011110100001111101011101101100100111101110011111011000101110011110011100110111111111110100010100101011101101001111011111001110101110110100000010001001011100111010001010100101010	1217281.8000000003	549.4
77	10010100110011100100100100100110110011001010110101110010110100111100001001100011111010111001011111110111111011110010101010100100111010000010100000011111100100111011011011000011001001001110101111011000011000011000110001101001110100111000	1201937.0	536.7999999999998
78	00111111001100011110001101111000001110010000110001111010011001000100110110010000110100011010000110000101000100011101110101101101001100110101100101000100001101111101011111101100110010110110111000011001110000011111110010010000010101110001	1158909.7999999998	513.3
79	00000101011110000010010110110000000010000110010000111000111101001100001110011111010010011101101101010010001100011001110010000110111110101110001101001010001110110101111010111010101111111010000001001001100010000000111000111100001001111100	1113255.7999999998	487.8000000000001
80	01011001000000101011000011011010110000100110110001001101100000100101011010010010100011000010011010100000110011111010011100000000100101010111111010011010110011110011111001110001011101101101000000011001111000000001011011001010011100101111	1099144.2	472.0
81	10011000100000101110100110010101111000100011010110010011111110100110010110111010011100111110101111100111111000111010110010010000010110100101010110000000110101100011101000011010110111111011001100111010100110110001101010010000000001000010	1043919.0	519.0
82	10100000101011011100100100110011100100100000111111100001100001001011001100010101011011100010110110111100101010110101110100101101011110101101011100100100010101001000100100101100001010101011011001010111011011110000001010110111110100010111	1163147.7999999998	515.0999999999999
83	10101111110100111000101100100010101110000011010001010101010101010010100000011000011101101101110101101011010101011101000000100011001001100111001100101110111011010001100011010110111001100010110100000110010111111001101110011011101110011011	1253391.5999999996	530.3999999999999
84	11001000011111001000100110000111101100010101011111010011001010110111100001100100011101000110000101111001100101001010000011011011101001000010111001110001101110100110110111000010110010100011011100000111001101111001100110111100111110001000	1196111.5999999999	523.4999999999999
85	11000011110110111100000010010110010000010011010101010000111100001110000111110011001011001111000100010000011110001100000001111101011111010001010011101000100011101100100110000100010000111111100110011100000111001000111111011010100000110100	1057475.1999999995	484.09999999999997
86	11111110101011110010101110010001011100100100101001001100001100111001000001011110110110011111110010010110100000001010100000000110100110001101000010001001101011000000110011001101111010100010011101001011000001001000011101110111111100011111	1153570.3999999997	493.09999999999997
87	00111101100000010101111110011000011000110000100111000001111001011001101001000100111100011111011001010011110101011100110010111001111110100010111110100101110110011011100000001100010000000010111101010000001011110101101010010000101010010111	1075664.4	504.80000000000007
88	11001100001000110111010001001101111110010100101010010010000101100100111101110110010001001001000001000001110010011100101101001100111100111111111011011111111001001011100110101001010101110010000010100100011000001100111011100110111111111000	1280886.4	534.0999999999998
89	01011001111110100011110000110011100011011011011001001011100110111000001101111000101100001000110110110000111001101101010001101010000000010011110101001010010101111001100110101011010001111000010000110000101110111111010000100101011001011010	1156434.4000000004	514.0000000000001
90	01000110000110100101111100000100101011111110000111001101000010101100010011101111000111010100101010010111011101001011011001010010001100101101111101111001100010100000011000000110111010100000001001011111101100111111000011001001101001110110	1159668.4000000001	513.8000000000002
91	00011101000001100010111011100100001100011001010001001111100001011000110000110101111100000010111111010110010111111101010010000111010110000101001110000101010100100000110110001010011001110010000010110010101110010000000100101100100000011001	965602.5999999999	462.40000000000003
92	11011100101001100000011111101000110001111101110010011010001001111110010101101011001000100000101001000001010011110101101100110000011011000001110010010101000001110000101001011000010100000110011111100110101111001000100101001110101011101111	1135223.5999999996	490.4
93	11010110101011100001011100111111001100011101000101011000100100100000000001111001111100001110010000010100101000011100110100111011111100000010101011110100001011001100000011010110110100000011100101110110011001111001101010110000001101011111	1114081.4	493.1
94	01101001011110110000100000000001011110110010111110000111110110000100010000000000010000011100100101100010110101110111100100010110010000101010110000010011000001111100011101100001111011111101100010001010110111000101000110001110101011000111	1085406.3999999997	470.39999999999986
95	00110001011101010110111010100100110111111101101100111101110010101110110011100001111111001010111111000100011000101110010001011001110011010111101101111001010100011010101010101001000101101100001100001111001001010111001000110101010100101110	1187901.4000000001	557.6999999999998
96	11000011111001111010011000011101010101110010001100111001110001001111100000000100010101000100001011000011101101110010001111000111111101001110011111011010110010101011111001110100000001101100100110011011001010001000001000110000101110001110	1091395.6	506.10000000000014
97	01001011011110011110011110101001001111000010111000011101001011001010011010001100011100010101101000001011010001111101101000101100000111010100001111100101000110110100000011111000110001000000010100100001000010100110101110110100110100001011	1006648.3999999996	473.70000000000016
98	10100011100111010010010000000111010111100001010011001100000001000000011110110111000010011101101110100111001010100010001000101011101101010000101010010111001110010001101110001110011101010011110011111011011010000101000100101011100011101011	1163248.7999999998	494.20000000000005
99	00001001100001101101011001111010000101101001011101101111111010010100101111011000000110110001011101010010011111001101110001101011011110110101100111010111000110110101100011010001110010011110100000000010100111000001000101001000000111111010	1137676.0	522.5000000000001
