SOLUCIONES INICIO 

0	011111100111001100111000011111011000100100010100000010110100010110110011011010000100110000111010011100000110001010101111101011101101011011011001010101111011100100000010111100001101001111110000101101011001001111000010010001011100110000	1849413.0000000005	511.79999999999995
1	100101011100011011101000111111001100111101010110001001001011011000110000100111010101110000110000000001101010000000000001010000011101000010000110110101011110010111001001100111010100100010010001000101000111100000000110110110011000000001	1538614.9999999998	436.70000000000016
2	011111111110010110001011010010001010101110001111001100010111101011111110000111101111101010111111000011000011000001110100100011111011111101011101111001111010001111111100110111000110010111101001010011010111010000100010100101000110011011	2103643.8	584.1999999999999
3	101010010111111100110011001101101011101001010010110001010010001010011111101000110100011010111101100101101011010000100010001011111101100100000110100001011110000001110001010011011001001010011100110001011010011011001001110000110100010101	1799875.6000000006	502.50000000000006
4	110110001101111110000100101000100011001001010011011000011101110011000011111010101011000001100000011001000100000101111000011011111111111111111011110101001001001011011110110110011010111011010010001010011101010100011101010101110111011110	2077377.4000000006	547.8999999999999
5	100011101111111111110101000010111001000001011000101100110010001110010010001111001100111100110000110001010100011101100100010100111101110101001010001010100001100100010110010001001001100111110011000000111001010110010010101001001010101001	1756486.0	488.0999999999999
6	011011011010111100000100011100001100010111111000000001100010000100100110011000100101001010000100100010101111111111011001001111011101000001110100111111001101110101000100010011010001101011111000111001010011110100100100000111001111111100	1938754.5999999999	508.79999999999995
7	011101110011011010010100100100000100011111000001110100010110010111010000111111111110011001101010001101010011110010010001010011000000100010100000010100101100010100101100001111000010011010010110101010010011101011101010001000011100010000	1670156.5999999999	466.49999999999983
8	110001011001011010110001101010101111100101011000111001010011001000010110000010101110100110111101110101011010101010000000011101001011110000000110100100111010110100000000110110101101101011100010110001000010011101001000111011001111011001	1867820.6000000006	499.7000000000001
9	001101011101111011010001011100011101001100000000010111001010100111110101100111011110001110111111010011010100111000011100101110000100010100111011111000011011011110110000100011001100000110101100111010010101111111010101000100110001001101	1931120.6000000008	535.4
10	011110100101011111111111100010110000101111100111001011001000000011110101100001110011110110011000110100100101101011001101010100101001101110010100000001001001000111101010000111101011010001111011011101110101111110101101111001001111111111	2180459.4000000004	564.8999999999997
11	100110100011110110000110000000001111101011001001011010001000011100100011010000110101110001110101000101100001110010100000101010011111101011110100000010110001100110110001000111111011100100111001100001101111110111100101001110011111010010	1944161.6	509.09999999999985
12	110100000001010110111110100111011010111111101110000011010100111001100011001011101111100011100001010110011000001000111001010101101011111110100111011101001000001010110111011101010010100001011101001110100010011001001101010101000001011111	1927998.8000000003	530.9
13	101010000101011100000100011111000110010100011010011110001100000111101110101101110000100010101001000100000110101110001010000100001000111010111100001001001011001101010111101000100100011010001100011011111011010001100000111001110011010000	1724657.0000000002	467.80000000000007
14	110111000001111110010110110010100110101011001011111110111100100110000100100011000010101111101111110010010101000001101110100010111001110001011000100111011110000011101011100100001101000110010111100100000001111100110011011000010011111011	1954909.8000000003	529.3999999999999
15	101001000101111000000110001010111001100100111101001101110001000101110001001001101011101110000011110100011110101000110100110111010100101101100011111100111101000101110100111110110001000101000101111001000010101111010011010011111001110001	1964733.4000000013	527.5999999999998
16	100011101010010100010110110100000010100000111101010111100010001111011010110010111110010010001110100011000001011001110111011011101101101100011011011100000101001111101000111001010011110100110001001101100101010010110100100111010110111001	1989760.0000000007	528.9
17	100111001000001010010110101100000110111011100011110110011101110001110001111111011100110001110011110001001010111110100011100110110111000101001110111000110100110110011101110001101010000100000100100010011100010111101001101010011101010110	1948759.2000000004	535.0
18	100011110111000000001000100000011011101111010001100101101010011111111111011010001101001000010001110011011101101010101011101111000110110010010111100000001011000001110010100010011010000000111001110110101001000001111000100101111110100001	1837282.0000000002	502.09999999999997
19	010010011101110111010001011110011010010011000001001001100111100100010110010111010110011110001111111000101000110111011011000111000001100011100011100111000000011100101110111011100010000111010011000000000110010001001100101101000011110111	1827322.6	497.70000000000005
20	101111011000000010110010011011100101001000101010011100101000000011100110100110010011111011000011000001001001100000011000000000101100000001001001110111011001101011001011111001000111110001000101011110101011010011111011100011111010001101	1818465.4000000004	476.5000000000001
21	111000011010101011000100011110111001001001111000001101100100011100110011110000100110100001000100010101001111101100111001100011001111001101111010000111001100011110001010101001000010100110100111110001100001011110011001110001010011100100	1814203.2000000002	499.09999999999997
22	111000010100001111110110110101100000010000001101010001111101010110110110110101110111111100100011110110110010010111001011100000101110101111010111110000001110111100010011100011101011110011110110000011001100100000011110011110100100010101	1953966.4000000001	544.4999999999999
23	110110110001010001100011000011101010110111010111001000000000000101001011100011011010001000001101101101011100011001001100000100001011101000010010101000100101101100100001110111111011010001000100101001111111000100010000001011110001100111	1688764.6000000008	454.8
24	110001110000101100100110000000000111111100101011000111010100100111010011010100001101111101010000110000001100011101111001100001100111000101100000100010010110111111101101000100000101100001010011001001110110010010100001000111101000111011	1764537.6	474.3000000000002
25	101111110010100011100100101011000110010000111101101110000110111110010101100101110000011111001101110101011000010110110110100011101001000111101111001111000100110001110101000110011011110000111000001111010001001010111110101100011001001111	1973866.8000000007	540.1999999999999
26	000100100110001011000000100101001000100011100101101000001110011011011111101010111011011000001100110001011111111100010000100011000001101010001001111011000001001110100100001001001110101111110001101110011111001010101010101111010010100011	1845108.4000000001	491.29999999999995
27	110001100111001111110110001110000111110100010110100011010001111111101111001010111000011010111011011001010111100011100000101101001110101001000110010111100011101110100011000010101100110001000011001000101001001101000011100010111001000011	1820391.2000000004	519.1000000000003
28	011111010100011001001001100110000100100100101100110000010111010111110001011110001101100000101000111001101000000100100110010100100101011101001111100101010100001011001000000011011011010101100010010010100111010100110000110111010011110110	1778075.0000000007	473.0
29	001110000111111101001111111001110110111011110111100001010101011111011000110101011111000111101110100010010101011001101010010100111000101010101010000111100000110011101011011011010001001111011000101110101000110110110000110101001010000001	1935477.4000000001	553.6000000000001
30	000111011001100011001000101101100100000110011011100111011111001001101000011101100011110001100000101010001111111010111001010011010100111011100110100010111100111011001010100100111000000110100001001011111001011010001100111111100100101001	1894642.4	519.0
31	000001011000000011100010101011000010001101111001010101110100010111011101011010001101101000000000010101110111011010010011100000111110001001111000001101111101100100101101010010001111001111011110000100011110011101110001110001000000100100	1742131.8	484.20000000000005
32	010010101011010111010100010110111001100001011100100011101000010100001001010001100111101010101001010000111101010000111100001010101010011001101110011000001110110100100110010100001010011010000001010101011110000011011011011011101010001011	1756602.6000000006	477.3
33	101101001010111100110010110100000000100010000010000100000001011010111110110100011000000010001100100101000111110001001010101010001111000000011110000111100010010110010011011111110101110011010001000101101001100001111011101101100010101011	1764358.2000000004	464.3000000000001
34	010100011101011100000011001000011110010010111010011101011110101001001101000110101000001001001110010011101001110101001100100011000001111100010011001000010111010010001111000001011100010001010000111111010111001001011111011001010010101111	1829343.6000000006	485.7000000000001
35	011100001111110100000100100010110111010110100101100001001010110010100111000101111100111101111100110110010110011001100100101101001111001101110000010001110000100011110000110110111100011110110100010100111111000100100111100001000111111000	1977941.8000000003	532.5
36	100110011000001000000100001011001000101001001011010011001111010011001001101010100010010001111111101001001110110001011001100010101001010010101100011101100001001100000111101100000111110001010010010001110100100010110000100011011001001100	1663171.8000000003	453.40000000000003
37	001100001101111000100010101110110000011001110001000100010101110010110101101010000100011011111111100100110110000001010111010000101100000011100100011110000000000000111000111100110100111111010000111111101110011110000000100011101000011100	1753783.0	476.50000000000006
38	010111001001001010001110111110111101110110101001110110101010000011011000100110010100101011100110001111101011110101110111011001100100010011010110000011001111110110101011011111100100101100001010000101011011000000100111101011100000001110	1875670.2000000007	532.5000000000001
39	000001111010110101010101011101111110011101100100000101010010000000000101001101100001110100111100000100100011100101101001101110011011011111111110110111011110010111111001111001100100010100001010010101100100111101001010010100010010101110	1912474.4000000006	523.5
40	100101011011110001101111111100101001111111111101111000010001101101101010010011111111100011001001000010111010001000000010101011011011011000000000000111111010101111000001000000110101011101100101000001010100001100000000011000101010110000	1720700.0000000007	496.5000000000003
41	010100001000110010111011100010000000100100110001000011101000100111101011111001000001010001011110100010100100101001001110100000000001010100011000010100100101111011100000110100011110101110110101000011001000011110011001010010000000000110	1487041.6	418.00000000000017
42	111001110000111000100011101100001011100101010101001011001111010011110000010000001001111110101111011001011001111110010011110000001111101010001101001110010110111101010011001100001100110101101101110110100100010100100101001010100010101111	1893139.4000000001	520.3000000000001
43	011001111000110111001010111000011000101001110010010011100101011110111010000111000100110101001100010000100100011100010101011110101000010010110101011000001011010101010000100101010000000011111101111010100000111111110010001011101101011001	1844189.7999999998	493.49999999999983
44	010101110110000100100101111101011100011111100111000110110111000001001001101110000010010101110100000010111011110110001000000011110011010010001101011010000100111101110110100010110000101011101110010010100001000110000000010001111011101101	1821229.0000000007	490.90000000000015
45	010011011101011010000100110011011111010010010011110001111001110011000000111100100001010100011110011111101001110010000010001111110110110100101011100010100010010001111101100011101000011010011001001101100101001000100100000101100100010111	1758122.6000000006	492.2000000000001
46	111111010000100010011010100110011100111000110011101001110110001110111101110001101111011101101100011111101111001001100110100011000011011110110111100101001110000101010010111110010010100111001010101001111000010100000101101000100001011000	1890770.4000000001	543.4
47	001100000111001001001101000100111001110001011000000010101100111100011010111010100001111001100011001010011000010010101101111001010011001001100010111000100100111010011000000100010001110111100101001011000000010011101100110110110110110100	1762609.8000000003	470.40000000000015
48	100100111000011010001101001000010100011010101101000101111001000110010100101011101001111000110001100100010001001111011111011001000010111010001010111000010011111100100100101011100111000101110000011110100100001111100100001110000111000101	1761059.5999999999	481.6000000000001
49	100100101100000100100010010001100000010000111001100001111011011000000001111101101111000101001000110100101011010000101010000000011001011100110001111100011100000110001101000011010000100100000011010011101100011011000000001001011101000001	1518269.4000000001	415.80000000000007
50	011001011010001000110101100110110001110111111001010100101011000100001011111000111100000100111001011010101100001000110000010111111110001000011000010001001100011000111110100101010111000101101001101011101001001111111111000111110000110011	1900973.2	509.4999999999999
51	111011001011110011011110010000100110010101011010000100111000000010110110111101010111010010001111100010011110110100011110111100011011000011010111001100010010100001000010000000001011101101010111010000000000000011100100110001100111111111	1809255.0000000002	488.3
52	010101100010011010110011001011111011100111000001010110110010111111111101000000011001000011110000010011000000111110000101010111101101010101000101111111110011110100111110101100000000000011011000010010001100000000101011001001011001100110	1741585.2000000002	489.2999999999999
53	000100011100110100011100100010011110100010100101001110101001000111100110101101100011011111001010001010100010001011001101110010001100010100110001000011011010000010011001010010110010100111010110110111100110011100111001100110010000000001	1704201.4000000004	476.90000000000003
54	100100000111011000100100111101001101101001111001100000111001011010100111010100111010110110110110001010001111101010011000110010001111111111111111011100001001110011001101011111100001001000001101111100010100000001011100110110110100100010	1917235.200000001	536.1
55	110001100001011101010011010100111101100101001010100111001010001000100110111011010010000100101001001100101101001111001100110111101010110000010101100001101011001011011010101000010000000000100001100111111110000110111101101011111011101011	1916743.0000000005	504.79999999999995
56	110100011010010100001000100010010100110001011000110100010101010110100111001000100001001111111111110101111001101101101000011001111000010000010101001010001000000111101100111101110100001010011010110001011010010010001110000011101001101101	1782558.2000000004	478.5000000000002
57	010110111010011001101101010111001011011101011001101100001101000010011010001110101010010000000001111011010100000101000000111111010100101110101111101100001001011111000100010100011010001000011001001011000101001100010011101111100001010110	1732431.2	482.8999999999999
58	111111111001111111000101101110110110101101001111000011101010010111000001011000010000110111101000101110111101111100101011110111011111010111110000100011011100001011110111001001010010111001001110010100000001101011011011011111001011001110	2100460.8000000007	584.6999999999998
59	011001010010011101111000111110100100101100000011011111001010010100100001101010110101000100100110110001100111100011101110100000000100110100111110001000100001100011000001110010110100001011100100100101100100011010100101011011011011011001	1810947.0000000007	482.9000000000001
60	001011111111110011011001101110011000010000000000010110101100000100001011111011010010101100101000111010000011001001101101100010111000111010001011110010001100001001100110000100100001001101101110111100101011111000111000101010011001110010	1816065.0000000005	491.7
61	101100100011010001010111101001001111010110101011010110010000110100010100010011100010010011001101000110010111100111010011001111101100011110111010100011011001101100111010111111111100000000101100100000110100000110110101100111100110111000	1954455.2000000002	529.3999999999999
62	000101100101111110101110011100110000001010001110011011101111000010111110001101011111000011101000110011110110000100001011010100110000010011110100111011110101010001001100011110111010101001010001010000001011010010010110000010110001100001	1766240.0000000002	499.9000000000001
63	011010110101110010110001000101100011100010011011000011101100011001100000101101101010010111001000100010010100101101010011101100101010101011000001111011111101111010010111001100101100100001011011110110101010101100001011111011001001000110	1847232.1999999997	508.59999999999997
64	001001110000001011110011111110111000011001110110001000000110000101110010101011100100010001001001100001100001001110111111010010101111011010110111100001101001000000010011110000101111000010101000010010110000110111111110010001011101001111	1858843.0000000002	495.29999999999995
65	110010011001000011000110110011010111110111100010010000011011100100011101001110011110000000011101110000101001000010011011111010001110001011001110101111010011100001000111111001100010011000010010000001101110010010101000010111100000101011	1730825.0000000005	482.20000000000016
66	111000101010010000011111100110101110110001101000000101010001110111101011001011100011010011001010010000111001100100110110101101010000101001101001100100101110100011001011101111100111001010010010100011100011011011000010110010010001001011	1786621.0	493.20000000000016
67	101001010101111101011101001100101001011000001000101001111110011001111010101010111011101001110100101110010011101100000011010111110101100010010110001110010011101011110011110100100001010001011111000010001110100100011000010110100101101010	1904286.2000000004	528.7
68	010001101110001111000010111100111100101001011110100001100011101010011011101011001110111011110010100000010111010100100000111100001110010101110010100000110000000000001110010111010101111111111110010011100110010111001011000000100101101111	1914302.4000000004	515.3000000000001
69	000100010011100110101100101111100000101111010110010111101011010001101100100010001010110010010001011001101101111101101111010101111001100011011110100000110011111010100010001000111001010110010110010100111111100011100110010001001011101011	1980665.8000000005	532.8
70	000111101011111100111001010001101100010010010111011011111000000010011111010011100111001111101010111101010011010001100011011000100100110111001011110100011000100010100100011010010011000111010001011010010111101000001101001101111011111101	2020908.8000000005	536.3999999999999
71	100101110011011101111110111001100110011110000000110100110110001110111110101101101000110110100100000011010100111101100100111001001000001011101000110011111001001111100001010110100110011010011111011101011010101001001010110110011000000110	1912087.8000000005	537.5
72	100110001100101111100011100001111110100110100100100011100010111110000000011010000100001010100111011011000100110110000001111110010100101101011100000000111000101011111100101000111011000010001110001101110000110010110110111010000000111101	1784381.4	484.50000000000006
73	111110110110011100001010001000101100111110011110011001000000000010011001001010011010010000000110111100001101011000000101011100010000110100000011111000101010110111110101000011111110001011010001001011001101010011011001011000111100000100	1709233.2000000002	470.50000000000006
74	010011101111110111011111111000011011011001100000110100010010111100000001000110111111100110011010000001001000100110101100110011100101111110000111110110111101001110111111110010011000011001101110001010111000000011110010101111110110000110	2003358.0000000002	552.9999999999999
75	000000100111100100011100101010001111000100011100111110111000010000100001101011100110000111011011000100100100110010010100110001010100111101011011110000100101110010001000000010000110100011110000111000110011010100010101011101010000111000	1691592.0000000005	460.5999999999999
76	010011001000110010000111100000100000100111000101000101010100101100010000011101001100110011010110010000001111110101101110011000001110110001011100110100110101111011101110100010110100111001011111100010011000010001111100100101011000010011	1788113.6	480.1000000000003
77	100001010110101110101111101100001100010110101100100101100000101000000111100100001100110100011001011011111110011000001000110101101111001011010011011001100001010011100110011011000001000000011001011010010011111101010100110101100000101001	1741123.2000000002	484.3000000000002
78	010001111011100111100100011100101000101000101000100010001010100111111000101001110000110001101101001111001001000111110000100000010010001001001101000101001001100011100111010110000110000101101111111011110101100111111110010101001100101000	1866855.2000000004	497.9
79	000100101111001000100111010111001110101010101100111110000000101101111011111110011011011110001110101000001101111001101001001011100010101100110111100011101111101000011000110101100101010100101111010110111100011110101001100000000100100000	1882713.6000000003	539.5000000000001
80	100110010100010001111110001010111001101111011001011110000010111011110110000010110010010111010010000111110100001011011011001110100010110010001010111100001000101111000011011110010000100101001100011101011100010001000100100001000001100110	1696656.6000000008	483.1000000000002
81	011101001011000110001110101000000100001001111001111010110001111011011011101100110111100111100110101000010100110010111000000000110110000111011010011000000000110001110011100110010011111100110101010101101011100011100001011010111101100010	1904272.0000000005	513.3
82	011010011010011111001110110100101001110101111000100001101010111101101110000100100100101011100100010001101100101000010100101100101111100110100011101101010111110111010001110010011111001001010011101000110101001001111110110000111110101001	2021318.8	542.0999999999999
83	100010111001011111010001111111011110001001010001100000000010001100100010011101100000110000101010100100000000110101001001101101000000001001111000101100010101101111011011001101111010011001001100011100110000001110011011110100101101111010	1837920.2000000007	478.9
84	110010000011100100111101110001010001011001001001100011100000000101011101111101001110010011001110010111101100100001110000000001001001000011000111001000110000100101100111100111100000000110010110000010101010100011000000000001101010101001	1570656.6	434.80000000000007
85	101100110010100111011110011100010011100110000110100110100011100001001000000011000100011101000010111100110101010011011001100010110110110000101110111011000101000001010110000110110110011000110011001000001000011110111010100111001100001100	1726099.8000000003	477.50000000000006
86	010010010001001000010111101111010110000011010001010001001111110011111010001011100010110110010011010100101111000111110010011111101101010101000010110001001011001011001010010101000011110111011100010011110010101011001100011101011010010011	1923549.4000000004	518.4999999999999
87	111011111000111101100010100101011000111001000010011101010011101111001101110111000111000111110011000100011010011101101010100111011011110101000001010110000100011101011101001111001111111011011010000000011011101011100001010101111001010101	2014657.8000000003	551.9999999999998
88	010111111110001010100000100000001111010011100111001100100100111001011101101101100111000001100101000110101110000111101110101110011111001001111101110011100000111011100101010010100000000001001111011010000011011001000100011111110111011001	1951970.0000000005	525.7000000000002
89	001110011000010001000011101110111110100001101001000100000111101110000001011100111100111111110000101000101001101100010101010100110110100111000111110100011110100010111011000110011010110100000011001111110000111100110111100010011100001101	1881767.4	510.1000000000001
90	000011001110111100101101111010100011111010100100000101110011101110111101110111011001001011100011011011101000001010101000111111011100110000111011000111001110000110000110001100111011110100111100101100111001000001111100000010011100010101	1957100.2000000007	543.8999999999999
91	001101011110101100011100101011100000110001001001101100100001111011110000101010100111100001110000100011010011110101010110011110011100101000000001111001001011101010000100101000111000000100010010110110111010111110110011001001101000000100	1679128.2	477.19999999999993
92	100111111000000101101000011011000001110000001001101010000101010111010011101001110110000110100000000011110000011000100110101010010110111011110011111000000001011100001011011111010010001100000110001011100100001100110010111010001001000100	1611333.0	452.70000000000005
93	101111101111110101101111001110011001000001111110111000111000111110111100010101000101000100011100000000000001000011001011001001110100000101000101100101011110101110010110101011001101110110010011100111100000101100010100000111001101111101	1920238.6000000003	515.0
94	011110110011011000101010010100110000011000000100001111011001010110100110000100100011100111000001000011110101101110001000000000110010010110001101001001010000111000011011001000010110001011110100011110110110011111011011101110111100010110	1805016.6	474.30000000000007
95	110100110110100000001100010000101000100011110000010100001111001101100110000011111010101110101010000000001001110100000010100101011011010011101111001010111110000001001100010000011001100111100100111110011101010000100011000100000100100110	1598650.0000000005	445.20000000000016
96	011011111010111000011001111001110010101100000000011110011100101110101011111001101010110000101110010111110111101100101001110010011110101011101110001110110011111000101111110110011110000000110101100010110010011110100001111100000101111110	2087286.5999999994	569.2999999999998
97	000001100110101011000011101111001100001010011101000101110000111111000001111010001100001011100111100001000011101010110101110001100000100001101011001101001001100101111010101011111011101011000010111010010000111100111100110000001101001101	1852446.0000000002	497.90000000000003
98	001001111110100001110101101001011100101010000111011011101011010011110110011100000000001001010010000001001001011001110010001000000110011111100011100111101000101010111000111111001001010110000110110000001101100111010011101111010011101110	1906976.8000000005	504.29999999999995
99	010111111111010101101100110000010111111010100101111101000011000101010111111010001000101011000101000101011010000101101010000011010000001111110100101001001000001011011100011011110011100010100110000011101010000011010100110000110100100111	1769823.2000000002	493.0000000000001
SOLUCIONES INICIO 

0	10110111101001001011101000100111010010100100000110100010111001111010110111110110011100011100101110010110001000001110110110000111110100100000010000001000110111010001111011110111100001111011101101111100011110101101000000010010110101010	1939899.9999999998	526.2
1	10111100100011011101000011111001001001110111001011110111010111111110000100110110111111101111000100000110001101101111010000001010110101101110101011000011010010101100101001010001110111100100010101001111111100111101101010100111000110010	2053213.0000000007	567.3
2	01100100001011100111100010101000010110000111000010000001000010111101010001110110111110110110001110000111000101110001001011111100110010011110111101010101111111101000110110100100111010110110101110000010000001001000111001001101001010000	1792833.8000000003	501.50000000000006
3	01010001101000110000101000100011010001100001101110000011000000110111011010011110000000100010011111100110100111010110101111011111010110110111111011110010101000010011000110001010001000011001000110011000100100010111100000000001110001100	1674929.5999999999	468.50000000000006
4	00011001011110111011001000001000110011010101011110110101001001001001011111101111101001011000101111011111010010100111100001001011000001000000101001101100010111001111011000001110100100110011111011100111001011001000000001110101011001100	1864215.4000000001	511.90000000000026
5	00101001100011100100000101110100111101101100100111000000001100100000000000100110111111100000000111000111000101001001101110110010100000011001110111110111010110000001100001110010001010011110010010100101011011000000001010011000100001011	1562132.4000000001	434.4000000000001
6	00010111101100110011101100000010011110101010011110010101011100111011010110010001000001101011111000000001111000010001001110101101010011110100111001101110111010101101000111110110001101001011110101010010010110111010101001101010101001110	1964291.8000000005	530.1
7	10100110110011110100101100000000101001100110000010000010011101010010100001110011100100101010011101101010001000011110101010000000111010011011101111111000011111111000000110110100011101001001101010100000101010001100100001100001001010001	1656011.0000000005	461.90000000000015
8	00011110110111010101011100110010110000000111100110100001010011110011100011100110001100101011100100110000111111111001011110111101000001111010010101011110110010001100000010010001010010111001010100001010110001101111111101010101001000001	1825216.0	516.6
9	01010000100001111100010111111110100001001100101100110001101010110101011100100101100011100101101000101111111100110101101110001100110101001111000000010011001111001001101100000010000101001100100111101110111011101010010101101011010101100	1939455.8000000003	524.1000000000001
10	01011010111000111101111101101001010101001101010011101110101011001101011001011101000100010100000010010110011111010110000101001011110111011001110001101011010000001011110011101000011110010001001110110010111101101001010101010010111110011	1998043.2000000004	538.0999999999998
11	01011010101001111111110011100100000101111000101001010010110010101011001100000000000001011000000110001000110001100011010100111111100111011001111000101101001011000011000000100100011101010011101001010100001010110011001101101001101011101	1769692.2000000004	472.89999999999986
12	01100110110101111010010001001111111001101100100001001101111100101001011000111100011011110101111100000101011000111001001111011011010000110000100000010010001001111011010100001101010110011000000100011110110110011001010010000000011101111	1818047.8000000003	500.3
13	01001001110001010010100101011110000001001011100101111110000011000111010001111110101000000000001110101011010001000011011000011101110000100111101001001100111010101011000110110110101010001111010000011000010010101011110111110111010110001	1868259.0000000005	493.90000000000015
14	11111110001000010100000010011010101111101001111110010000100100010101010101000010011010000000100100010000010011011101011000100001010001010011101010011001001000111100101101000011000101011111000110010001110010110111111100001011101011101	1806987.0000000002	469.80000000000007
15	10010010000001011010110100101101100010011000100111110101101001001111001000111001110000010111110001011011000111001101010101110111111111011011000010100101101000011001010011000101100100101100001101101111011101011111111111110110110110011	2103701.4000000004	551.8999999999999
16	01110100001101110010000111011110000001000100111011000110001101100011000011100011110000000101110101001100010100000100010011100110111100111001111110101111001001000101000001001110011011001111001101000110111001111011000100011001011001001	1801559.0000000005	489.39999999999986
17	00101000000010000100011011001100101010011100010100001000001100101111111100000011111000111000010111011110001011111010000110101000101110001000111100101110010011110100000000000000110000000111001010101001110010011111001010000001100000011	1551277.8000000005	434.00000000000006
18	10111011001100010011111001111110010010110101000110011111100110001100101010001000010110101100000000001011010000100010111100100101010110010101111001101110011101111000001111010011100111011000111001000000000000000101011011000001010110111	1754769.4000000001	483.1000000000002
19	01110101010001100000010110000100110111000000001000101100010111110111101100010110101010100010010000010111101000101001100001110010011000100101101011010010000001011100001000001000011010100101111000000011001000101111010111101010101101010	1692806.6	450.3000000000001
20	00000011101000111001100100000001010010111100001100011101100110010000101101100110111111001011011010010100101111100110010000000001010001001000101111111011100010110110110010011110010011000100100110111000000000010001110011010110010010001	1690137.4000000006	464.9
21	10011011011101001101001000001101010000111111100100110101011010101010100011001100001100111110101100101000001011111000111011010001110000100110111001100000111110011001010100110111110000100001111101111111011001001100100000110000011010111	1869970.9999999998	511.5000000000001
22	00111010100010011110100111100111011010110110011000000100000110011111100101111000100100000111011110101111010100000001010110000110110010101001100011001001000010010000101110101001100111001110110100000001100110001110100101111111100000010	1766055.2000000002	488.00000000000006
23	10111110110001100111010110011101011011000011010110111100001010000101011000100100001011001111111000110001000010001010000100000010100100011010100101011001100101111000100000101010001110110001100100100001011110011010010100010111110010100	1713318.4000000006	468.70000000000005
24	10001100110110011001111111011110110001011001100101001011110010011101101100101101000010011000011111011110000001000111101100101010111010111011001101001100100111100111010010011001010000011100100001000001011111011110001110101101101010111	1968128.4000000004	535.0999999999998
25	10000100000100000011100001111101011100001010110111001011001011010010100011101011010101000100010100110100001001111000100101000000100101100111100101100110000110010110101010110011011001010011011100010000110100101100101110100001001111000	1738469.3999999994	464.19999999999993
26	10000011010011011110110100101011100110011100111101000001100110111001011100100100101101101001001111001101101101001100000010010110111011110011001111000000100111100000000001111001011110011101000100111110010111010000001000110110011010000	1820638.0000000002	508.0
27	01110110111110011110100000110101001110101010010100101110000011001011011100101110010000101100110111100010110000001011100010100000111111000010011100001010010001001111101110001101111100100100100100110100001110101010110110100111110101111	1949144.4000000004	513.8000000000002
28	11011110001110111001001010111110000111110111110011111101101110010101100011110000111001001010010001101000010111010000011110100001001010100100011000000000100111011100001010010111111111100000100001000100001010100000000100000011100011010	1690479.4000000004	480.60000000000025
29	01000100001110000001001010001110011111101000010111010001111000100001110111010100001101010110100000111110110000000010011011001111110101001000110000101011011010011001100100000001100010111010011100000110100010110011010000111011010110000	1719160.6000000006	466.00000000000006
30	01101110001010010010101111000011111011110011000101111110000101100010010110101011100100001101011010001001111110110111111000010110110111110001110000010001001001001101110001110011100001011000000101001011001001111010110000000101100110011	1827612.2000000007	509.80000000000024
31	00011110101101110101101111110011110100010000111111111011001100000101101111101011101110001010100100101011010011011011010011001010111010000011111011001100110000111111110011110100001010100011000001100100101000110101010011010000100011101	1922641.6000000008	542.8
32	11111100001011000110111000000001011010000110111010011011010010101100110100101110100001101110010100110110001100000100101111111000111011000110111010101010111000000011000010000111000001111111100101100101111011101100110000101110011110000	1896817.8	516.6
33	01001000011100101001001111110011011111110010111001100010001110011100010011011001110100000010101101110011011111001011001111110110001110101101110000101111111101000010111000010111011110001011110100100100011010110111100101011111111100001	2130057.4	571.0999999999998
34	00110011111000111111011100010101001110011100100111111001001001111000001111110010001010101110010001000011000101010110010001111100100111010010011000010000000000111111001001011001111111000111000011110111000100110101110010111011011111110	2047440.8000000005	532.3
35	00011011011111010110101111101010100101101100101110000101111100101011111001001011100011001010100100101111110001100111101110101010111010110010000100111101110011011101001000010110110111100011110110001101011111001011010111010110111001010	2148524.2000000007	584.6999999999999
36	00111001111001010101100110111010000101001110110000000100000001010110101111010101111111000111100010011111100011011100010000101101011110011011111001011001110001000001010010011000000011000100111110100011110111101011111000010010111111001	1973266.0000000007	525.5
37	00000011111000000101011010100101011011101110110101010111011100101011000010110000011101100101011011111010011011110001111101010001001100000110111111010000100011110000000100010011010010000010111110110010110101010110001100011001001001110	1812709.8000000003	501.4000000000001
38	01100100110011101100101100011110010100101101010011110111000100110010011100000101011111100011001110010101010100101001111010110000110110100100110101111001100010100111101001011000101011111101000111110001100100001110000110001011011001000	1896327.4000000006	522.8000000000001
39	11011101111101101111000100010101000110010101101011000001011001000101011000111110100100000110000001111000011010000111100111100101011110101111100001011000001011010100100000001101101101110100101001111011010011001111011101110011010010011	1910006.6	518.6000000000003
40	01001000010010001010100110111110110010101101111100100001111101100001111011101101001101001110101110011010101001101000011111010011000001110111010111001101000100101100001101010111111010010100001011100001010001000010110010001011101000110	1839731.0000000007	511.00000000000006
41	11100100000011111101011111101000001000110000010100110110001110000000010011000000001011100000110101100000000001011011101001101100001000001111010111101110111110000100101001101100111010001101101000100010000000111101100011111010010111111	1776670.6	463.00000000000006
42	10111100011111000111010010101010001100001001101101111111110000011100010001111000101001110110100111111110011110100100101010100011000010101111011010010100000000011011000010011100110101100110011111011010001111010101101101111010111010010	2020327.1999999997	545.6
43	01011111011011011110010010001111111001010001000001100010000101000110000100000000110001110111011111001001110111000101001111000100011101110110011101010001100000110101100001100110001110111110011100011110001111100010111011100010000100100	1801105.4000000006	502.50000000000006
44	11101010011001100000000100010010001010110101011000011111111010010101011110011110010011100001010101110110100111011101101010110111111110101010111111111111100110111011000000001000111100011011001101001011000000110000010010100010000001000	1795765.2000000002	524.7
45	01010010100100001001010010000110011110111000100111100110001110111001110010001100000010001001111011001110100101011100000011010000101100010101100111001100110001111110101111100101011110010011001111000101100011100111110011110111111001011	2014787.0000000002	519.2
46	11101011111001001100000000010010011111010011110100100011110001010011001100100110011110110111110101101100001010010101101000000111000010111000011110100000100010101100010110100010100101011110000001111101100111010111110100101110011010011	1885967.4	508.0000000000001
47	01110000011110000010010100111001010101111111111000101110110001011110010100111001111011100111111101011011001101110001100111011110000000001100100110110001110011110011000101111001111100010010111001000100011101110011000101110101111101110	2090872.2	558.8999999999997
48	10000001101010111100111000000110001000101010101011010011000100111011101010001010110111001111001001000000010000111110100000100101001011100111100110101101110111010000110010000111110100011001101100111000001011010101000011101011010110110	1827688.0	484.1
49	10111001111001110110010001111110110010110110110011010010101000010000000011100010101000111010011100110001001100111110000110110000000011110110010110000010011111001110100101100100110110100110011101110011011001100101100110001101101101100	1906441.8000000003	513.6
50	10101101001010010010000000100011101000011011000000000001100111001000000000101111000101010110000110001111000100111101101100110001111011100111101101110111000010110010111110110100101000001101010111000011000001100111010011110001001000000	1664173.0000000002	463.30000000000007
51	01011011000010011010001100111101000010010011001110000011011001101011100111111000010100101010100110000101001101100100011100110110011110001100001101010011010010111001110111001000110010111110010111100100101010000100010101011010001100001	1776558.2	490.4000000000001
52	10110010010111000001001111011010100000100110011110010101001110000110010000001100000110111101000111000000101101010001001011101110010010010000110110101101000001010010011110110101111110110011010000100000000111101011111111101011010011010	1860890.8000000003	489.5
53	11000011001001101000010100110001001000000100011111101110010000000100101001011000110110100111011010101011011010110000111110010100010000001000011010100111101101001010101001011110101101011011100100110111010100110101011010111111110000100	1867375.0	493.2000000000001
54	11111101111000110110001101001110100001111001001000000111001011001111111001000110010010011011111010110111011101111001101111100001011101100111010011011101000101100001110111111011101101110100110110110010101011010000110100101100101001100	2051230.4000000006	573.4000000000001
55	11110111101101011100001111110100010110011100110100101011101111110111111010110100000001001111000010011100100011110010101100010100000001011110101011001110110011000011100100001100001011110011100100011101001110110011000010000010011110110	1887952.8000000005	525.5000000000001
56	10011011110000100001010001101110110010110110011010011000100100010011101010100010000100011011000111101100110010110111101110111111110010010010110000100101000001000011010011100001100000001111100010110111010101011000111111101011101001101	1892051.2000000002	504.3999999999999
57	11111110000101100000101110110100111100110100000101111000101111100011101111111100011001001101111011011011001010010101100000010001111100110011011101001000000011000100000101011010000111001011001111101111010010001110110110100111011100010	1948259.2000000007	535.4000000000001
58	11100101010100100000000100011100110100011000111101101100010110001010111000110000101000110010011100010100010001001001001010001000110100011001000111011100010001010110100111001110110011011101100011101000100110000001110010101111010001010	1702004.6000000003	455.40000000000026
59	00100000111010110011010110101100001111111100100100010000000010001100101110010110100101100110100010111110100011101110011111001101101110111010110101011011101110001000111111111111000010101101000011111010011111110001100110111010001000100	1977878.8000000007	544.5
60	00101100101110110011101100010101000101110111011000000000001101011110101000010011110000111111101110101000001001101111100101000111000001111101001110101101100000010101010111110001000111111101001101111100000100100110101001110100000101011	1843376.6	509.3
61	10100100101000101110000111000101000000100011010110001110000110000110111111011010101001111111010001100100000101100010101010101111001001010000111001000100111111100011100111001011110101101101101000001101001100001011101101111010001111011	1930549.4000000006	505.50000000000017
62	00110110001001101110000010011110100111100010100100001101111010011010111101100110011000001101001010100000110110000001000011110001110101010000110111011001110101111001000100000001000101110010000110111101100101010001110110010001011011110	1796823.8000000003	482.7000000000001
63	10111010111101100100111011110110110110000111101001100101100000110111100101110010001110111100101101010000111111110110110011111110100110101011000001010010100011000010110100101001100101011010110101011001010110010010100010110110111100101	2005991.4000000004	554.3
64	11000100101011110110110001001001001111100000000101001011010000110010010111101100100111100111001100101100100011100110100010011111101001010111010100010100010101100100010001001110010111000000110010111100010101110001010110101010001001111	1774332.6000000006	484.59999999999997
65	00001001100001001110101000001100001001111011110101001011011010101110010010110011111110000011011100011010111100000111110001011010001001100111110001111010011100010110000011001100000000011100000101000011111110111111110010111000011110010	1896395.8000000005	510.5
66	01111111000101101111011100110101011011011100011010101010000111000010110011000001100000001111000001011101001110010110100110110100010100110110001101110110011010101011110111001111001110010110111000110010001001010110001110110011111110101	2047645.0000000007	542.0000000000001
67	01111000001101110111001011010010001111000100111000010101011110101100101000001111011101000100000111011001000111011100001000100001100111010001101010011100010101111110100000110000100011111001010001101111011000000110100110110100101101010	1812065.6000000003	494.0000000000002
68	11101101100011001101001001001001010000010100100011111011000000101101111001001000011000111101100101010101011010001010101000101000011101010110100000110000000110101010000111011000000100011111010001011101011011001000110110101000100000110	1605097.9999999995	450.5000000000001
69	11001111001001010101011000100001001111000100100100011000001000100010001000011000001111101101111000000111010111110111010010101000001000101011011011101000101010000010001101100111110010110100011000101110111010010001000110100110010001011	1684878.4000000001	459.00000000000006
70	00010001110001100010111110011110011010101100110101000100101011001011111111010100101011110100110000010000000000110100111000011011111101010100111100001011101110111100110101001001110000011000010101101110011110000111100100101110100000110	1841731.6000000003	509.90000000000003
71	11101010001000000000010001001100100100001110100111101110100111110011110100011010101000001001110010010111011110101001110001100110000111010101001101101110010111101010100000110010100001001100101110110111010111001101101011100001000101100	1818639.4000000004	497.3000000000001
72	01000001010100011111000001001110101111001110001101101010010101011110000011101001111110010100110111011100110101010001000001100110000111110110011100011101001001011001011011110011001101000010001100011101010001110100111110001110000000100	1778844.8000000003	502.7000000000001
73	10011011111100000011000110101010011111010100010011100001001110011111011001110000010111001100100000110011011101010101001011001110101111111010100100100111001000101010011000001111010001001010100110111000000011011000000101111010000110100	1772720.6000000006	497.9999999999999
74	11111100100101000101000001000111101001101111011100001010001110010111110011001100010111001011100111000100001101000100011000001000011001011111000111111101011010010011010000110010010111001000000111100010111101000010101111010000000010001	1665343.6000000003	478.6999999999999
75	10101101010111011111100001110110010111000001111011100011110100010000010100101110001001110001110100011001100011001111101011000110111001011000011011011001101110100001010001101000110110011010111110001010011101111101011100000011010011110	1969519.5999999999	535.6999999999998
76	11100010011111110101101000111011010101110011010001000010101110111101100010000111011011111110010110000100010101010010111001001111010010111111110110111100010010101110101110100011010101011001011010010010011101111111110100000010001010111	2014347.4000000001	557.9999999999999
77	00011101110101000111110110000100010100101011000110100011100110000110000110010011001001110001000100001111010000100111000101100011011000101011000101101110110010000001100111100011100001100110101100100110010000011101010100001010010000110	1596182.9999999995	446.59999999999997
78	01111100000000000010111001101100100010100100000000010111010010000010101010101010101000110010001010000001111011111110001100010110001111111101110001111011111001111101111111010110100110001011010001011111001011100010010111101110100000111	1888956.2000000002	504.7000000000002
79	01010110110100110011010101010011001110101010111001000111110001100000001111111001001111101110111110110111010011011000010011101010011111000111011111110101101101100011111001001111011100110001111000101110011001111010111111110101111110100	2280246.0000000005	607.3999999999999
80	01111011100001100111101101011010011010100100100111101101100101010111000110011000101101111000001011011000100111001000000110010101001100101001110101001110000000110100101010001001000011010110010100011101100110101001101011011111001100000	1802846.2000000007	499.9000000000001
81	00000101000100110011001111111111011001101001010011111011010110011110000100111101010000111111000101110010100101101101000010100011111010101000111000011110001100101111110000010100011111000101011001110101100010011011110110100111011101110	2054615.8000000007	544.4
82	10000111010001100100010000011011101000000011011011111110101000001101001110000001110100001011010100001010110111101010111011101110001101101100011110000000000001100000001100111100001101100110111101010111111000111111110011010011001101100	1912004.6000000008	505.20000000000005
83	10011000111100000000101001001001000110001101001010101010001101011110010000011100100111000100010001001111001100001100010101100110110100100111000111010100101001100100110011010100000000010100010011010010100001101111111010000111011011110	1717979.1999999997	448.1000000000001
84	10000010100100101111000111000011100111001010100110101001011010010001000100001100100111100010001011110000000110111111101110001110100000100110110110101100001101011100100101101000000000110101000100110110101001100100011000010100001100110	1598840.5999999999	447.9000000000001
85	00100010010000011100110111100110100000010011110011111010111101111100001101001110010100100011001011001110001001011000101001010110100010111110000010010001001100000101110000000101111001000101100011011110100011101111111011101100110111111	1943731.0	502.5
86	10010110101100010010110001011010100111010101101001101100000111110011101101111011010001001110100100110111100101101111110001110010001001111010010010001000011010011100011101111100101100011111001010010110011001111001111001111011000010101	1994698.0000000002	543.8999999999999
87	10111010000011101001000001001001001010001010100111110011010110111001100111000101101011110101101110111011100101001101001100010000110110111011110100101101111100010101100000100001010010011001101110001000111111110011101010010000100110100	1852664.2000000004	515.6
88	00101100001101011000001110011000101000101111101011001010000111111111100101000100011101001001000100100111111001001011110111110011001110000111101101010000100011100111111001010000101011000101100000010100101011110011101000100100101111100	1874586.0000000007	507.1000000000001
89	01000110001011000101111101001100011100001111101111001001101101000001101100111001110100111111101101000000011010100100011000111101010000000101001000011101100110000010101011110100000110110100100111110100110101111011001010111101111001011	1952551.4000000006	516.0
90	11101101000100101010111010100100001100010101011000010111011010100000011010001100011101101100011100000010010110110001101110100001011100010111000100101101011010100011100100001000101000000000010111101010110001010101000101000001111111001	1715057.0000000002	460.09999999999985
91	11100000001100000000000000011001011011010011001101001101010110110100101100100001000111111011010011001001011000000110011110011000111110010000100011011101001001100010110001101000101001011000000001101010011101000101010100101011000110110	1646121.6000000003	443.1
92	10000111100111010010001011011001110011101011101010101000011000011000100000100100111101111100111101111011001010000100001100100110010101100011110100100101100011000000111000010100001100101010001001100001011010101111001000110100110001110	1710276.8000000003	473.3000000000001
93	01101000011000011110000100011001001101010111001000111001101000000000100001100110010101101100101010111000111101111111010010110110000101111110101100011101000000001001001000111010001001010111010100101010001000111101100100110110011011111	1826836.2	482.1000000000001
94	10000110101111010110110101000101111101111010000000000010010111011100110110100011111001001110100110010001011011101010011101100010111111110100100000110001001101001101100101111101001010000000001010101001010000001110010000101001100110000	1744416.2000000002	494.20000000000016
95	00100101100010101011000000011001100001000110000000100110111100011111010001000010101011000011000110111100011011001101000110000011111001011110101001000000000000100011100001000110100110001010001100011110011011101100110000010110000001000	1521863.0	426.3
96	11110110100101110100111111110000100000000101001101110001111010100110111000110111011110110001011000111010001011101011111110010000010100101000101001100110001110001001110000011010010010010101101111010100010101110111101011001010100111011	1953114.4	529.4999999999999
97	11011010110010001001111110101111111000001000110110101110100110101000100000010101110010110100100101101010001111011110001000010011000011110000010010110101100011111111000001100000001100010100110100000000000101001010111100111110010011000	1717627.4000000001	479.4000000000001
98	01101111010000101101111100000000011001100111100000001000011111011110111111100010010111111111100001000000111110111010100111100100100100101100110001011000011110011011011001010101111110111000010101110101001111001010101000010001000100010	1842190.4000000001	521.9000000000001
99	00011000000110000010100011100010101001110100111000011110001010000101010101001100101101011110110001011010000001101101111010010100111100110101101101010010111001110101010100101100010111110101110010111001100101100111000100100111110001100	1892515.2000000004	503.5000000000002
