SOLUCIONES INICIO 

0	1011101001110001111100011001001101110010100001111010101101111101001110101011100111111111001101000001101010001110101110010011101000011000000111000011101000010011010110111110001010001110111100100101101010110010110011101000111001000000101	1047412.7999999998	536.0
1	1100000000100001110001100100101111000011101001110101110111010010110011101100011110100010110001011100001100101001111101111111101110110110010011001001101111000100111111000111001011101111111100010010100011000111110110000111101011101001011	1218931.9999999998	557.8999999999999
2	0100100110100010110110111101110110000111001000101100100111100001101110111011111111110011110110000000100101000101100110010110010010001010100010010101111100000001011010010000010110101010011101010101111111000110010111101010111100010101010	1125152.1999999997	527.4
3	0001001011101000011110010000111100001001001101000101000000111001101011001110000010100011110001111101011011011110100011001000010110101101110011100010001111010111010001011011100100101111011111111011111011000111111111000110100011001100100	1168424.9999999998	534.7
4	0100000010110011110000101001100010011011000101010011001100111010011110011110000100010001000000010001001111000111010111111000001101100110000001101101100111010101000010110110000010001011001100000100111011101000011110100011101010011111110	1078131.8	470.4
5	1100111110100101101110100111011110000111100000111101000011111110010101001100110011111011010010100110001110111110011011010101001000101101010001011001110110011000111111101011010001100111100001110110111110001100100100101101101010010001110	1142522.5999999994	563.4
6	1000000000011011111000111001010000100001101011010110100011110100011001100110000001011000010100010110101010110000101110001010011101100100000010100101110000010111000110101110000000000011101100010000110111001110001101011000101101100100111	966847.3999999997	442.1999999999999
7	0010010101110101110111010010111110111000111111100111011001110010110111101001001011111011111001111011011010111110111100101011101001100101101100010100101000001011001100110010101000001001111001010000101010100111101101100010010011110011110	1178322.2	578.3999999999999
8	1101000000100111000101011110001101011000110111010101111011000100000000001111001110111000010011011100111000111011100110100100011011010010100001000100101100010000010110100011001000011111111111010100110101011110100000010001110111100011110	1109524.1999999997	503.9
9	0100010111000100111001010111000100001100100110001101000111100011100110010101110110011110010100100110101100110101110110100110111001110100101110001001101110001100010110000110001110101010000000100010101000001000011000101111111000011000110	965611.5999999996	483.49999999999994
10	0101101100111101010001111001101010000011001111100001001011111111010101000111011000011110010100001111000011001000101011100000101110110110110101111100010000101101000101001010100111111100011111011011100111011010101111010010111011100101100	1219576.1999999993	556.5999999999998
11	0101110010110110100001100100001101101010010011101100101101110010100110010001101011001001100011011101010000101100001101111010110101110010001011110000101000011000100110101000110100101011000011110110101100000011010011011010000010111111101	1104651.1999999997	502.0
12	1001110111000111000011010101010110010001010010011011000010001010100100101011001100011101111111110001111111001001010100010111000111001000111010110001000111110111000111001001001111001010001111110101000111111110111100000111010010111010011	1175599.2	541.9999999999998
13	1111110000101111100000001011011100001111000110110001111010000010011111011000010010100110110010001011010010010100100111011100001110001111101011101111000011110100000100000001001110110100111011111010110111101011010110110101011101001110110	1178575.3999999997	536.3000000000001
14	0101011011110110100100001110100110110000110010110101111111100111111111001001100000011001000001010001111011001001111000000111101011001000011101101110101111010001011011101111000011100000111001101100101100101011000111011000100101111110011	1192733.6	547.9000000000002
15	0100101011001101011111010111111101100010110010100011001000010010111101011010000101010111001101001101110110011000011001101011001001011110010110111111001010110000100100100001101110101001010000011101001010111110100000111001011011100010110	1086000.5999999996	525.3999999999999
16	1110111011011001001010111000001001101110010010100110110111101111010100110010011011000000101010100101100010110010100010101111101000111011001010100010101111001101110111001010011100101111001001111100010100100111110111010001010111110101010	1216120.2000000002	551.0999999999999
17	1000101010101111010000000010110010011111111001001111000100001000110100111111001111011010001001101000101001110010111010101010000110111001110011101111110111001011010011111100100101101100000010101001110011101111011110001110000100001101110	1113383.4	533.8000000000001
18	0110010101001111000100000001010111111111011001110011010100110111001001111111110110101111010000111000010001001010111111101100101101101110110110001111110000001110111111100011111100010010101100100010001100000011110100111100011011010100110	1151036.6	559.8
19	1011100000100110011100101011100101011100011000000010000100011010000000100001111011000011101111000010000010010110100011100001011111111111001001010010111011011011011111011010100000110011100011101000010011111101001110110101000011011000100	1050954.5999999996	492.3
20	0101011100000101000100101100010001101111001011111011010001001101100101111000110011100100010111010000100100110100001000100101111100101101100111001010111111111001100001100011111010110110010011010010110001001110001101110100010100000010101	1004488.3999999996	500.6000000000001
21	0011000001000110101011011101100100111111101000010100000101000111101001000001010010110001001110000010111001101100001101111111100111101011001110100011001011101000110001101100001001110010110011011110001111001011100100010100101000010100011	996641.7999999997	489.10000000000014
22	0011101000011010001010101011011001110110010000111011100101101010001110101001010000000101011001011010000010011110000100001101010010001101100100111011001110001001110000110110000001111010001011101111010111001110001011110111010110011001010	1094509.3999999997	494.9000000000001
23	0001111001100110011101001111001110100101111010010011001001101010000100010010110111001101100000111100100100001101110000101001100010001110001010000011100001111111110100110100010101000111000011010111011000101001011011110011111010100010111	1085788.1999999997	503.0000000000003
24	0101101101010101110111110000001111011111111011000010110100001010110111101000101101010010011010111001110101010100000101011110100010000010001010010100111001101110011010011001011001000100101101001110001011001010101111100100110110100110011	1101314.5999999996	524.7
25	0001010010011101101101001001101001010000100001010110100101110100000011001111001010100110101101111101111101100110111100010110001111000111001101100000100000010000011000101010110011101001010100000000111101001101011001011001001000101010001	973107.5999999995	481.2
26	1100100000100011110111110100111001010111110100010001001100111001011101010100011100010110110101111001110000110011011100100010010101101011000101110011101101101111111111011011101100000011001011010001011101100100000101101000000100001001000	1026843.6000000001	526.4000000000002
27	0000001000111000101100010010101010000010011010110001100000101010101100100100100100100100111010000011000101011100001110001110001110010001100110110011101101010010101001110010000111010011101101101100000010001001010001101000011001101111000	1022251.3999999999	447.0
28	0010110010110011000101011010010001010100111000001001101010010011011111101111010100010110000000001100100100000111110101010011011101011000000111010011010010100101011011111110100010100100100101001111111011110110010001011111100000011110110	1105134.5999999999	506.89999999999986
29	1100011111101100110111111101101110011111011100111110001101010101001101101001100100101011101110100110010110011010001010011001000111100101000011101111001000001010001000010101000011110110100001110101000110101101001110001110001011010100000	1057276.1999999997	538.8000000000001
30	0110011110000001111101101100011101110111110011101000111111100101100101011100111110110000111110010111111110010100011100011101001001110011011101111110111110000001011100010010010010001000101000001100011100101010011100101111111000011110001	1157594.5999999996	572.4999999999998
31	1111111110010001011110000110101001011011010110011000100000011000000010100101011010011001011000000010011000100111100111001100001110111100001111011011001101010111111000111110011100011001111001101100110000011000110100110010000101011001010	1062928.8	509.00000000000006
32	0001101010100011111000111111111011111011010011100100111010000100111000001010110011110010101000101001110111111000101011101110111101001001111000011100001111001100000101000101101011010010111110111000111000011110111011111001101010100111100	1221764.3999999994	569.1999999999999
33	0101111001101101101001011000011110111001010101111010011010010101111000010110101011001110101100010100111100011001011111100011010010010101001100011100111001001011001110001101100001110001000111110001001001110110111110100100100011011111000	1172852.1999999997	547.1000000000001
34	1010110101010111011101001101010100000001001110101001011010001100110100001111110000111100000010001001011110110011101001011111111010101010011100000000101000100001000111011111110110100100001011101011010001010110101101011010000001000000001	930051.7999999995	492.6000000000001
35	0001001100100111010011000100110100100001100010010001111110000101101011101110011100101010000101011111100001000100100100000000000110000100011111110100110011000111011011100000000000000110011001101001010001111100011100100111001100110010010	964745.9999999998	448.6000000000001
36	1110110100011111001001000100111111000101000011010010100011010110010101010111001100101111000111010011001000001100010001111110100111011001101111000100001101111011110110101110011001011010110111100000001101101001001001100111011001111010111	1182016.1999999997	540.6
37	0001011011000000010010110011011010100000011101000101110011111000101111001101000011111011010011011000110110001001000100000110001111101111101010001100110011110110100010100111000010101010010011100100101010101110111000111101101110001110110	1134143.8	510.2999999999999
38	0000101111110100101100100110100101111001010001010011111110100011100101100110110111110011101111111100111010000011110110010010100101101000010000001111100110001110100000001100110001010101010100110010100011001010010001110110100011011111001	1122147.5999999999	524.7000000000002
39	0001000111000111100011111111101101111101011011001110110001011011100110100111010010001001001001111011010010100011110110100001101101111100111100110001011111111111000011111011001110000100000100101001100000110001000100111000011000011110011	1095259.5999999999	543.9999999999999
40	0011000101111110010010011011111000101110001000000110010011011101111110011111111001100001000101101010010010010010110111000110101001101101100100101100001100110011011010011111010011100011011100111110001100110110111111000000000001101011100	1122737.9999999998	534.3000000000001
41	1100110000010101100101101101001001110001000001011110000001010101001111100111100011011101011111101011010000101000100001110101000111101010111100101000010001111111111001110011111110011110010100001010110101100010111111011110110101011110011	1254837.1999999997	556.0999999999999
42	0110010000110010100111011011100011000110101000101100001101000011101010001100001011100111100100101101000110110001110010000000100001110111001000110100010010101100001011111100011011010011011100111001110100110101111101000011001011110001011	1104532.1999999995	493.5
43	0000111010000110010001000111101101001101000111101111101001000100010001011001100011111000110100110000110000111001010011001001011010000000010100111010101100000010110001100011011101110001100100100100111011100000011011011110010110000110100	998445.5999999997	470.29999999999995
44	1000111111000001001010111111110101111010011111101001111010001101000100011111000011101000011011110011101101011011101011001101000110011001110111100101111100100110101010101001001010011000111111101101010010000101110001110011010010000111001	1143338.5999999999	568.0999999999999
45	0000110110100010001000000100001110000000000010001100100001000111101001100101110010110101100011010110100100001010000110100101011000011000100111001100100010101001000110110100100101111000001101100011001001010001011011100110111111011111101	1121423.1999999997	445.4
46	1001101101000011111111100001110101000000101110000011010101011001110101011000010101000000110111100011010100011011100001100001100101001000111010110000111100100101000100010000111010100110000001011011011001110001110100011110110010110111101	1088913.3999999997	493.09999999999997
47	0010110010100000100110000010011101111110100000111101100101111100000011110111111000011010010010100111000111010011110010001000100011000010000010111010001000101001010011000101000010110101101011010001000110011001110110011110000001101111010	1038627.2	475.99999999999994
48	0100001000100101011011110110101111011111101000111100001101110001011001011010010001001111101001000111110000111111001101001000010011111111000101011110110010100101111111001000000010110100100110001011111101000110010111000001101011011101010	1164551.7999999996	540.1000000000001
49	0001010110101100011010000010011010000101110010110110010101011010010111110101110010110110110101110011011010101110001001011010110101111001110011100011000100111111100000110000110100010111011111100011001001011001100011001111100101000000101	1051226.1999999997	527.4000000000002
50	1011011010110111111011110001000100000011010111010011010101111110000001011101001110111110001101100110000000001001100000110100111101110100001100101101001101000100011100110111101001111110001100010100010100001111000101000000010010011010001	992939.1999999995	500.69999999999993
51	1110001001101011011111001100110101001000111100001110000010111100110100101101010110010111001100000001110110001111011100011110100110000100000010000110001010110010000010111000000111011001000110011100001000010011110010011110110101101000000	983707.3999999999	482.4000000000001
52	0000000110111001100111001001110101000101100111000100110010001011010011111111000011110101000100101000000110101111100010001000010111000000001011011011010101011101011100000011111011001000001110001010001100111001010000000100010010110100001	943265.3999999996	461.9
53	1100000101110000001010111001110110000000110011000011100011111010001101010111001000101110011100010101101100001001000100011101011011111000000000101100010111111111011011010001001001110010001101110010001001010000001110011011111000110011000	1059277.5999999996	488.7000000000001
54	0000000110111100110011110100000111110101110011110100111000100000010001001101011000011011010010011101000110000000100000000001001011111000010100000111011111101001101001001000001010011101010100101000101011111001100001001011111010101101010	1051891.1999999997	468.19999999999993
55	1100101000101111011010100101010001100110001101101101010001010100011110110010001001100100101011000101000101100010010010101100011100111101101010001011111000100111001101011100101111111100001101101100110111111101001011011000101010110111011	1220343.9999999998	538.1999999999997
56	0100011111111011100000001010101011010100111100000011010000011001100100111000111010101110100101111001010100101010101001100011000100110000010101111010101001101110100010101001111011111100101100101010110100000001000001111010001101011010100	1072415.3999999997	502.1
57	1100000100100110010110101011010001110101100110100110101010101110001101000010110000100000100101110000010010110100010001101110011010101101001111000001011110101100000001111110101010001101100000111111010110110010111010110100111111110001100	1161949.7999999996	506.20000000000005
58	0001101100000111101110110110111100111000100010101010011111100100111000111000100110010010111011001011110101100100101111111101011110111100011010101001110101101011111111011101110111101001000001010001110010011100111111100010101101001110011	1254789.9999999998	587.9999999999999
59	1010110100110001101000110001110010101111100010111111110010111000000000111111111000001100101100010001010000110111101010100111001100111111111101001100101000000000000001110010101100101000100000010111001110100110001000110011111010101010011	1044348.9999999997	505.50000000000006
60	1001100000111101001011100001111110000000101010000101000011110111010011111001011011100100000110111100101011100111011111101100001101000001011100101010010100111011111101111101100010010101100010110010101111101110001111010010011001010011000	1156112.0	540.7
61	1101011010010101000011000101001100110001111111001011000111101011111110001101101010011110000100111111101100011100011110110111011001110000101000011010111000000001010001100011110101100111010111100000111110100101110000100011100010000000000	970511.9999999995	523.6000000000001
62	0100010111111111011101100101011001001111011100100010101110111100011110001100110110110011101000010010100111010010001110110110010101011111101001011000111101010010101010011101110100010011000001001111100111111010000011110011110011100010001	1150307.7999999998	564.0999999999999
63	1011111110100000011100000111100010110010011001000011000111000101111010000001110000101011010101010101000111100111000011101001110001100111001001111111101101001111101101101010110011100100110010011111010111110111111101010011000110101000010	1160553.7999999998	546.1999999999999
64	1000010011111010111011110010010000100001000001101000110110001010010101011000100110001111010100100111010111101010000111000100100101010110001001110111110000101011101001001101110011110101101011111101101101101101011100010000101110000001010	1079157.7999999996	511.5000000000002
65	1111101001011000100010110001000101101110010001000100100100111000110110010100010011110111110010100100101111101000011101101110110111100110000011001110011001111100110100000110011110110000010101111010110010111100000001111110101111011011001	1217378.5999999996	539.4999999999998
66	1011100110001011101111010110010100010010100001110111101100010000101001000100001110100100011100101111101101001100000100011010011110000001101101000011100111000001110000111111110010110101101111011000011000000011100100011101111000100101001	1039641.1999999996	496.5000000000003
67	1000101111001010100000001011011110000011011101101011010101010110001111100110100000010011100100000000111101001110110001000000100010000010110010001111110011101111100111111101000111110101010010100000111010000011100101011000101010111010110	1080814.4	490.5000000000001
68	1011011001100111010101001010000111011110000001100101100011010111100111000101100011111101000100010001110101101011010001111010001011010011011001111101110000100010011000011011011001101110101111000101011011100000100101111001111001011010011	1136866.9999999995	533.5
69	0100000011100111111011010100111010111001110110011000101111110110111011011001000000100000001111110100011110011110001010110111011001001110101101001000000101101101011000001100111010000001100110010110000010010001001011010111001100011101111	1087321.7999999998	515.9000000000001
70	1010000000011111101000011110101000011011110110010110000110111100111101010001110111010011110001101111100111001100011111000001100011011010001110100111000110011100010000110010110101110000111101110000010011101001001000101000011001101010000	1049859.7999999996	518.8000000000001
71	1100000011000010100110110011011111101110111111110011100000110100100001110110001101010001101111010001110111111101010000101010101110100100110101011010111111011101110111101000101110101100110011111011111101100001011111011010001010010000000	1165385.7999999996	577.6999999999998
72	0010001010010110110011011001110010011010101010111011011101001111101000011100111010100010100010000000011011101101000110000101100010100111100001101111001101000000110110011111101001111110111000010001011111000010001011111100111001111100000	1153570.2	524.8
73	0000010001011101100111010010111101010010011110100010101110111101010011101101100000100000001110011110101101100000000101100001110101101101000111101011100110011100100010111001101111100010001100010110011100100000000101101111110110110101001	1133466.7999999998	518.2000000000002
74	0001010110100110110010001000000111111111101001001000010011100110100110011001100111011110000110100011110011011001110110000110001000011111010111011100110110110110011010101110111111000111110111010100110101110101101101001000111000000100010	1096829.4	541.5
75	1101111001100001111111101111101001000001110010011010111001010011111001011000110110000101100111010111100010110111010100001010000001100000010101001000011110100011100000111010101110000110101010100110111100111100111111100110101101110011010	1200230.9999999998	544.0
76	0110100101100001101100001110011101011101111110100010100000001100000100100000101001100111011000000000100101000010111001100010010000101001100000111101010001010001000110000001110011111011101101101110101111101010110101111000010010000010000	944015.9999999998	456.9
77	1000100001001100010000110110111110110111010011010110100100000001111110101110100010101101110100100011111000010100001001001111000100100100001101000111110000111000101000100010111011000100111001010010001110011011110000101110101101001101110	1080292.1999999995	489.9000000000002
78	0111101111110000101100111000101010000111010000010101010110101100101001100101101010011101011111000011001010011100001101110100100110001101101000010110010001010100110000000000000110111100000010110011111001110100001110000011000111000001011	945953.7999999995	474.1000000000001
79	0000011110011000010101000110101010110000000001111101100010010001101101110100101000001001011001000100110000000100100010001000110000011110001000011101111101001110011000011000110110110000111010001110111110001111010111101101000100000111100	1015481.7999999996	456.8000000000002
80	0100111011001110110010011010000010001011011111010000000110111100000011010101000100101110001000100100010011100010010001101001100101001010111000001010001100100111010111001101001001101100111010010000011101000100000111000011110101011111001	1065499.3999999994	467.8
81	1101111000111011001100111011011111010111001101001011100000100111100011010000010010100011100111011101010001010000100111111010011100001111001101000010011011100100001011001110100011111110110001111010101001101010010000101101000111001011010	1117283.9999999995	532.8
82	0100111010101111101010011111001111111000011100011011100101100111001001000110001011010110110110110101110101001101011110010001000111011101001111011000000010011100011100000000001111000001011101011001011101111011010100110000111111010111000	1203307.2	554.0
83	0011110010001100001011011110101000000011100110000001111000001111000100101110001101011001000011010100011111000001110110011011101011101110001010110111101000010101100100000011010011001100010001011001000110101100011000001100000100110111101	1003122.1999999996	473.29999999999984
84	0101000111000101101000010111101000111010000110001111001000001010110111000010101111010000100010011101000001101110011001010110110111111110010000101110011011010011111001100000110100011111000111000010101110101100111001000111100101000000011	1001187.5999999996	497.3000000000001
85	1001011000100010010011101101110010000000011111001100001110110100000001100010101101011010011001110011111101101010110100101110101100110011000011100111101111101000011110110111000101111000101011101010010100111010011001101011010000000000001	985082.9999999995	513.2
86	0111010011100100111101000110110101111110011110111011111011011111101000001000110101101000101101110111110011010010011110111001000111100000101010100001101000000101010100011001111111100101100011101010100010001011010111011000100011110101111	1162870.9999999998	556.2000000000002
87	0100110000011010001101101101110010110101100010000011000011111111000100101100010000110100111000010110111100110100100000000000110111101111010010111010000010000010010101011011001011001110101111110000100111111111100110001000111010000111000	1076254.5999999996	495.90000000000003
88	1001110000111010000010110000111011110000000000101100111000000110010111111101111111000000011001011001001011110000000010001101011010000110110000100010011001101010101111100000100111111110100011100110100011101111100101010000001001111001000	1068338.7999999998	486.70000000000005
89	1110010100100101001110011001111000100110101101001010000101001001101010010010000011011111100100101011001101100110111001000101110001001101110000001101100001111100011001101100101001010111111110000111001101001100010010010100101010010011011	1061231.5999999996	500.3000000000003
90	1111100110101011110011010100011010110011101110100000100000101111100100001011001011010100101110101011000001001000011101011001111110000000101101111011110011110000101001010011011010011011100010011100110011110100100101101110000000000111101	1028823.1999999996	513.2000000000002
91	0011011111010110000001001100101010100001001000111000111001110011010001011010001100001111111011011010101110100111001100110100110110010010110011101011001111101101000000111110111010101111000111111001010011110000010011111111111001010011011	1221984.5999999999	556.5999999999999
92	0001001011110000110011111010101011000001110011001111010101101111110101100000000110001111010001011010010110100101001010100111101101010101001011101100100001100100101010110000101010001110111000011110010010001111111100010001100001011010100	1050917.5999999996	511.20000000000016
93	1100111011011111110110111011000111110111100100101100000111000000000101110010101111101001101101011110111000110001110011110001110011100110010001010101110000111011001011110111100000100000001111111101010110010101001111011100000110001100110	1108701.0	555.6999999999998
94	0010001111111011100100010100010100111110110101010000111001110111001101010101111011101010001100100001100011110101001011100101010101110011100001100100001010110100000110101001001000010001010101101101001010100010001111010111101101111100011	1127031.5999999996	515.3
95	1010010001000100000111110101010110001110111011011101000100000011000000001101000011010111110001001001101110001101011011101110111001111000000000111000010100100110101000001110000111100011100101111100100100010101101110010111011100001000101	1004319.5999999996	480.7
96	0000100010111101111011000111001001001010101010110100101011011011001100100111100101111100101100001010010001101101010000011000110001111001000010010111101000111001111101110000100110010001111000101000101100110111011111011010111111001110101	1207648.5999999996	528.9000000000001
97	1111010000000110100001001100011010001100010000101011110011010111000110111001010001001100011010101001010111110010100011100010100110010000101001011101000001001100101000100110011101011101111111110101001101001011110000111011011011111011101	1218283.4	513.6000000000001
98	0110110100110100100100110001110001100110010011111011101100001111100000111000011100010110010000010101100001010100111110100001111110001010011000000011111001111101110111000001000111111111001101001010001000000001110010001011111010100000111	1016294.7999999998	496.3000000000001
99	0110101001001001101000111010100101011000100100110100011101010101101010101010010110110011010101010011110111010001101000101011111111000100011100010100111001010100000010110010001101101100111101101000011010000000000111010010111000101010111	1017177.9999999995	493.69999999999993
