SOLUCIONES INICIO 

0	1011110000101010101011100011111101111100000111100000001111000011001001101010010101111011110111100111110011010011010110000001100011000100001001011010001111001100000111010110110111010001110011100011101111000001000110011010110100011110111	1067620.4	532.5
1	1110001010111100101110111011111111111010100101011111011010111010011110110110010000110100010011110111010111000001001001010011110000100010000000001111111110101010000001111100000001001001111010100011101000101011100111100000101110010011101	1039486.6000000003	539.8999999999999
2	0101100000110110110111000100000001000101101011000100001111011101100111101011111010110110110101010111000111000101111101111010000011100001001010101011000010100101100100010100111111100010001000100110011001010001100011110011110001001101111	1003003.2000000001	508.9000000000002
3	1110100010000110001100110101111001101101011011101101100010000101011111010110001100011100011010110001110011010110001000100101011000000000001010101110011001111111000011100000000100000010101000010100111010100000010101000111010010100001110	834221.4	456.9000000000001
4	0011000111001100010010110101100100010010100101111111010000000010001110101101110001100101001010010010101000000001110110110000111101110001111001001011101111111001000010100101011100101100011010000001100111010101100100011111110101000001100	963222.6	491.80000000000007
5	1101010001010101000001011001101001111001001101000100101111001011000000111111100010101001001101100010000001000010111010010101110111110100110111010110001110111001000000011110001000001011110100110100000111100111000101010111101100011000010	960312.7999999999	493.20000000000005
6	0000110001110001111110011110001101100001110011000111001100100101111011011100101110101001101110110010110011111101000100010011010100010000001100101110010011001010100011001101011000010111011111111111100001000110010101000100111100100000010	975438.4000000003	518.0999999999999
7	0111011111000101101111001111001001111000101111000010100001000101101111101011111101110100001000000110010100110111010110110110111001010111011000110111011110010110101100001001001010100111010111110101010001101111110000110101110010110101011	1130068.0000000002	569.6000000000001
8	0001001011001110111110001110000011101101001111111101111000100101001110111100100001011000000011001111000101111111010100101111000011111011010101111100000111011101100010110101000111100101100000101011000010010100010111110011001101111101110	1130616.6	550.9
9	1001001100001101101010101100110011000111000011010110010110101101011001110001110011110100011010011000101001010000010001001011111001000111110000000111001110001001000011110110100101100010111100111100101000010011101010110100001111111010000	1059031.4000000001	504.2999999999999
10	1010100001011111101111110010111000110101100110101001101100011100000001100101010000100001001011010000111101000111101001110101111101101101010011100101011000001110011011001000111010011001010110100010000101111000110011100100001100110010111	977986.8000000002	506.7000000000001
11	0010000001000011011000000100111101010100100100110100001100001001011000011100110110111010100100010110010101101101010001100110000010110001010000010111100110101010111010111111110111011000101001010101110001100000001000100011001110110100111	981433.8000000002	463.7999999999999
12	0000110111000010101110010101001000110111000111101111110110011111010000100001101111101000111101000101001100010000110110011110110010011111111011001100011001011111001011011101101000110010001110101101110111011101101101111110010100100111110	1173950.0	571.8999999999999
13	1101111111110010111100000101000111001011110000111111110001111110101001010001100011000010100110011000000111011110001001000000001001101011101010110001100010101110111101101111011000111101100101000010001001000000000111010100010101110110111	1027201.2000000001	518.0
14	1101000010011011000010010110110110100010111100110001010111011110101000111001101100110001000110010111110101011000000100101010111100100100100010111000000010111011111010100111101100000111101100010110011101001000010101101110101001111011110	1092835.5999999999	519.2000000000002
15	1011100101010001011000101111000101110001101001101100100100000101010101011011110010111010010100011001100111010010000100111111010101101100111011100101010000100100110011111100101000011110000010000111100100101001110011100110010110100100001	968786.0000000002	503.2000000000001
16	0101110010001111101011110011100110110111001011010011010011110000010001010110011111011110001001101100010101110000010111100011010101011101111000001000011000010011100100010010110010101010100001001110010010001010110001110111110101000110000	980925.6000000001	515.6000000000003
17	0011101010000100101011101010001010100000001000000100111011000110110001100100100101110001101010100110010010001011011111011101110010001011111100010100000010100111100110000101001110101111100000111110011001001100001110000011000110001111110	996211.6000000001	478.60000000000014
18	0110010001010100001010100001110000000001010000100100011000011111100111000011100000001111000101011100100101001100000001110011011000100110001110101011010100110110111101000000100011010100111111010001000000011101001010110000001000101100111	853834.5999999999	425.70000000000005
19	0010110011001111110101011110110101010010111101101111101111110011000101001011001100100001111001101010011011000000100010100101101100110001111110001001011011001001111111001110111001110001010100110110100001000001000010111011011001001110000	1042751.9999999998	544.4
20	0001000100011000101011011000000010101000000001000001000100100100010101000101100101010011100110111100100000011100000001001111110110110111111100011011100000111001101110000010101101000110110111101101001001101000001010001000101011100111010	990249.0000000001	452.5
21	0011111110011101100000010110101100010101111010111001110110111110000100111010000101011111011101010110101110010001111110001010110100100001011111011010111101100010111001011000011110100100111000101000010101101110101000100101111001000000110	972685.4000000001	542.2
22	0111011100000100010111001100000000110010001111110101000010100101100110100101000001010010010010101010011100000110110010011010010111000101110001001001001110011001011100101110001110111111001000101001001010000000010100010111011010010101100	935153.8000000003	459.9
23	0111100010000100000101011110111011010000111100011110000010010010000101000011001100010001101110101001010011101011110100000011000101000011001000110000100000010001010100100111100111001011001000100110101000010001001000000000000010111100100	795381.2000000002	413.70000000000005
24	0000000000011010110110110100000111000000000111001011111001111110101110101100110101011000101111110011100000001100001111111011001100001000011101111101010001001101000100011100100010100110100111110001010101100011010011110111100001010111010	1033312.4	507.1000000000002
25	0110101111001001110110001001111000011101111001000100110100100110101100110101111000011000001001000100111110111111111111001110100111001111010001010110101111100010011110011010110111110011110000100101010101001101001011010000010000101010010	1008181.5999999999	545.9
26	0111000000001001100101100010010101001011100110101111000010101011101101001101000001001001010000000010010010000101100101100010011001010111101001011110101011010010000110011101101011111011001011001111100101010100101011111011001011010011111	1075158.4000000001	494.90000000000003
27	0111101010111011111001000010111011010000011100101011110001111110001010101110100101100011010011110001111001100110100110110110001001111011010100010100010000001000011100000010101110101111110111011111111001010001100011000111010100010000001	980011.6000000001	535.1999999999999
28	1000010111100110110111100101000011111000110101101111100000001110110001000111001010100000110010010011101011100001010101101000111001000010000001110010100011000000011110110000100100011001100001000001010001110011101110011000111000111010101	931336.5999999999	467.0
29	0100000010100000001000101000010110110100100001000010010100010101111011111010000110110110001001100101000110111001110111011010101110101001010011000000101001111010001000001110111101100010011011010101101101111001010010111011010000001100000	924515.5999999999	470.9999999999999
30	0000000010011000000111000100001100010000001111000110100101010100001101011011011010001001100110011111100100001001001000000110010011000001000111111001110100111101111111101101000110111000100110110111111101001101010110101001001111000001011	1028980.5999999999	478.4000000000001
31	1110010110101001001111001011000100110111010101001110000111011101000011000010110000001011111110110100010111110011110111011011100100101101000111000010101001001011100111000010110001010110100110101000000010011101010000100101000011010000100	881297.0000000001	498.3000000000002
32	0101010011011001010110010011011100011110011000010011010111000110111010100101101101101101011011000101010010110100111101011000110011110000101011011111100011000000011001010111100010001000100101010001001011011001111100110110100011000000000	915028.0000000001	511.20000000000005
33	0001101111111101010101001011000010111011000100000110101100001100110100001001111010000111101010010100101111011101100001010110000011010110011110001001101011010101011000100101010100101111010001000111111110101010100111101001100011111110100	1116412.4	529.1000000000001
34	0010111111101011110000011000110000010000101011111101011000000011101111110111001110011101111111011001100100001100100100001101010000101111111101011100110010011101100011001110011101111101011011111000101110111111101001101101001000100100110	1095402.0000000002	569.1999999999998
35	0000000111000101000011011011011001010111110000110100100011100111101101110000010110111111001100000101101011100101110000011010100000000001110011001101101100111111101100010100010001101110010101111010000011001110111100000011010100010010000	942458.6000000001	492.30000000000007
36	1110001001001001110010011100110011111101110100110000001111110010000110100000101011100010000000111001110000011100011100011100000010011000011100111000011101011101000110001001111011000110011110111011110111001100011010001011011110110011111	1099888.4000000001	507.90000000000015
37	0000000100100011010001111011101101100001100110000111000100011100111000111011010111101101110001010100110101011011101101100111100110001111100000000001111110010100011101110100110111001010110001010111100110011000000000110110101100001000011	951649.4000000001	505.2000000000001
38	0100010011011001110110011111011100001001101100010010001010001111111011001110001000010011101111001101100000011110010100101101010101110001010001111100010111010011000011100000110100010111111011010001000101001000000010000110000010111000000	876231.3999999999	483.0000000000001
39	1101001010011010111100111000011101010110000100110100001011100001100111111001010000011100011110000110111000100101011100001111111011011101011110011101110000001110010001101110110101101101011010000100101110011011111010110011010001110101111	1109370.2000000002	545.9999999999999
40	1101011111011010111000000000110001101000001001010101011101100010010010000100101011111110100111001010111010000001001111101000110001100111001100110111001011111000111110100110001110110101010110100110000011001010111100011000011101100000010	986033.4	510.6
41	0001000110100101111010110101101111000011101000000001001001000010001011110100010101111100011100101101011011011011101011011000110011110100100100000000100110000010000000111111000110000000111111110111111011011100010100001000111011100001100	997586.4000000004	495.2000000000001
42	0001101011010000111111011010010011001100100100101100111101001001010001110100011111110001110001110010101111001010000010101001000101111001000000101111100000000011010110100110100000001111001011010110011011100011011010111110001011011100101	1028808.2000000001	500.79999999999995
43	1101011010111000000011011110000011010101011101101111111100000011001011001101011000100110011000110010111001000001110101111011111111100011010010101100110011001101010111010100100011000010110010110000001000010010100011110010111010010000111	941146.7999999999	511.30000000000007
44	0111110110010101100111101100010001010010100101000110100000001000001100000100011001010100101101011000101100000011101111010001111001000010101011111011100001011011001000111100101000101011010001101001100101111010000110010010001101110111011	1033764.2000000001	480.9
45	0010110010101010111111101111000111100011010001010011100011101111000100111101111000101101100101010001011111110010110100000101110101010100001110001010111011000111111011100100011000101100100001101011010101001001111110111001000111100101000	1085958.5999999999	550.0000000000002
46	1001110000011110101111100111011111110001011101110000111001010111100000100010001111100000111111000010101110010011111101011011010000001111100100110110111101100000101100101101001011001101000110111011101111100111110110011100011000010010011	1063743.2000000002	560.6999999999999
47	0100111001000100111111101010010111000000011010100001111100011000100010011001011111110001101110011000111100000011100010010011000101011110111001100111010100111000001001111001110001100100000111110111101010110001000100000000110101111010011	1016239.0000000002	501.1000000000001
48	0100111011010001111110010011100111001100000101000110000100010001111000111000001001001101100111111000000110010100011000110011001001011111000110010100000100100111111010101101100001100000101010011010000000100110000111101001110001001110001	918237.6000000002	465.40000000000015
49	0000000101111000011001111010110011111100011000111100000011000011001100101001000100111110000111000100111111101110011100010110101111110110100001011011110011100111000110000110111111100111111110111010001100001010001011011111001001101010111	1115077.2000000002	547.7999999999997
50	0111111000110101001100101101110011101100000000101010111001010011000100101000000101111010101100001000001110111110001111001100010101110001001011111111010011100100001101001101011101010101011000111010010110001000010000010101000110110001110	952677.6000000001	494.4000000000001
51	0011000100110011001101100101011001110001000010100011111000100100101001001001100110101111010111101110011010100111100100101010011010101100000100111010010000101010011111001000100100001101010000101010110100000111110111010111011010111010000	1023125.7999999998	498.49999999999994
52	1100101111110000100001001001011101111110100001011101110011001111000010101011110001011011001101010001110110100000011100000001000100001011011010110100101100011110111110000100010010000110101111110011011001000110111001110000010010100000100	899722.8000000002	491.40000000000026
53	1101110100100101111011111000110001000010100000000011000010110010011110011101001000101111110011011101110111011110000000010101100101010011010100010000000010110101000101110111111100000001111101100001000100010110100101001011010100010010011	919071.2000000001	483.7000000000003
54	0110110010010000011110101111110001111111001011000100110101110000001000101011010011010111101011101110011001100100011110100000101001100100111010101000111101110101110001101100000101001111010001010110110010110111100111010101000100111111001	1121798.2000000002	542.5000000000001
55	0011100101010010011010101101010111100001000001011100000101011101100110001110110011011000101011001101000111000010010111001011011000111110010100010110100010010010011010101001011110011111011111011101001000111010100000001100100101001101110	1021305.4000000003	507.49999999999994
56	1001100100111011000000100110001101110011100111000001001101011100100010010001101011101100110100100011111110010001110100011010011100001101000000110010101011000110001110011111100110101100111001101001011100110111111000000111010011110011001	1083601.6000000003	515.3000000000001
57	1111111000001100100100100111000010100010100010111011101111001101111010000101100011001101011110100111101101010000110010101011001011001011110000101101000110011001111110111101100101000100101110011111100000001010101000110001111011000010110	1020239.2000000002	527.0000000000002
58	1000110110000100000111010011011101101011110000011011101010101100101011110010100101010010100001111111100100111001110100110101111001001011100010100001001010100011000110010011001000111100001000110100000010010101001001001100000010000100110	804485.2000000002	465.7000000000003
59	1100000011001111001000001100001000001011001101011111101110001001011111110100011111110001101111000010001110111110010100000010000000011001101110100100000101100001001110100000100000010111100110001001111111010101110000101110111001001100001	956803.8	482.6
60	0001011010001000000000001111001001001000000011101010011111101100101100110111010111010000111111101010000101010100010011011000010001110111101110011001110011110111100011110101000001001100101001101010010011100111111100101000111001001010011	1019426.2000000001	504.00000000000006
61	1110001101101111101111101111001011111010000101010110111001111001000100010000010001000000110010010101101000100111010100100110001100111111100001010101010011010000111001000111101100100011101011011001110011001101001011111110011000001000011	973634.5999999999	520.6000000000001
62	0101010101101110010101000010110010010010010010110100010001011000110100010001011110011000000101101100100011001011100111110001000101000110011001110010000100111100100000101001111101001000101100101011100101001110110000101010111010000100100	890668.0000000002	456.80000000000024
63	0010110101111111001110011101000100010010111011000000010110110011100000111000011110000100111100101110111011100111010001110100000100110000000110001110011010100101110011000101110111110001011110011001110110110110100101010011000101101110111	1091497.8	526.6000000000001
64	0110100111010001001110110110011110010010001010100110110001001100001110101100000000100000101010010110101000101100110001010001101000110010101101110011110101011101011101101001111101010011111111101010110010001001100010011100110011001111111	1119193.8000000003	518.8
65	1010001100001011001010011110101101001100110110100010000011101111001011010100010010001110010100100100101101010111010011000010000101100000000101101110111101111101010000000111001001010010010011111000100110101110100110001100000100001110101	917944.7999999999	472.3
66	1100000010011100001001110110001000011111100111101010111011100011011010100001010000011001101100000000101000011100100000000011111001110100001101001101010111001111001100110011110100100111101001100101001100110101001010110011011000111101000	1035776.5999999997	493.50000000000006
67	0111110010011101001100101000011100001011011011101011011101001101100010111000011110110110111010111001101001111101011010010101000011010000101110100110010100000000110010000010000011100101100011001100011111101110001100100010001010011100101	949314.8	503.50000000000006
68	1001000000011010110111011110101111011010100110110101011000101111110001000110000001010000101111000010000101000000001111100111110001011001010111001011110110100000000110110011111110111010001101111101001000011111100100111110111000101000001	1024589.5999999999	518.9000000000001
69	0010100111101000011000110111101110000001110110111000010000000011000101100011110011110111001110010101001011110001101111111000010011111000000010110100110000011000100111110101100000111000111110010101000000111100001110110100111010000101011	984072.7999999999	500.90000000000015
70	0010111010110111101111110011000100011011000100110000111000110001000001100001011011001100001010011100110000111001000000001010111110100111110000010010001001000100000011111000010111001010100110011011101111001110101000110111001011000001010	933330.6000000002	475.7
71	0010011001010110000010011111110111100011010010011111111011111011100000001010010101011010000101101010101000111111110110011011001111001110000110101000111111111100010001010101001111001111010011000101010101010011001010000110100111011111010	1144292.6	554.4
72	0100000110011000011111110001011111010001010110001100100001110001010110001011101001011010110000010111010010110010011100100001000111000010111101110110101111110010011111000010000101010000001110011010010010110001111100111110111010101010010	1030764.2000000001	505.3000000000002
73	1010101100001111001000101011010001010111001101000001100100111110110000000010001100000100111010001110010010111000100011110010101011011001111110101101110100011000101110000110010100110100010001001110100000011001010111000111100111000000010	895632.2	473.5000000000001
74	1110010001101010000001010110011000111101010010101111000100110101001100000110000101111001001010001100001110100001110010010100110100011101111000001000010010011101101111000100010001111011110000001101001101011110110110100101001111111111110	1145768.0	502.3999999999999
75	0101001000000111010010001101010111100111001111101011000010010010001110100011001111010011001110001010000011000101100101110100101110000001101010010000101000100111100110111111100010010001110100000011111000101001111100001010011010111011101	1048563.0	492.8000000000001
76	1001011111100111101011110010100000011010101001001010101101001100011101001000010000010101100111001101111001100110100001110101010100000010011101100100001100000010011010001000111001001010111101000010110111110010101101100011000000101111000	954908.0	483.7000000000001
77	1110000101000100011011100000101010010011111101010010000100111110011001011101101101110001101000100100010111111110100111111011000000001000100010000000001010101010110010101000111010110000100010100101011000010111110101010100000000110101110	900827.2000000001	468.7000000000001
78	0010101000010001111000101001001110000000011100001000101001111000011111010110010110010100111101011110000100110011110010111010000000001111111000110111001000111100001010111111100011101010001010101011101011011000110111001101010001110111001	1090731.8000000007	512.4
79	1111111111101110100111001000111000010111101110010011011111111001110001000011001001010111101101111110111010100011110001010010010100110000100110110011100001100100011011011111100001101010111011000010000010111111110101110011100001000011111	1058922.6	567.0999999999999
80	1110000100010111001011111001100010111100001001111011111111010001011100011100010111011110001111101110011100110101010000111010000010100101000011110010000111001110000110101011101100010001100010011011110001111001111011111000001000001110100	1013463.4000000001	534.6
81	0101101110001011101101001110110010111101011111011111111001000000010110011100011111001100110100010100111111111110011100111011000010011100010111111101000011101101101110001111110110010001110111011111001101101010011101011001010101000011101	1156700.8	599.9999999999999
82	0000101100000111110100111111101110111000011100110100001111101010011011101000011011001111011000001100110010011101011110111010010000011010011011101010101110000000011100111100101000101000111100110101000111011011001110010100001111100101001	1072329.6	533.6000000000001
83	0101011100011001000011110111100101000001000010101110001100001101111001110011011010010100010011111110101101110010001010110001001001110001110101010000100000011111011100000100011101110100101111110010011100110100001010001110000000101001010	920448.2	492.1000000000002
84	1010000101001010110000101011001010000001101010011000110000000111010011100110100110001000001110010011010111111111110000110001010000111110000000010000100010000110100101111001000101011011011100100101111101100101101110011001111001100011101	1021718.2000000002	476.9
85	1000011000000000100101010010111111011010101000100110101000010011101000100111110001101010000010001110101110101000010100100100101000000101100110010110101101001000001110100101100000000000100111101011110011101010001110001111101001100001101	905615.0000000002	446.0000000000001
86	1000010110011010101110010110111001110000001001110101110100001000010011111000111000011000010111000111100110111101100111110110100110110010010001010010100011101000011001110101001001001010100100110011000100000110100010000111001111011011111	1027885.7999999999	496.40000000000003
87	0010101101001011111001101100110100000111000001001110101000110011011011111010101110000110110011001010000001010101011000000111001101110111111111101001000111000011101100010100000101110010011100011100111101111001111010000000001010101111100	1062834.5999999999	521.3
88	0111100111011001100000111010010010110001111111000000011010110001000100010100100110000100101110001000011011000101111001111101111111000001100110001001010111001010011011010010000101011100010011100000001010011000010101100111011000101010100	915084.0000000001	477.70000000000005
89	0110000000000100000011101001100100001000000111101011101101111101100100000110111110001111101110001011110000111110010110010000011001001000110100111010001111100111101110100000111010111011101110000100101001011011001001100111100011101011001	1076567.0	510.1000000000001
90	1000000110100001100100110111000010000111001110101101010111110010010100100111000001110001110101001000011010011000011001100011101011000110001111001000001101100011011001011000001011000111001001110101101100101110111001010010010111100001110	990130.0000000001	480.0
91	0101111010110110110000000101010101100000010110100100100011011100110100011110010100001000000001001011100110011110101000000111110101000000001010100000001110110001110011100011000101101001110000000110111010011011001010100001110011010010100	900699.8000000002	447.5000000000002
92	0101000110111100011011101110110010011011100111001101110000000000101001110100110010001101000001001001011000011011011010110110101010000100101001011000100100010011100011010111100111100110101100100111001011000101001100101101011010000001101	936840.6000000002	486.50000000000017
93	0101110011011000010110010101110111010011101011111000000000100100001000011111100110100110000111010010111100000110111101000101011111100010111101011101100101100010001101101101100010011011111101101010100000010101110001101010010000000000111	892659.6	507.50000000000006
94	1111010000110101100110100010001101110101111011101010111001101011001111111001111101011100010110101010011100100010001100010110010110110101111010001000000010101001100001001101011101101100000001100100001100011111101000111111000000111101011	1022303.6000000002	530.5000000000001
95	1101101001010111000000010000000001000011010101010100111001100000000111110011010001011110011000011011101100100111001001110010001010101111110001000110100010000101101110000010111010110000010110111001010111100011001001101000000100011100000	895735.4	461.6
96	0110100010110111010011100100100111010111100111111010001011000101111110110101100101100011111001100101011010101001110100101100000101010100010101000010100000101010111010110111110110101000010001100010101101111011101000011011110001110101100	1082913.8000000003	541.4000000000001
97	0001000000010101010110011010110010110001010011001101011000110011000110011100010110101000010000100110111001010011101011000111000001000001110111110110101001100101011110101101001000111101110100100001100000001011000011111101000011000010110	905307.4	466.2000000000001
98	0001100111010110010000100001110110010110101011111110011101011100010100100100100001100100011001000000110110111010001110000110111110111010110101010101111001101110111101000001110010011110001100010001001010101000110101010111000010011100010	980282.6000000001	510.29999999999995
99	0101100011100011100111000100111000101100010000101100101010010001101011110000001100001100100110000111101010011000111100111001101011101010011111010111111111011111001001101011011111110111001010111110101000111000011110010000111000101100110	1095430.8000000003	543.5999999999999
SOLUCIONES INICIO 

0	0110001011100101010111000000111010110001011001000110101010010010001000100001110000001110100110000010001111011010110010001100111001101100110000001010000110000111110000000111011001110001110100000000001101100001101011111000011011100110010	948939.7999999999	454.89999999999986
1	1010100100100000111001110000111000110101110110001011010011110011011010000101000100011010001010110001011100001001111000000010110001111001001111101010100111101001001010011100001111101110011111011000000001110111100110101110111011100111000	1120669.5999999999	517.0999999999999
2	0001001001110010100110011000011110011101101011101000001111010101001000111110110100011010010010111000001110010011101101101011001010010111100001011111000011001011011110100111100111011111010010100110110010100000110100010100110110010010101	1032685.6000000002	524.8999999999997
3	1101000111011001011000110000110000101011001000010001000110010100001100101000011110000110111101100010110100011111111000101011100101101000010000011101100001000100111100001100010010001101001011010011010010000000000111101111001001000011000	862177.6	451.4000000000002
4	0110001000011101000000101000100010010101100101110010000001100010000111110110110011111011001110001110110110110010101111111101110011000010001011001111100000000110111001011100110110100101110101101011000011100101001110010110010100101111011	1084389.0000000002	517.8000000000001
5	1001100101011000001100111111010011001111110001100111000010001011010101011001101001011110110000000010000010000111110101111101111000001001011010110001011100100101011110000011111110111101111101100000110001101110011111011000010001100100101	1022176.2000000001	522.9000000000002
6	0100100101010101101111001101010011011100010000010010001011011100001101100111101011110000110100001000010000110101110000111101010111000001011110110000000110111100000010101011110101110010011001111001001011010100000001111100100101010000100	911928.4000000003	481.2000000000003
7	1011100101110000010110000111000010101111011101110010001111110011100100011001010001001011101001011010000000100011010101011111100000000100111011111000110000010011101010100110100110111001110011110111110101010010011110000110010001000100010	942865.8000000003	502.00000000000017
8	1110011111111001001101111001010000110100110000101101111011110111010101010100000110100000001111011110001110010110110110010010001101001110100100110010001001111011000100110000010011010100111101010011101011000110000000001000111100000010101	907465.6000000002	502.40000000000026
9	1011110010001010100100001110000100000110001100010111100110000000111100000100001011110111101100101110000010001110100111011101111000100010110110101011111001000101110000011111111101100011011101100010011110101100011100001000000101100100101	971468.6	495.2000000000001
10	0000110000110010111101111011100001001101110110100010111000001101111011111110000001001001110100010000001000110100111111110010011011011101111010011111010110000000011000011000100100110100010010110101000110010010111110001000011010111011010	1026329.4	508.60000000000014
11	0001010010001011100111101011110111010101010000100001100010101100000010100100001000110101011010011011111001001101000100011001010111111011111001110010100001011001001101111111001110110110010001100000110100101000101011001000010000100010000	888742.4	484.40000000000003
12	0010000101100010010101110101001101110111111010110001010100001001101010001111011110100101101101111001111001000101000010101111011001101011010000100100000001000000000010111010001110111101011111001011111110100100111100000101101111101111100	1154824.0	528.9000000000002
13	1001000100110011101011001001111111100110110001111100001000100101111011101010000000101110101000100100000110011010011110111111010101111111001010010100000110110011011111001000001011000010000010011100010000110100110011100001110011001010110	959798.2000000002	502.5000000000001
14	1010101001100000010001111100111110100110010011100110110010101010011011011011110011111011101101100000100000001011001011010000111011110001000001100001101010011011110001010100001011111010101000000100000111101111011001001001110000011111100	1025417.4000000003	510.99999999999994
15	0010011111110011100111100010000100101000010001010001010110100101111010000100011010000011000000101010001100101110100110010010001101011101001000110101011111011100110110011001111101010010100110011111011100101001110011001010010101101010000	1033807.2000000002	499.29999999999995
16	1000100111111100110110010101111110100111001111011010101100001000111010001101100110001111110011011100010111101010011001010000010001011001100101011010100001011111101100011100010101111100110000001111110100100110100100011011100010101000111	1009559.7999999999	537.3
17	0010011001010111010111111001011011110001110110110110100110001001101010110001010110101010110000011010111101000110011111010001100000111010111111101010101111111011111000111101010110000101011010110001110111110111000010101100001100111011111	1171567.2	573.9999999999999
18	1001010110011101110000000100101011000011011101010001001110111000010100101111111101011101001110001000001100101101010100011000011111101100101011111111010110010011110001100000000001010101101110001000000111101001011010011110101101010110100	1037870.4000000001	518.0
19	1010000000011110100000011010101011111000101100000100110111000011001101000010110101001111011101100100011001100110000011111111100100001101001001010001111010000000000010000100011110011010101001011101010001010011001101010011100001001111000	944926.4000000003	471.50000000000006
20	0101010111000101111100110010001000100101001001011110000110100110000000101100111111001010111110010010000000000100111000100111101011111111111000100010111100000001100010011011000100111110101111100000101011011110001110111001111101111001110	1127489.6000000003	521.3000000000002
21	1010011011110011111101101011110010011100101000010010010101110001100111001100111011100100010011100101010111001000001111111110100001000101111011101101000010100010110110011011000101110111100111011001000001010001100110111100110111010111111	1152144.4000000001	553.3000000000002
22	1010101011011011110100011110011010011010001111000111001000011100100110001100001101000110100101111010101000010010111010100101000101010111011110101100111010111001100100101101100010111000100111010111010101110111101100001000101000010001000	974485.7999999999	520.9000000000003
23	0000011100010010111000110000101000011001010110010000010000111100101111110001000100111000000101010110111000000011000110111011011111011001001000011110101110010001100111110111010001001011010101001000001100000011100100111001001100000101100	901890.7999999999	460.3999999999999
24	0011101000100001100101100100100111000101111000100111000001010101101001101000010011101101110010100101111000100100011110111000110110011111100011011001101000101000111000111111011110111001110111110011000101001010111011111101100011000010000	1059560.4000000004	534.8999999999999
25	1010001000110000001011101011100001100001010100110111010100001100001001001111000001010101101111111000000011101101110010011011101101111101110100001111111011100110001010010111111010011000111101110101001011110011110000110111010101111101000	1180970.6000000003	552.8999999999997
26	0110110001101001010100011011111110110111000100001111010000010101111001000100100110100001100011111010110011010010111101101001110010101110010000010000010101000110110100011111010100000011110110010010000100100000110001001001111101000001000	916197.4	488.1000000000001
27	1110100101001010100101010101011000111110110111010101101001111010011011100111010010110001001100110101111101100100101001101010001100100110000100101111110010011100100011011110001100000010000010001101100111010100110011101100011110100011001	1033092.0000000001	527.0000000000001
28	0011011111110111100111001101101010100011011110101101011000000011101000111010110010100001100110010111000000010101101001011000001000100010101111100111001100100011000111100111111111110110010010100011101000100111011100000000000010001101101	962634.4	509.3
29	0011010111100100100011101110110101110100011110110011100100001011000011101111001110101100001110010111000111101110111101110001010001011110010001010101101111000001001101101110011010111101000101010000111100010111100001010011010100001011101	1048308.5999999996	547.3999999999999
30	0100100100000110011011011100101101111010110100111110110000010000000011111100110110100100010100001110110100010011010000001110010000101011010001111111110100100001010101110010111111001100100110111100100000010001011001110101010110101000111	986371.4000000001	496.29999999999995
31	1101111000000000101000111100000011101000101010010111011011100100101000010111110110110010111111110100010111010000110110011001100000110110101100001101101011100001111111111010011001110000101000010101000101100011110101101101110100000010001	982768.8000000002	518.9
32	1100000000101110001111011011010100111001110111110000010111110001101011001100111111001010110101101111001000001111100111111011000100101011110110011001011001100100011101010000101000001011101000111101001111111001110010100111010101001110110	1094185.8000000003	554.5999999999998
33	1110000111111111001100010010000001001000000011100010001010101001011100111101001110110111001111011011000011010010101001001111000110100010001101011100100110101110000010111010000001001010000110000110111001000111001110001101000100111100000	930243.6000000002	482.1
34	1100100000001100101011110111001110010100110100000001110010001110001110101010111100000000101101000101101100001010101001011111000011000100111100100111010011001110111111011010001000011100110011101000000010110000111111000001000101100010101	930733.4000000003	477.50000000000006
35	0111011101010001111111010010000010001010101100011111000100001101000001100011110111111111111000101010101000111110100111100010001111111100000101110011101111000001011110000110010000110000001010010000110010101110001111000100110100010000110	906003.4000000001	507.00000000000017
36	1111101011001011011011000101101110101011111110100000101001100001111111011100100001010110111101010001001110001010011001101000001100110010000101000111111000000100011100100111011000100110101011110001010001000111010111000010000010011011001	969144.1999999997	512.1000000000001
37	1011111001001010011111100001001100000011101011101011111110000101010000101011101100000100111011001110011011101000001000110010101111111101010011111001101110111111100001011101110110110111111001100111010000000111001000100010001001110000101	1018100.1999999998	543.3
38	0100011111011100101111101100001010001011101000011101110101110010011101111101110101010111100100111011010101110010101101001011010011010010101000111101100110011110101110010110011010101111110100011101011110000101110011111010111100100000110	1120684.7999999998	587.4999999999997
39	0101010001110000100101111111101000011000100111011000100111111011111110000001100110000100100100110101100010011100100011101001010101100000000110110111101100001011011001101001011011011000101101001100110001000011100110001101110110100011100	1016186.0	503.5
40	1111111001011100001010111000010000011001111011011101010100100001010000011100000110001111010011101101001001000001001001101010101000111100011101100100100011100110110100110010111000010010110010000110010111011000011010010010110100110100100	940606.6	483.5999999999999
41	1110110010111011010001011010010111110110001000000001111000110111100101010100101110110101010011111111010100100011011100100101100001100101111101011111001110111100110010101110011100001001100001100011101010010000011000010010010011011110000	1033802.2000000002	536.6
42	0010110111001110101001101101000100110011000010111111000011011100000010110101000011111100000001110101110001001101110010010001100100000101001101011001011011000001011001100110010001101001110000111101000100010101011100001010100100110001000	906113.0	474.6000000000001
43	0001111011001010110100100010101110101010100000000110011011000011001000010100110101010101010011011001001010011000000001011101000011101011101110010010011111100101011101110100010100100000111010111000101001011111100011100011101100100001101	978527.8000000002	484.8000000000001
44	1000111110011110001011001111101000111110000111000010101111000011011011100010110111101101010011111100100111111011010111101011011000111001011111010101100011100111100010110010011100001011111110111100001110000101100110010011100010001101011	1099568.8	582.3000000000001
45	1011111100101001011010011101001100111011101000111011101101000111000111110101011111010110110111000111101000101010100001101100000010100000001010111111000100010101010111011011101100100011010100000010101111111101000111010110001000010011010	1012787.3999999999	538.6999999999999
46	1110011001011010001001011111111111101100101011001000110011000010000111001010111011011110000011101101001000110111001101010011000110101101001101011110101000111010001101111000000101011001101011101110100110011001010001000111110000010001110	978554.0000000005	531.6000000000001
47	1000100001111011001000110110110111011011111110110000100011001000011011000100111111001110011011101010111111011111101110100110100010011010000010010011101100111100110001000010010000100101111010010001000000011111110111001110010001000111100	1004944.8000000002	532.0000000000002
48	0110000001100100101101010101011100011111011001111000110100010100000111110001000001011001000010101101010001001001111001010100001000011010110000010010101010000101001010000101001010000100110010101101110110010011101100011010001100111011100	961145.3999999999	455.0999999999999
49	1101111111101101110010010111000100100001011101011110110111011111100010110111011100101001001011010011010100011110000110111011100100101101100111100000100001011100010100110110011100000110100101111000011000101111111100110001110101010101011	1091963.6	560.3000000000001
50	1110001001110000101101100011100001100100100101101101001000100010010011001100100000100101000000010000111000101111100000000000101010000100100011010001101001000110101010011101100111111100110100101001101101000011000100100111100101010001101	894716.4000000003	430.89999999999986
51	0010010111100111111110110100100101011011000001100111000111001011001001101100001001001111110110101000111001010100011010010110001100000001001100001000101101000010001010111100000110100110101000100111111010010110100011111111100000010000001	886222.4000000004	484.7000000000002
52	0100110100100000110111111011000101010010101110101110110100100010000010010100111100110110001000010100001011100101111011110001010001100000011000011000100111100011100010010011010001111001000010101001001001101111000101101010101001001000100	880593.6000000001	465.00000000000006
53	1000000001101101110010011001101110101011111010000101000100001001100110010001011101000111101100001000101110100010001101110000001110100000101001010100101001111011000010010010001110011011101101110011010000011110001001000010100001101001110	909243.0000000002	461.30000000000024
54	1101001101111010011010001111011011001011101101000111001010110000111101010001000011111000000011111001001000101001110001011001000101011110110000111011110001001111001011100010100001010100110101010100001001100001010010001011011101111110110	1064984.6	513.7999999999998
55	1011101111110110101010110100111101101010110100011111000100110000100000110101110010110011101010011011000011001000010101111101000110100101010110000011001110111010101111010101101100000110000001001100100001000111001110101110110011111101010	1092857.4000000001	535.2
56	0101100011111000101111011111110110110100110110111100101011010001000101011001010000101100111111110010001111011101100010110011100111101100111001100010001000001111110111010111100000101100010011100000100100010110111000110000011101100010110	1015635.3999999999	539.9000000000001
57	1011010100010001110100100001001100111000000000111111110000001010010010110010000000010110101000001000111101011110111010101110100101000100101100011110001110100000110001101110011010110100010110011001010011000001111111111101011010001110011	1024886.6	485.3
58	0010001111000000100110110110110101010001111011111111100111000000101000010000100110101010110100010100000110110001011100110010111111010110101101100101000101100000100011110100000100000000010100111010101111011010011101110100000101010001010	917019.4000000004	480.6
59	1100111001110101001011100101111000011000001110101010000011100011000010111000000001101101011101100011010111101101010101100110000001100100011001101101110111110001101000101010110001100100100011100111001100111111100110010000000011001101110	998645.4	504.3000000000002
60	1011110010001010000010111100000001111110011000111001001111010110010111111100011111101010000111010100000101111111001011100010000111101001011000111000001111111100100011000100011001011111011001011110001011110100000101010011100001110001111	1027986.0000000002	530.7
61	0000000101001110010000000100010110101011101001110010010011110101111100110101100001010010100101100010010010100011001101001101000000111110101010010010101011001011110101110110011111101000100110001101100111100000111011011101101100110100011	1057785.8000000005	499.9
62	1100110011101010000100110001111111000100000100110001110000011011111100100001001111000000111010001011111001110011101101011100010111010000100000110101101101100110010100000111000010110101001110001101000001111100110100101100110010001001010	933038.4000000003	490.20000000000016
63	0111001110100000000110101111000000000110010010001001110101001011100011001100011100110101101100111001111010011001111010010000010011000011001000101001000110101011100001010100100110001011100111000111110010010001000011111010010111001110001	998593.0	477.79999999999995
64	1000011000101101011010001111000010101000010011111111101100000101110000010011100001111100110011001010010100100100111100000110001000000110111101111111100011010101010111001001011001110011001111110101011010001111000001000101001010011100100	1003881.4000000003	503.6000000000001
65	1111011101110001000111011110110000010110100000010011011111010100101001011011000111000010001100000010001010110111111010010111011000011000110000101101001100011011110111011010100101110011111110001111100001000101111010000100000011000001010	948863.4000000001	508.7000000000001
66	0110101010001110110111001100000101000010000111011101011010101001111111000100111100111111101101110110010110001100011011011000011001011001011001101001010100100111101110001110101011010011011011011100001010001111001000001100100001100111001	1043959.2000000001	536.2
67	1111101101111110000000010011000101101111010001110100101000110101111110011000110101100010000010101001110001010110000101101110010001010011101011001011000110110010011111001001110111000111101110111011000111001001110011010000101010011100001	1054912.4000000001	532.6
68	1110100001000000111111110001011011110011110110011000010011011000001011000100001010010100010100101001000000010110011110100101000110100111011000110011110100101100000101011110000010111000100110111001001101000101001000101000110010110110101	946972.2000000003	472.09999999999997
69	1110011111001100100110100010000101011101010010011111101111110000001010110110001010101101001000111000110111001000010010111100010100001101111111111111010001000010100001110011101101010000000001100101100011100010101101011010101011010111101	1066585.8000000003	524.0000000000001
70	1001011010000101000001111000000010001000100000011001010110111110101011100111100111111101101111100101000110000100111000100111101000000101110001100000011010100111110100101000000110001111101010011110110011101010101011111011111110001010000	1068314.6	509.80000000000024
71	1010000000110111000100100110010010111010101011110101101000101110000010101000001001101111101001001100000010010110101100101101100111110101011100011001010111010011100001011111110111111010110111001100110010100101000110000001100000101101100	1011906.0	512.0000000000001
72	1110100101000010011100001111110100110110110111101010011010001110110100001001001110101001001010011110001111100110001000100011001101110111001001001101011111000010000011011100000100011010011001011001000000111010100111001111000010101100101	946673.0000000003	498.7000000000001
73	1100101111101010111101001100000110010110011100100001010011000111010000100001110100111100011101001110110001001000010010011001000010110100010011000001110000110101001001111111111101000101001000011010100011010011101011001001100101001011110	993150.8000000004	487.90000000000015
74	1010101100100101101011000111000010110010000000111010111011101111010111111000001101101100010101011110101000111011010010000011101100000001110110010000001000011010101101100100100011010110111100011101111110110101100100110101100011010001001	1015940.4	514.8000000000001
75	0001111100001011111000100111010100111001011101010111001101111000010101011001101000011010100100110010111010100011110000110100101101000101001011000011111111011001011011000000000010100100111001001001101111010010011101010100110010111101010	1052095.0000000002	518.9000000000001
76	1000000100011000110011110101010100001100111010010111111110110000001101101000011110101010110111010111110000101011010110010001011011100101000100011101101001000001101100100011010100010000011011101000110010111111000111001100101110010000110	968747.8	500.2000000000003
77	1110100010001100100111001000001110111000111010011011011010011101100010110100101101101101001001100111101110100001100101101101110110001110001001011000110000111000000000110011010100111010111100010110111100001011101101010110010010110010000	1001817.0	520.1000000000001
78	1000011000110001101111010000100111001000011011010011001000111111111011101110010011011011010111001010101100010101011010110011011110101010110100010011111010111000001101000111110001101110110001101000100110010010101000001000001101100000110	946745.4000000001	516.4
79	0001001111011101110000111000110111111001101000001110100100000010010011011100011101111111011001100110000011011011010110010000101101110110000001110000010000001010000010110010000001111110110110001010010101010000110000101010001111111100100	996577.8	489.00000000000006
80	0011111111001101101111010011101100010011110111110010011011110111111111110011101100101101101010100011000111001010110001011111000110111001101110001001001110100000000010110110111010101010111110111111100100101100101011010110101110011111011	1243044.6000000003	610.2999999999998
81	0101001100111010011110010001000000001111100111011101000001001100000001010001000111000011000010100010010100110100110101101001001101100001010100011010101010000111010101011010000011111101100000101110000101101110111101110101100010100110001	965947.4000000004	465.5
82	0001110100110011101111000001111110010010101011010010110100111010000000000000010100110111110111111001100100111110011111110001111110010101010101101010011110101001001011011001110100100111101000001010101001101111001100101111010110100011101	1089099.6	545.3
83	0110000111010011000100010111011111101000101110001000110111101000101101001110101110100011000101101011100001011011110001100111100101111001011111100111101100011111101011001011110001110100111110101111001011000100011000100101111001101000001	1083076.4000000004	559.7999999999998
84	1001101110010010101010011110011110100010100110100101011010010011101100011000101100010101110100010101101010001110101010100011010001100110101001110001010100100001000010110100000000111001110010000110110101101111101001101100001011110111111	1060239.6	498.3000000000002
85	0110111011010100111100101110011010011101011111000010000111000010000001000011010010001000011101111011010001110011001110000000110101100001001110011111011001101101110001000011000010111101001111011110100010001100111101110000100101111111111	1134020.8	523.9000000000002
86	1111000010110000000111101000000000111001101100010111101101000001100000001111101000110011001100011110100011011100111110100111010001101011101110001010110100100001100111010011000000001111100110001000101111101001110101001110001110001111100	1054623.4	504.80000000000007
87	0110000001100011010000111110101000010101110010010001010001011001011001010010110001011110000100101111000000001000001100011100001001101001101101101010111010010101000010010111011101111100111001001011110010011000111100010010110011110111010	1075278.0000000002	484.9000000000001
88	1000110001100000100100110010001000000001011000101010001100101100100111111000001010100011001111011101101101110000101100110001111101101111101000011011000001010110101101001111001110100000111001101111111101111010100000110101010110111000001	1061010.6000000003	509.7000000000001
89	1011110010000100001010011110100001000111100010110111101100110010111000110010110100110000110010000100011001001100110101001101110100100110010101110001100000110100010000010010111010010100001100101111011001010100001010000100101110000011101	897800.2000000002	459.6000000000002
90	1110101011001001100011001111101101110001001010110011000111100000101001101001110011100110101100101010100001000011100011101101111000000011001000100000101000010001000110000010000111000110001001100000001110001011011110001110001111001101100	936390.7999999999	466.10000000000014
91	1010000001001000111100111111010001110101000111101001000001110111101100001010001000001011000100000101111110101100010001000000011100111110010001000001011110001110000010110111010110110000001010011110100001110010010101011100101000011100110	921952.2000000003	462.6000000000001
92	1011111011010100010001111110100111101001101010100110000111110001000111111010010111010001011111010010010001011110111000101000101001001101001001001011011011010000010011000101100100010001100100110011101000111001110000111011101010000110110	974878.6000000001	515.2000000000002
93	1010010100111100001100101101100101010011000110001101010100010001110110010101000011010111100111010010001000001001111001010001100010100101011011101000001000100100010001100110111111110001101010000000001101110001010011101101111011101100001	1004496.8000000002	478.8
94	1011111100000110101010011111010011111100010111010100111010000010010111110101100111001011100010000111100110110010001100010100011011110111000010001000101010000100011000101110111100100111100010011001000101101011010100110110111100100110101	1029281.8	519.3999999999999
95	0111000001110011001000000010111111010100101110100010110100000011110010001111010001011111111110001111100010101101101010101001100010011111110010011000111100011110001101010010111001100011011101000000001010101000111010011100001100001101000	984456.0	514.3000000000001
96	1101110000000010011110111100100100010001010000010010111001001011010111101101000000110000111110000110000100010100011111100001110011001101010001111110111101101011000000011100111010011111100010001010000111001010111011011101010011011001101	1038315.4000000001	502.29999999999984
97	0010000010001000011000111011001001110101010110110000000000101000010010011000011101000100110011000011010011101011010000111111111111010000101010110011101001101101101111101110000011010000000101011010110010000100111011010000001001010100011	906593.4	459.2
98	1101000111101100011100000010110001011101001000011111100000101110010011000111101100111000101000001000110101010101111001010111101101001001100011011111010100001100001010011110110100001010010010010111111100011100110010110010011100111001011	1043301.9999999999	511.10000000000014
99	1111010000100100111101011011000100010110111111010101110101010100110011000011100110000000011101110100111111100000101101010000000010101011000011100001000011010011111000101001001100010100010110011111011011001111000000101010101100001100000	937565.2000000001	492.7000000000002
