SOLUCIONES FIN 

0	110010000010000000000000000000000000000000000000000000000000000000000000000000000000000000000000000000000000000000000000000000000000000000000000000000000000000000000000000000000000000000000000000000000000000000000000000000000000000000	32532.8	16.9
1	011110100000001000000000000100100000000000000001000000000000000000000000000000000000000000010000000000000000000000000000001100000000000000000000000000000000000000000001010000000000001000000000000000000000000000000000000000000000000000	191308.4	66.6
2	011100010000000000000000000000000000000000000000001000100000000000000000000000000000000000000000000000000000000000000000010000000000000000000000000000000000000000000000000000000000000000000000000000000000100000000000000000000000000000	92744.6	34.6
3	100101100000000000000000100000001000000000000010010000000000000000000000000000000000000100000010000000000000000000010000100000000100000000000000000010000000000000000001010000000000000001000000000000000000000000000000000000000000000000	234334.6	77.79999999999998
4	110110001010000000000000000000000000000000000000000000000000001000010000000000000000000000000000000000000000000010000000000000000000000100000000000000000000010000000000000000010001000000000000100000000000000000000100000000000000000000	203066.4	65.1
5	011111000000000000000000000000000000000000000000000000000000000000000000000000000000000000000000000000000000000000000000000000000000000000000000000000000000000000000000000000000000000000000000000000000000000000000000000000000000000000	40197.6	21.5
6	100110111001111011000101011011011110001001011001100000100010001101100010111101110000110011101010100000000100100101001101101101100101001101111000111100010111111111011011101111011010011001011101011111010000011110011111101100101111011010	2133153.8	561.2999999999998
7	011010110101110110110001000101100011100010111000000011101000011001100100101111011010010010001000100010010101100110001001000000110010010110001111101011001010110010010111001100100100110001011011110110101010111100011011111011011001000110	1811310.2000000004	487.70000000000005
8	110010010000000000000000000000000000000000000000000000000000000000000000000000000000000000000000000000000000000000000000000000000000000000000000000000000000000000000000000000000000000000000000000000000000000000000000000000000000000000	32383.6	16.9
9	001101010000000000000000000000000000000000000000000000000000000000000000000000000000000000000000000000000000000000000000000000000000000000000000000000000000000000000000000000000000000000000000000000000000000000000000000000000000000000	36252.799999999996	17.799999999999997
10	011001100000000000000000000000000000000000000000000000000000000000000000000000000000000000000000000000000000000000000000000000000000000000000000000000000000000000000000000000000000010000000000000000000000000000000000000000000000000000	55436.4	22.3
11	111000101010010000011101101110111010110001111001000101010001110111101011000011100011011011001010010000111001100110010110101101110000111000111011000111001110001110000111001100110110001010010010101011000011011011000010110010010011001011	1844601.8	509.2000000000002
12	011111000000000000000000000000000010000000100000010001001000000001000000000000000000000000000000000000000000000000000000000000000000000100000000000000000000000000000000000000000000000000000000000000000000100000000000000000000000000000	151352.6	57.3
13	010011001000000000000000000000000000011000000000000000001000000000000000000000000000000000000000000000000000000000000000000000000000000000000000000000010000000000000000000000000000000000000000000000000000000000000000000000000000000000	88628.20000000001	35.599999999999994
14	010111110111000101100100110101011100011111111101011000010001101001101000001101100011110001110000101010001110111000111101010011010100111001111000101101111101100100101101010010001111001111011110100100010110011101111011101111111101001101	2146926.6000000006	571.4999999999997
15	000100011100000000000000000000000000000000000000000000000000000000000000000000000000000000000000000000000000000000000000000000000000000000000000000000000000000000000000000000000000000000000000000000000000000000000000000000000000000000	40917.4	17.8
16	011001000100000000000000000000000000000000000000000000000000000000000000000000000000000000000000000000010000000000000100000000000000000001010000000000000010000001000000000000000000000000100000000000000000000000000000000000000000000000	147669.8	48.800000000000004
17	001100000110000000000000000000000000000000000000000000000000000000000000000000000000000000000000000000000000000000000000000000000000000000000000000000000000000000000000000000000000000000000000000000000000000000000000000000000000000000	37861.2	17.6
18	100111111001100011001111111100101001111111100111000111011001010101001111011001110010010111001101110101111011111101101000111001111001000111111111000111111010111110001011111001100111110101100101011110101011010011111011110011111000001100	2307359.6	642.6
19	010010011000000000000000000000000000000000000000000000000000000000000000000000000000000000000000000000000000000000000000000000000000000000000000000000000000000000000000000000000000000000000000000000000000000000000000000000000000000000	36815.8	17.299999999999997
20	010101110110000100100101111101011100011111100111000110110111000001001001101110001010010100110100000010111011111000101000110101100100000001000101100101010110111100010110100011110000101011101110010010100001000110000010100001111011101101	1820655.0000000002	489.00000000000017
21	010100011101011100000011001000011111010010001011010110010000110100011100010001100010010011011000100011010011110101010110011110011100000111100100011001001011000111010111101000110000111111010000111111101110011110010111011000010000101111	1865612.0000000007	496.8
22	110100011010010100001000100010010100100001011000110100010101010110100110000100100011100111000111110101011100001110110110100011101000110000010101001010001100000111111100111111110100001010001011110000011010010010001110000011101100101101	1754710.2000000004	466.9000000000002
23	010110100000000000000000000000000000000000000000000000000000000000000000000000000000000000000000000000000000000000000000000000000000000000000000000000000000000000000000000000000000000000000000000000000000000000000000000000000000000000	33885.0	17.2
24	111110110110010101001000001000101000111110011110011101000000000010011001001010011010010001000110111100011111001000000101011100010000110100000011100000110011111010100010001001111001010110010110010100110111111111000110010000001100000100	1627899.0	455.90000000000003
25	011001010010011101111000111110100100101100000011011111001010010100100001101010110101000100100110110001100111100011101110100000000100110100111110001000100001100011000001110010110100001011100100100101100100011010100101011011011011011001	1810947.0000000007	482.9000000000001
26	000100100110000000000000000000000000000000000000000000000000000000000000000000000000000000000000000000000000000000000000000000000000000000000000000000000000000000000000000000000000000000000000000000000000000000000000000000000000000000	40822.0	17.9
27	101001010000000000000000000000000100000000000000000000000000000000000000000000000000000000000000000000000000000000000000000000000000000000000000000000000000000000000000000100000000000000000000000000100000000100000000000000000000000010	118495.00000000001	34.3
28	010101110110000100101101111101011100011110000100010010101100000110001111111011010010101100100000111010000011001001101101100010111000011011001111110010001100001001100110000100000001001100111100101100111001000001111100011010011100010101	1758368.4000000004	483.7999999999999
29	010011101001101011011101011111011110010010111010011101011110111001001101000110101000001001001110010010111010001101000010111111011011011100000100111111111011010001111010111111111100000000111100100000110100100110110101100111100110110010	2051975.0000000005	564.2999999999998
30	000001100110101111000011101111001100001010011101100101110000111111000001111010001101001011100100000010111011110110001000000011110011010010000101011010000100111101110110100011110011100011000010111010011000111100111100110000001111001101	1878721.2	502.00000000000017
31	101111110110000011110110101011000111010000111101101110000110111110010100100100100001001100111001000011100101101100001000001011110010011110111111000001010000111000011111001000000011110000111000101111010001001010111110101100011001001111	1859501.2000000004	508.3000000000002
32	010001101000000000000000000000000000000000000000000000000000000000000001000000000000000000000000000000000000000000000000000000000000000000000000000000000000000000000000000000000000000000000000000000000000000000000000000000000000000000	52166.399999999994	22.8
33	100110111101110111011111111000011011111001110000110100010010111100000001000110111111100101010110100110101100101001000010110011100101111100100111110110111101001110111111110010011000011001101110001010111000010011110010111111110110000110	2097463.0000000005	579.0
34	111110110001010001100011110011101010110111111111001000000000000101001001100001101010000001001101100101010100111001001100000100001011101000010000101100100101101100101001110111111011010001000100101001111111000100010100000011110011100101	1741339.2000000007	470.9000000000001
35	000100110011101110101100101101110000101111010110010111101011010001101100100010001010110010110001011001111100111101101111110101111001100011011110111000101010010111110101000011111110001011010001001011001101010011011001011000111011001011	2077666.8000000005	564.0999999999999
36	100110010000000000000000000000000000000000000000000000000000000000000000000000000000000000000000000000000000000000000000000000000000000000000000000000000000000000000000000000000000000000000000000000000000000000000000000000000000000000	33869.2	17.1
37	110000100000100000001000000000001000010000000000000000000000000000000000000010000000001000000000000000000000000000100010000100000000000010000100000000010000000000000000000010000000000000100001000010000000000000000000100000100000000000	305967.4	91.19999999999997
38	010101100000000000100000000000000000000000000000000000000000000000000000000000010000001000000000000000000000000000000000000000000000000000000000000000000000000000000000000000000000000000000000010000000000000000000000000000000000000000	95319.8	36.0
39	000101100000000000000001000000000000001000000000000000000000000000000000000000000000000000000000000000000000000000000000000000000000000000000000000000000000000000100000000000000000000000000001000000000000000000000000000000000000000000	90674.59999999999	31.299999999999997
40	100101011100011001101000111111001100111111011001100001100100000011100110101110010011111011000011001001001001100000011000000000101100010001011100001001001011001101010111101000100100011010001100111011111011010000000110110110011000000001	1674371.0000000007	470.1000000000002
41	011011001011110011011110011000100110010101011010000100111001000010110110111101011011110110001111100010011100110100011110111100111111101011110110010000111101100110110001000101110011101100111001100001101111010111110001010101100111111111	2214058.0000000005	585.4999999999997
42	010100001000110010111011100010000000100100110001001011101000100111101011111001000001010010011010000011001000100110101101100000000011010100011000000110100100011011100000110100011010101110110101000011001000011110011001010010000100000111	1508614.4000000001	415.40000000000015
43	101010010000000000000000000000000000000000000000000000000000000000000000000000000000000000000000000000000000000000000000000000000000000000000000000000000000000000000000000000000000000000000000000000000000000000000000000000000000000000	33720.2	17.200000000000003
44	011111111110010110101011010010001010101110001111101100010111101001111110000101101111101010111111000011000011000001010100100111111011111111011101111001111010001111111100110011001110010111111000010011010111010000100010111101000110011011	2164743.0	597.4999999999999
45	111001010000000000000000000000010000000000000000000000000000000000000000000000000000000000000010001001000000000000000000000100000000000000001010000000000000000000000000000000000001010000000010001001000000000000000100000100000100000000	330472.80000000005	89.6
46	100101010111110001101000101101100101000110011000000001100011000100100110011100100101001010000100100010101111111111011011001111011101001011110000000111111010101111010000000000110101011101110101000001011100101101000000011000101000110000	1709430.6000000003	482.2000000000001
47	100011101010111100110010110011100101000010000010000100000001011010111110010100011000000010001101100101000110110001001010111010001111010000011110000111100010110110110011011111110101100011110001000101101001110100100101100101111010100001	1818010.2000000004	486.0000000000003
48	011101100000000000000000000000000000000000000000000000000000000000000000000000000000000000000000000000000000000000000000000000000000000000000000000000000000000000000000000000000000000000000000000000000000000000000000000000000000000000	43040.2	22.099999999999998
49	001011111111110011001001101110011000010001100111000110110111011111111101110111011101110110010110010100101101000110001000111110010100101001101001100100111100001011001011101111110110110101101110111100101011110000111000101010011001110010	2134180.2	585.0
50	110001100000000000000000000001000000010000000000000000000000000000000000000000000000000000000000000000000000000000000000000000000000000000000000000000000000001000000000100000000000000000000000000000000000000000000000000000000000000000	91749.4	34.8
51	101011100000000000000000000000010000000000000000000000000010000000000100000000000000000000000000000000000000000000000101100010010000000010000000000000000000000000000000000000000000000000000000000000000000000000000100000000011000000000	261210.0	75.89999999999999
52	010001110000000000000000000000000000000000000000000000000000000000000000000000000010000000000000000000000000000000000000000000000000000001000000000000011000000000000000000000000000000000000000000000000000000000000000000000000100000000	134168.8	39.9
53	110100000001000000000000000000000000000000000000000000000000000000000000000000000000000000000000000000000000000000000000000000000000000000000000000000000000000000000000000000000000000000000000000000000000000000000000000000000000000000	32322.4	17.0
54	100100010100010001111110001010111001101111011001011110000001111011110110000010010010010011110010000111111101001011011011001110000010110010000010111100001000101111000011111110000000000101000100001101111100110001000100000001000001100110	1631588.0000000007	465.60000000000014
55	000111000000000000000000000000001010000000000000000001010100000001110000000000000010000000000000000010000100000000110000000000000000000000000000000000000000001000001000000000000010110010000000000000000001100000000000000000000000000000	353357.0	106.1
56	100001010110101110101111101100001100010110101100100101100000101101000111100100001101110100011001011011101110011000101000110101101111101011010011011001100001010011100110011011000001000000011001010010010011111101010100110101100000101001	1775590.8000000003	498.20000000000016
57	101001000100000000000000000000000000000000000000000000000000000000000000000000000000000000000000000000000000000000000000000000000000000000000000000000000000000000000000000000000000000000000000000000000000000000000000000000000000000000	34776.0	17.6
58	111110000000000000000000000000000000000000000000000000000000000000000000000000000000000000000000000000000000000000000000000000000000000000000000000000000000000000000000000000000000000000000000000000000000000000000000000000000000000000	37695.8	21.1
59	011011011000111100000100011010001100010111111011100111011111001101101010010011111111100011001000000010111010001101000010111111011011011000000100111111101011000001110010100010011010010000111001110110101001000001111000001101001111111100	1981573.6	532.5999999999998
60	001110000001011111000100010111000110010100001010011110001111000111101110101001110000100010101001000010111010001101000110111111011011011000000100111111111001101011000001010010011110001011110100011111110111111011111001010001000000100101	1880001.6000000003	518.1
61	011010010000000100000000000000000000000000000000000000000000000000000000000000000000000000000000000000000000000000000000000100000000000000000010010000000000000000000000000000000000000000011000010000000000000000000000000000000000000000	147990.8	47.699999999999996
62	001001110000000000000000001000000000000000000000000000000010000001000000001000000000000000000000000000000010000000000000100000001000000000000100000000010000000000000000000000000000000000000000000000000100000000000000000000000000000000	183556.80000000002	62.89999999999999
63	111000011110001100101111001110011001000001111110110111110110010111011101011010001111101000000000010111110101111010011011100000111111001010010011011001100001010011100110001001100011110011110110000011001100100000011010011110000100110101	1894731.4000000008	530.7
64	001001110000000000000000000000000001000000001100000000001000000000000000000000000000000000001100000100000000000100000000000000000000100000000000000000000000000000000000000000000000000001000000010000100000000000000000000000000000000000	222030.6	72.5
65	111001100000000000000000000000000000000000000000000000000000000000000000000000000000000000000010000000001000000000000000000000000000000000000000000000000000000000100000000000000000000000000000000000010000000000000000000001000000000000	136470.80000000002	44.3
66	000001111100000001001000000000001000000000000001000000000000000001000000000000000000001000010000000000000000000000000000001100000000000000000000000000000000000000000000010000000000001000000000000000000010000010000000101000000000110010	393647.39999999997	97.7
67	101000100000000010000001000000000010100000000000000010000000000000000101000000001000000000001000000001010000000010100000000000000010000000000000000000000000000000000000000001000000100000000011000000000010000100000000000000000000100000	373474.39999999997	107.69999999999999
68	001101011110101100011100101011100000110001001001001100100001111011110000101010100111100001001101000110010111100111010010100000101100101000000001111000001011111010000100101000111000000100010010110110111010110110110011001001101000000100	1608844.5999999996	455.79999999999995
69	110111000000000000000000000000000000000000000000000000000000000000000000000000000000000000000000000000000000000000000100000000000000000000000000000000000000000001000010000000000000000000000000000000000000000000000000000000000000000000	89605.0	34.400000000000006
70	111000111010011010001100110101011111010110010011110001111001110011001100111100100001011100111110010101001111101110111001100011011111001101111010000111001100011111001010101001000110100111100111110101100001011110011001000001010001100100	1973156.0000000007	559.8000000000001
71	111110000000001000000000000000000000000000000000000000000000000000000000000000000000000000000000000000000000100000000000000000000000000000000000000000000010000000000001000000000000000000010000000000000000000000000000000000000000000000	118039.4	43.1
72	100110001000000000000000000000000000000000000000000000000000000000000000000000000000000000000000000000000000000000000000000000000000000000000000000000000000000000000000000000000000000000000000000000000000000000000000000000000000000000	34239.399999999994	17.2
73	100100101101111000101010101110110000011001110001000100010101110010110101101011101001111000110001100100010001001111011111011001000011111010001010111100010011111100100100101011100111000101110000011110100100001111100100001110000111000101	1837309.4000000001	508.30000000000007
74	110111000011111110010110110010100110101111001010111110111100101110001100100011000010101111101111110110000101000001101110110011111001110000011000100111011110000011101011100100001101001110010111100100000001110100110111111001011011011010	2058531.4000000006	560.8
75	001110010000000000000100000000010000000000000000000000000000100001000000000000100000000000000010000000000100000001000000000000010000000010000000000000000000000000000000000000000000010000000100000000000000000001000000000000000000000000	232854.40000000002	75.9
76	010010101011010111010100010110011001101001010111100001101000010000001001010001100111101010101001010000111101010001111110000010101010011011110000000111111010101111000000010100011010011010000001011101011110000011011011011011101010001011	1799759.2000000002	487.3
77	001101100101111110101110011100000000011010001010011011101111001010111110001101011111000010000100100010101111111111011011001111011101000001101110011000001010110100100110011001000111110000000101011110101011011011111010100010110001100001	1921703.0000000005	536.1
78	000111100100000000000000001000000000000000000000000000000000000000000000000001000000001000000000000000000000000000000000000000000000000000000000000000100001000000000000000000000010000000000000000000000100000000000000000000000000000000	157910.40000000002	53.1
79	010011010011001000010111101111010110000011010001010001000111110001111010001011100010001011110011011011101000001011110010011111101101010101000110110001001011001011001010010101010111110110010011010011111010101011001100011101011011010011	1996460.4000000004	531.4999999999999
80	000001011000000010100010101011000010001101111011011000110000111111111100010101000100000100011100100000001001000010001111011001111110000011100110100010111100111010001011100100111000001010100001001011111000011010001100111101100100101000	1680497.1999999997	455.40000000000026
81	100101010111000000001000000100011011101111010001100101111010011111111111011010001101001000010001110011011101101010101011101111000110110010010111100000001101111101000100010011010001101011111000101001010011100001111011101101100010101011	1939514.4000000001	526.0999999999999
82	011011100001000000000000000000000000000000000000000000000000000000010000000000000000000000000000000000000000000000000000000000000000000000000000000001000000000000000000000000000000000000000000000000001000000000000000000000000000000010	115233.60000000002	39.2
83	000000100111100000011100101010000111000100011100111110111100010000100001101011100110000111011011000100100100110010010100110101010100110101011011110000100101110010001000001010001111100011110000111010110011010100010101011101010000111000	1759037.4000000004	473.3999999999999
84	100011100000000000000000000000000000000000000000000000000000000000000000000000000000000000000000000000000000000000000000000000000000000000000000000000000000000000000000000000000000000000000000000000000000000000000000000000000000000000	35120.8	17.6
85	110001100000100000000000000000000000000000000000000000000000000000000000000000000000000000000000000000000000000000000000000000000000000000000000000000000000000000000000000000000000000000000000000000000000000000000000000000000000000000	45391.4	22.3
86	101110101111111111010110111101100000110000001111010000111111010110110100110111010111111100100011111110110010010111101011100000101010101111010111110000001110111100010011101011001111110110110011000111100000101100010100000111001101111101	2165926.0	592.2999999999995
87	100100101100000010100010010001100101011000101110011100111011001000000001111001101111000101011000110100101011010000101010001000011011011000110001111100011100000110001001000011010000101100000011010111101100011011000000001001001101000001	1554911.0000000002	433.7000000000001
88	110100100000000000000000000000010000000100000000000000010000000000000000000000000000000000000000000000000000000000000000000000000000000000000000000000000000000000000000000000000000000000000000000000000000000000000000000000000000000000	68879.0	30.5
89	100110100011110110000110000000101110101011101001011011001000011100100011010000110101110001111001000111100010100010100000101010011111000011010111001100010010100001000010010100001011101101001111010000000000000011100100001110011111010010	1671522.2000000004	452.99999999999994
90	001101011000011010001101001000010100011010101101000101111001000110010100101010000000010011111111100100110110100001010111010000101100000011100100011110000000000000111000111000010100111111000000110110101110011110000000100011100000011100	1579945.8	437.5
91	100111000000000000000000000000000000000000000000000000000000000000000000000000000000000000000000000000000000000000000000000000000000000000000000000000000000000000000000000000000000000000000000000000000000000000000000000000000000000000	32309.0	17.2
92	010011011101101011000100011110111001001001111000001101100100011100110011110000100110100001000100011111101001110010000010001111110110110100101011100010100010110101111101100011111000011010011001001101100101001000100100000101100100011111	1806527.6000000003	494.30000000000007
93	110011111000111101101010100101011000111001000010011101010011101111001101110111000111101111110011000100111010011101101010100111011011110100000001010111000100011101010001001011011111110000011001011010010011101011100001010111111000110101	2033854.8000000005	557.7999999999997
94	101111011000000110100010011011100001010010110110001001001011010000110000100110010101110000110000000001101010000000010001010000011101000010000111110100011110010111000001110111010100100010010101000101000111110001100000111001110011010001	1618052.4000000001	433.00000000000006
95	000100101101000001000000000000000001000000000000000000000000000000000000000000000000000000010000000000000000000000000000000000000000000000000000000000000100000000000000010000000000000000000000000001000000000000000000000000000000000000	144774.4	49.0
96	110100000111010010100100111101011101101101101001100000111001011010110111010100111011110110110110001010001111101010001000110000001111011111111111011100001011110011001101011111100001011000001100111100010100000101011100110110100100100010	1918947.200000001	543.8000000000001
97	100111000000000000000000000000100000000000000000000000000000000000000000000000010000000010000000010000000000000000000100000000000000000000000000000000000000000000000000000000000000000000000000000000000000000000000000000000001000001000	177213.0	48.49999999999999
98	000110010000000000000000000000000000000000000000000000000000000000000100000000000000000000000000000000000000000000000000001000000000000000000000000000000000000001000000000000000000001000000000000000000000000000000000000000000000000000	94221.20000000001	31.200000000000003
99	010011111111010101101000110000011110111010000111111101000011000101100110011110000000101011000101001011110100111100010011101100101010101011000011110111001101110011011000000011101011100010100111000011101010000011010100110110110110100011	1906512.6000000003	523.6000000000001
SOLUCIONES FIN 

0	10000011100000000000000000000000000000000000001000000000000000000000000000000000000000000000000000000000000000000000000000000000000000000000000000000000000000000000000000000000000000000000000000000000000000000000000000000000000000000	52031.2	22.4
1	11111000000000000000000000000000000000000000000000000000000000000000000000000000000000000000000000000000000000000000000000000000000000000000000000000000000000000000000000000000000000000000000000000000000000000000000000000000000000000	37695.8	21.1
2	10011011110000110001010001101110111010110110011010011000100101000011101010111011101110001010100100101011010011011011010001001110111010000011111011001100010100111111010011110100001010100011000001110100111101111000101111101011101001101	2009742.000000001	538.2999999999998
3	01101110001000000000000000000000000001000000000000000000000000000001000000000000100000000000000000000000000000000000000000001000000000000000001000100000001000100000000000000000000000000010000000000000000100000000000000000000000100000	250335.0	74.5
4	00011011111111010110101111101010100101101100101110000101111100101011111001001011100111001010100100101111110001100111101110101011111010110000010100111101110011011101001000010110110111100011110110001101110111011011010101010110111001010	2186930.6000000006	598.7
5	10111100000111010010001011011101110011101010101010101011000000100111011011011110000000000110011111100110100110010110101111011101000001110111010111001101000100101100011011101100110111100110011111011010001101010101101101111000111010010	2037928.8000000005	552.0999999999998
6	11100101010100100000000100011101110100011001111101101100010110001010111000110000101000110110011100010100011001001001001010001000110100011011000111011100010001010110100110001110110011011101100011101000101010000001110010101111010001010	1752510.4000000004	474.2000000000003
7	00111101011001010101100110101110000111001111110001000101000011010110101111011000101001110110100111111110111110100100101010100011000010001111011010010100000000011011000010011101111110100001001110110010111101101011111000010010111111101	2066157.0000000002	545.7
8	11100000001000000000000000001000000000100000000000000000010000000100000000000000000000000000000000000010000000010000000000000000000000000000000000000000000000000000001000000000000000000000000000000000000000000000000000000000000000000	132023.40000000002	49.400000000000006
9	00011110000000000000000000001000000000000011000000000000000000000000000000000000000000000000000000000000000000000000000100000000000000000000000000000000000000000000100000000000000001000000000000000000000000000000000000100000000000000	150329.4	48.699999999999996
10	01101101110000000000000000000000000000000000000000000000000000000000000000000000000000000000000000000000000000000000000000000000000001000000000000000000000000000000000000000000000000000000000000000000000000000000000000000000000000000	79364.0	35.3
11	01011010000000000000000000000000000000000000000000000000000000000000000000000000000000000000000000000000000000000000000000000000000000000000000000000000000000000000000000000000000000000000000000000000000000000000000000000000000000000	33885.0	17.2
12	01100100000000000000000000000000000000001000000000000000000000000000000000000000000000000000000000000000000000000000000000000000000000000000000000000000000000000000000000000000000000000000000000000000000000000000000000000000000000000	34298.0	16.9
13	00101100101110001000010100110001001000000100011011101100110000000110101000000011111000111100101110000110001010010101101000000110000110111000011110101000101010101100010010100010100101011110000001111100000100100110101001110100000101011	1567377.3999999997	426.0000000000001
14	11111010000000000000000000000000000000000000000000000000000000000001000000000000000100000000000000000000010000000000000000000000000000000000000000000000000000100000000000000000000000000000000000000000000000000000000000000000000000000	108110.6	44.0
15	01011011000010001010001100111101000010010111001110000011011001101011100111011000001000001101101010100000110110000001000011110001110001001001011010000111101011101011101001011010101101111010100110110110001010000100010111101011010011001	1835784.0000000005	485.8000000000001
16	11011100000000000000000000000000000000000000000000000000000000000000000000000000000000000000000000000000000000000000001000000000000000000000000000000000000000000000000000000000000000000000000000000000000000000000000000000000000000000	52415.0	25.600000000000005
17	10000111100111010010001011011001110011101011101010101100011000011000100000100100111111111100111101111011001010000100001110100110010101100011110100100101100011000000111000010100001100101010001001100001011010101111001000110100100001110	1713626.0000000005	482.8000000000001
18	00101010011000011100110111100110100000010011110011111010101101111100001001011110010110100011001011001110000001011000101001110110100010111110000010010001001100000101110000000101111001000101100010011110100011101111111011001100110111111	1916277.2000000002	501.9
19	01110101010001100000010110000100110111000000001000101100010111110111101100010110101010100010010000010111101000101001101001110010011000100101111011110010000001001100001000001000011010100101101000000011001000101111010111101011101101010	1731902.2000000004	458.50000000000017
20	00100000111000000000000000000000000000000000000000000000000000000000000000000000000000000000000000000000000000000000000000000000000000000000000000000000000000000000000000000000000000000000000000000000000000000000000000000000000000000	40809.4	17.9
21	11001110101011110110100001001001001010001010100111110011011010111101100111000111101011110101101110111111101011011100010000111101011110111011111101010101111111000100011001001110010111000010100010111100010101110001010110101010011001011	2082865.2000000007	580.8000000000001
22	00011000000000000000000000000000000000000000000000100000000000000000000000000000000000000000000000000000000000000000000000000000000000000000000000000000000000000000000000000000000000000000000000000000000000000000000000000000000000000	29230.4	12.999999999999998
23	01111010100010001001100111011010100000101110011110010101001110000110110000101110100110111101000111000001101000101001001011101110010010100101101001010010100011111011000001100001101100110110010100111101110110101001101011011111001000001	1855048.8000000003	507.0
24	01110110100100000000000000000000000000000000000010000000000000100000000000000000000000000000000000000000100000000000000000000000000000000100000000000000000000000100000000000000000011000010000000000000000000100010000000000000000000000	238554.2	74.4
25	11010000111101100100000010011011101111101101111110010000100100010101010101000010011010000000100100010000110011011101011000100001110001010011101010011001001000111100101101010011000101011001000010010001100001111111100100001010001110111	1716615.4000000004	461.3
26	10000011010000000000000000000000000000000000000000000000000000000000000000000000000000000000000000000000000000000000000000000000000000000000000000000000000000000000000000000000000000000000000000000000000000000000000000000000000000000	39768.2	18.0
27	00101100001000000000000000000000000000000000000000000000000000000000000000000000000000000000000000000000000000000000000000000000000000000000000000000000000000000000000000000000000000000000000000000000000000000000000000000000000000000	36121.0	17.5
28	10111011000010001010100110111110110110101101111100100001111001111101100010010111001011111111000101010010010101010010111011001111010011011110110110111100010010000001010010011000000011000100110110100010010001000010111001001100110100100	1779442.6	512.8
29	10101101000000000000000011000000000000000000000011000000000000000000000000001100000000000000000000000010000000000000000000000000001000000000000000000000000000000010000000000011000000000000000100000000000000000000000000000000000000000	225809.99999999997	75.7
30	01101110000000000000000000000000000000000000000000000000000000000000000000000000000000000000000000000000000000000000000000000000000000000000000000000000000000000000000000000000000000000000000000000000000010000000000000000001010000000	138087.2	34.8
31	10111100011111000111010010101010001100001001101101101111110000011100010001110001000101010101000010010100011011010110000101001011110111011001110001101011010001001111111011101100110111100110011111011010001111010101101101111010111010010	2076416.0	551.0999999999999
32	00011000000110000010100011100010101001110110110000011110001010010101010101001100101101011110110001011010000011110011101100010100000001011110101011001110110011101010110110100100110110110111001110111001100101100111000100100111110001100	1897054.6	502.60000000000014
33	01001000011000000000000000000000000000000000000000000000000000000000000000000000000000000000000000000000000000000000000000000000000000000000000000000000000000000000000000000000000000000000000000000000000000000000000000000000000000000	36714.8	17.2
34	10111011111001100100111011110110110110000111101111111011011101000101100111101011101111001000101101010000111111110110110011111110100110101011000001010010100011001010110100101001110101011011110101011001010110010010100010110111111100101	2163713.8000000003	594.5
35	10110111101000001011100000100111010010110110100110100010101101111010111100111001111011101110011101011011001101010001100111011110000001111101001110101101100100010101010111110001100111111101001101111101100111010111110100110010110100010	2125256.2000000007	582.4999999999999
36	11111011111001001100000000110010011111010011110100100011110011010011011100110110011110110100110000010000000000111110110110000111110000101000010000001000010111010001111011110111101011111001101101111100011110111101000001101110011010111	2014065.8000000005	534.5
37	11101111001001010101101001100001001111000100100100010000001000101110010001000010101011000011000110101100010111110111010010101000001001101011011011101000101010000010001101110111110010110100011000101110111010010000000110100110010001011	1690811.6	464.30000000000007
38	11100100000010000000000000000000000000000000000000010000000000000000000000000000000000000000000000000000000000001000000000000000000000000000000000000000000000100000000000000000000010000000000000000000000000000000000000000000000000000	106520.6	39.5
39	11011101111101101111000100010101000110010101101011000001011101000101011010111110111110110110001110000111000101100111101111100101011110100110100001011000001111010100100000001101101101110100101001111011010011001111011101110011010010011	2029152.0000000005	558.4000000000001
40	11101101000100101010111010100100001100010101011000010111001010100100011010001100011101101100011100000010010110110001101110100001011100010111000100101101011010110011100100001000101000000000010111101010110001010101000001000000101111001	1637519.2000000004	451.5999999999999
41	01010000100001000000000000000000000000000000000000000000000000000000000000000000000000000000000000000000000000000000000000000000000000000000010000000000000000000000000000000000000000000000000000000000000000000000000000000000010000000	90185.2	26.4
42	00011101110101000111110110000100010100101011000110100111100110000110000110010011001001110001000100001111010000100101000100100011011000101011010101101110110010000001100111100011100001100110101100100110010000011101010100001010010000110	1595948.9999999995	446.69999999999993
43	10000111000000000000000000000000000000000000000000000000000000000000000000000000000000000000000000001000000000000000000000000000000000000000000000000000000000000000000000000000000000000000000000000000000000000000000000000000000000000	51703.600000000006	22.5
44	01100100001011000111100000011011100001000100000010101110111100111111010001000010101011000011000110111110011011001101000100000011111001010110101001000010101100010101100000110001010010011001110110001000111111100011101010011011111000000	1769080.6000000008	477.79999999999995
45	01001000011011101001010001001001001111100100000101001011010000110011010101100100100100000110000001111000010010000001001000010000110010111011110100111100000001100011100001000110000110001010101110100010000001001000111010001011101000110	1491973.8000000003	402.70000000000005
46	00000101000100110011001111111111011001101001010011100011010110101110010100111101011000111110010110101100100101101101100010100011111010101000111000011110001100101111110000010100011111010101011001110111100010011011010110100111011101110	2091981.8000000007	554.5999999999999
47	00110011000000000000000000000000000000000000000000000000000000000000000000000000000100000000000000100000000000001000000000000000000000000000000000000000000000000000000000000000000000000000000000000000000000000000000000000000000000000	80348.00000000001	31.799999999999997
48	10111000000000010000000000000000000000000000000000001000000001000000010000000000000000010000000000000000000000010000010000000000000000000000000001000000000000000000000000000000000000000000100100100000000000010000000000000001000000011	286292.0	74.80000000000001
49	10011011110000100001010001101110111010110110011010011000100101010011101010110010000100011011000111100100110010110110011000111101010000000101101000011101000001000011110011100011100000001111100010110111010101011100111111101001101001101	1869253.7999999998	498.79999999999995
50	10100000100000000000000000000000001000000000000000000000000000000000000000000000000000000000000000000000000000000000000000000000000000000000000000000000000000000000000000000000000000000000000000000000000000000000000000000000000000000	37447.399999999994	17.5
51	01110000011110001011010100111001010101111111111011101110110001011110010111110110001100011111110110101000000001101111100101000111000000001100100110110000110011110011000101111001111100010010111001000100011111110011000101110101111101110	2078515.5999999996	555.5999999999998
52	10100111100011110101001100000000111001100110000010001011011101000111010101111110111000000000001110101010001010011110101010000110010110011001111010101101000001010010011100110000010110001001101010100000101010001100100001100001001010000	1591896.2000000004	454.70000000000005
53	11110100000000000000000000000000000000000000000000000000000000000000000000000000000000000000000000000000000000000000000000000000000000000000000000000000000000000000000000000000000000000000000000000000000000000000000000000000000000000	38852.600000000006	21.6
54	11111000000000000000000000000000000000000000000000000000000000000000000000000000000000000000000000000000000000000000000000000000000000000000000000000000000000000000000000000000000000000000000000000000000000000000000000000000000000000	37695.8	21.1
55	10111110110001100111010110011101011011000011010110110100001010000101011000100100000111000100010001001111001100001000010101100110110100100111000111010100101001100100110011011010001110110001100100100001011110011010010100010111110010100	1770255.6000000006	482.20000000000016
56	11011101111000111101111101101001000101001101010011101110101011001101011001110101111111000111100010011111110011101000011111011011011110010111110011110010101111010100100000001101101101110100101001111011010011001111011101110011010010011	2178015.000000001	605.9999999999999
57	11101101100011001101001001001001010000010100100011111011000000101101111001001000011000101101100111010101011010001010101000100000011101010110110000110000000110101010000111011000000100011111000001011101011011001000110110101000100000110	1585399.3999999994	446.00000000000017
58	10111001000000000000000000000000000000000000000000000000000000000000000000000000000000000000000000000000000000000000000000000000000000000000000000000100000000100000000000000000000000000000000000000000000000000000000000000100000000000	95807.40000000001	33.5
59	00000011100000000000000000000000000000000000000000000000000000000000000000000000000000000000000000000000000000000000000000000000000000000000000000000000000000000000000000000000000000000000000000000000000000000000000000000000000000000	32667.4	13.7
60	11001101001001110011101100010101000110111100110101000100101011001011111111010110100011111111010101101110000100000101111001011011111111010100111100101011101110111100110101001001100000011000010101101110011010000110100100101110100010100	1945974.8000000005	549.8999999999999
61	01010110000000000000000000000000000000000000000000100000000000000000000000000000000000000000000000000000000000000000000100000010000000000000000000000000000000000000000000000000000000000000000000000000000000000000000000000000100000000	115208.40000000001	36.0
62	00101000000010000100011011001100101010011100010100101100001100101111111100000011111000111000010111011110001011111010000110111000101110001000111100101110010011110100000000000000110000000111001010101001110010011111001010000001110000011	1630485.4000000004	452.40000000000003
63	00111100000000000000000000000010000000000000000000000000010000000000000000000100000000010000000000000000000000000000000000000000010000000001000000000000000000001000001000000000000000100001000000000000000000000000000000000000000000000	192784.19999999998	62.4
64	00010001110001100010111110011100011001110111011000010010001101011110101001111000001100101010100110100101001101100110011100110110011110100111101001001100111010001011000110110110110010111110010111100100010100110101011010111111110000110	1998302.0	535.5999999999999
65	01111100000010010000000000000000000000000000000000000011000000000000000100000000000000010000000000000000000001000000000000000000000000000000000000000000000000001000101000000000000000000000000000000000010000000000000000000000000000000	208242.0	71.1
66	01000100001100000000000010000000000000000000000000000000000000000000000000000000000000000000000000000000000000000000000000000000000000000000000000000000000000000000000000000000000000000000000000000000000000000000000000000000001000000	88543.20000000001	26.700000000000003
67	00110110001000000000101001001001000111001101001010101000001101011110011000011100101011100111111001110011000010011010000100000010100100011010100101011001100101111001100100101100000000010100010011010010110010110001110110010001011011110	1669676.6	440.6000000000001
68	00101010010001001110111000001100001001111011110101001011011010011110000110110011011110010011011100011010101100000111110001011010001001100111110001111010011100010101110000000101111001000101100010011110100011101111111011101100110111111	2042762.2000000002	534.0999999999999
69	10001100100000000000000000000000000000000000000000000000000000000000000000000000000000000000000000000000000000000000000000000000000000000000000000000000000000000000000000000000000000000000000000000000000000000000000000000000000000000	35036.2	17.4
70	10010110000000000000000000000000000000000000000000000000000000000000000000000000000000000000000000000000000000000000000000000000000000000000000000000000000000000000000000000000000000000000000000000000000000000000000000000000000000000	35151.600000000006	17.8
71	11110111101101011100001111110100010110011100111100001011011010111101100111000001101011110101101110111111100101011111001111110100111101110101101101010110111001110101010101101100010111110101110001000110111001011011000100010010011110110	2191298.6000000006	611.1999999999999
72	10010110000001000000000000000001000000000000000000000000000000000100000010000000000000000100000001000000000000000001000000000000000000000000000000000000000010000000001000000000000000000000000000000000000000000000000000000000000000000	162208.0	58.29999999999999
73	10011010000000000000000000000000000000000000000000000000000000000000000000000000000000000000000000000000000000000000000000000000000000000000000000000000000000000000000000000000000000000000000000000000000000000000000000000000000000000	33994.8	17.3
74	10000100000100000010000000000000000000000000000000000000000000100000001000000000001000000000000000000000000000000000000000000000000000000000000000000000000000000001100000000000000000000000000000000000000000000000000000000000000000000	109562.4	38.599999999999994
75	00011001010000000000000000001001000000110000000000000000000000000000000000000000000010000000000010000100100000000000000000000000000000000000000000000000000100000000000000000001100100000000100000000000000000000000000000000000000000000	240274.20000000004	76.19999999999999
76	00100101100010101011000010101010010110000111000010000001010010111101010000110110100011100111001100101000100011000110100010011111101001010111010100010100110101000011100001001110011011101110001100011110011010101100110000010110000001000	1644642.0000000002	458.50000000000006
77	00000010100100000000000000000000000001000000000000000000000000000000100000000000000000000000010100000000010100000000000000000000000000000000000000000000000000000000001000000000000000000000000000100100001000000100100000000000000000000	240349.19999999995	67.2
78	10110010011111000001111110101110111000101010110110101110110111110111101100000110101110100011110000110110101101010001011011101010111010011011101011111000001111111000001110110100011101010011010000100000000111101011111111101001010011010	2073970.2000000004	575.1999999999999
79	10000110100000000000000000000000000000000000000000100000000000000000000000000000000000000000000000000010000000000000000000000000000000000000000000000000000000100000100000000000000000000000000000000000000000000000000000000000000000001	113181.20000000001	35.3
80	10010001100100000000000000000000010000000000000000000000000000000000000000000000000000000000000001000000000000000000000000000000000000010000000100000000000000000000000000000000000000000000000000000000000000000000000000000000000000000	101515.4	39.50000000000001
81	01111000001101110111001011010010001111000100111000010101011110101100101000001111011101010100000111011001000111011100001000100001100111010000101010011100010101111110100000110000100011111001010001101011011000000110100110110100101101010	1789614.4000000004	489.5000000000003
82	00010111000100011000000000000000000000000000000000000001000000000000001000000000000000000000000000000000001000000000000000000000000000000000000010000000000100000110000000000000000000000001000000000000100000000000000000000000000000000	216851.4	70.0
83	01111011100001100111101001111010011010110100100111101101100101011111000010011000101101010001001011011000100101011000000110110101001100101001110101011110000000110100101111001011000011010110010100011101100110001001101011011111000100000	1825210.0000000007	512.4000000000001
84	10011010000000000000000000000000000010000000000000000000000000000000000000000000000000000000000000000000000000000000000000000000000000000000000001000000000000000000000010000000000000000000000000000000000000000000000000000000000000000	81160.6	30.799999999999997
85	01100110001101110011000111010110100011000101111011000110001101100011000011100010110000000001110101111000010100000100010011100110101100111000111110101111101101010000000101001110011011001111001101000110111001111011000100011001011011000	1853255.6000000003	501.29999999999995
86	11111000000000000000000000000000000000000000000000000000000000000000000000000000000000000000000000000000000000000000000000000000000000000000000000000000001000000000000000000000000000000000000000000000000000000000000000000000000000000	53026.600000000006	25.3
87	01000001010100000000000000000000000000000000000000000000000010000000000000000000001000000000000000000000000000000000000000000000000000000000000000000000000000000000000000000000000000000000000000000000000000000000000000000000001000000	105260.20000000001	31.299999999999997
88	01010110000000000000000000000000000000000000000000000000000000000000000000011000000000000000000000000000000000010000000000000000000000000000000000000000000000000000000000000000000000000000000000000000000000000000000000000000000000000	76116.40000000001	31.4
89	11101010000000000000000000000000000000000001001010000000000000000000000000000000000000000001000000000000000000000000000000000000000000000000000000000000000000000000000000000010000000000000000000010000000000000000000000000000000000000	130416.2	47.89999999999999
90	11111100100101000101000001000111101001101111011100101010001110010111110011001000010111001011100111000100001101000000011010001000011001011111001111111101011010010011010000110010010111001000010111100010011101000010101111010000000010001	1678702.2000000002	483.0999999999999
91	01001001110011010010100101001110000001001011100101111110000011010110100001110111100100101010011101101011010001010011011000011101110000010100001101010011011000111001110111001000101010001111010000011000110010101011110110110111010110001	1886006.0000000002	503.50000000000006
92	00011110101101110101101111110011110100011100111111111011001100000101100100111001111110111111101101000100011010100101101110111111110010010011110000100101100110001110100011000100000110111100100111100100111000110101110011010000100011101	2019374.400000001	569.2
93	10100010011111110101101001111011000101110011011001000110101010111011101011101101001101001110101110011010101011011100011000111101011110111011111001011001110001101110101110100011010001111001011000010010011101101111111010000111011011110	2190984.0000000005	592.4
94	00101001100000000000000000000000000000000000000000000000000000000000000000000000000000000000000000000000000000000000000000000000000000000000000000000000000000000000000000000000000000000000000000000000000000000000000000000000000000000	37823.2	17.5
95	10101101000100000000000000000000000010000000000000000000000000000000000000000000000000100000000000000000000000000000000000000000000000000000000000000000000000000000000000000000000000000000000000010000000000000100000000000000000000000	122845.4	44.199999999999996
96	01010010100000000000000000000000000000000000000000000000000000000000000000000000000000000000000000000000000000000000000000000000000000000000000000000000000000000000000000000000000000000000000000000000000000000000000000000000000000000	36643.0	17.599999999999998
97	01111010000000000000000000000000000000000000000000001000000000010000000000000001000000000000000100000000000000000000000100000000000000000000000001000000000000000000000000000000000000001000000000000000000000000010000010100000000001000	258045.4	70.5
98	11111110001000011110000000011110100111100010100100001101111010011010111101100110110111100111010010001011011010110000011110010110010101010000110111011011110101111001000101010001000101110010000110111101100100010111111100001011101011101	2010237.0000000005	540.5000000000001
99	01101000010000000000000000000000000000000000000000000000000000000000000000000000000000000000000000000000000000000000000000000000000000000000000000000000000000000000000000000000000000000000000000000000000000000000000000000000000000000	33980.600000000006	17.2
