SOLUCIONES INICIO 

0	10111100000110001110001100111000010000001101101001101100011101111100101000010101000110000000111110010100010011001011010010101001011011011110010001010110000101100011010110100111100000000011001100110011110110001100110011011011000011100100	1134080.7999999998	481.1000000000001
1	01100000101101111110111000000001101001000110110000111101011111110110111100001011010110010011001001010011001011111011010001110001110000111100001001110000110101000001100010011100001101010111000111101001100111011010100000101101110010000100	1155276.4000000004	508.19999999999993
2	11001000000010111011110110101000111100001000110001111100001111000000100000100100001101111001100101111011001010110001111100010101101110101110010101100110010000011110100101110011100101111000111000010100011100110011000101001000101000100011	1107197.5999999999	489.50000000000006
3	01101010100010110101010110100000101110010100010100001100000001110010101100101010100001001101000101000010111010001100111001000010011011011101111100100110010101111101101001001100101010110101110100100100111010100111001010011000000000000011	1008195.1999999998	461.90000000000015
4	00111111000110000100111101001011101011111011101100111110100110111101100011100000001101000001101101000010010101110010010011001111110110000100001101100011110110101011010001100001010110111101011101110000101011010101001111001010001100100011	1211607.4000000004	532.5000000000001
5	11111011011101110010111001110101111001000000111111100111101011111100010110010101111001101000111110011011001101011000011010001001110011010010000101111101001000010000101010010011001011101110110111010001001110100100010001000001011111000101	1226335.6	545.9999999999999
6	11110101110000001000000011110110100101000000010010001011011111010110000101001001000110101101101100100111101011000011100111110110000010010010011011110101010001001101100110010010010000100100101010001101000011100000101011111110111100100110	1153241.4	481.49999999999994
7	10100011001000000000100100110010011010111010000010011110111011001010101100110111110110111001100010011011110001000011011110001101100010011101101110000101010001111000110110111001101100001011011011111000011011100000100010111011001100111010	1271589.0	518.6000000000001
8	10000011111000001110100010010010011110010111010100110100010101100100001100000111011000110100010110000000110110110010100011011000001101001000011000110011010100000100001110110111000010101100011110011101010101000101100101011100101110110100	1159138.4	467.4999999999999
9	10101010010000001100101011010111011011111001101001011100100100000110101010001011110111000111010101000110011111100100111011010100001111110001100111001011111011001010011110010000100111001111011101111010001010111010000101101000101011111000	1336456.4	552.4
10	00001101011011011110110111100100100101011001110100010100010100100100111001011011101011010100111000111011100000000111001100110011001100000000101111111001010011101001001010000111010101011011000000011011111000100011101110011101011000010010	1170818.6	508.6
11	00010001000101000100100011111010110111111110110110101010010100001000101111110000101010011111110001110110110010101111100001010100110110100000000010010011100111001110000011000000000000010010100000000000011010101110000000111110001111101100	1084812.4000000001	462.7000000000001
12	10100101111110000111011000011011001010011110101101101100100111011111000101110000101010110001111000100110110001001101110010011101011011110000111000110000101011011111100100100110001100010110011100001101000011111110110011000000110000010001	1161599.2000000002	526.0000000000001
13	10001100000100000110011011110011000000010011111001111100101001110011011100010010100001010101000010010000001011000111111110101001101010000011000011001111010000001101101101000011010100010111011100110110000000011111100011101001100100111100	1170013.0	476.10000000000014
14	00010100110101101000111111100101111110010001100110011010010000101010011100010101011110101010101100010110001001000010011000110101000100111010111100001101010110101110100000000100010100010101101111111111000111000101111100010001000111001100	1188548.5999999999	503.90000000000003
15	10001110110101100111111001101110001011100110000110001101111110100010001101001010001100011011101110110111010111101111001101101101101010010011111101011001000111001100001110110111010111100110011001011011001010011101101001010010100111111011	1413435.6000000006	585.8999999999997
16	00001100100010101100110111110101100101111111111010110111110010010111101100011110110101110101000100010011011100010010101100001111111010101110001011001011110100110100001110010111101010000111101100011000010100100111110111001100000000011011	1216771.0000000007	552.4000000000001
17	11100001101010011000100101001110011001011110111000101100010111110010000001011000100000101110001101010111000100111000100111011110110100001111000100001100100001000110111100010111000010100100111011110111001010000000011011111011001010011101	1197936.0000000002	496.40000000000015
18	10000010010100110000000111010110010101110100010100010110110111110111011010000000110100110110011100100000010000010101100011010110001011111001011101000001111100011111111101100110001100100001111100001001101111110011001010110101001100110011	1235384.2	504.30000000000007
19	10101100100010001011010001110101100110100101100001010011100011110101000010100010111001101101100100111001100010110111110001111011011111000000110001111100000110010110001010111000010100110001001011011100011010001001100110000101100101011011	1181598.2	498.60000000000025
20	11100011111100010101100110000011110010010010110100000101001011000111000001111000110110010001001000100000010101000001101010001101101110010101100011111100011111111101111110110110111111111101110000111111010010011001011111000001001010011000	1304464.2	536.9999999999999
21	11011110111101010110010110000101111001011111001110001110011111001110110011011100101011111011101100011101011010000111010000110111100111010101011101001011100010001011101011111000110011000100001110110001010101110100000001011010100011011001	1287224.8000000003	573.3000000000001
22	01100111111111010101100110101100000000100110100010001110011111010001011100110100011100101010111010110011001000011011101110100001111011011100100000000110001001101111000100101011010110010011110011011000110000110100010110011010010010010010	1143483.0000000002	509.50000000000006
23	10011000011001110111001111010010111010010100101111000111100010100011000110001011101011110110110101000101101101111011111010010101100101011111011111101100000110011111010111110101110011110101011101110100001010101011000111101001010000110001	1324901.2000000004	578.8000000000002
24	00110001110101111100111001100010001011011010000001100011000001010010110110010110001100010100001111000001001101010111110010001010110111000111110000100101000110111010111110110101000011001101101011000010010110110010001010001000001101111101	1192802.4	490.3
25	01001100111000001001010001011110000101010010101110110111111111010001101001010110101001011111001010101010111111100010010100001001000100001100010000111111101110001011101010101010101111001110011001000000100101111111001000100110001111101001	1272817.7999999998	525.3000000000002
26	00101111011011000011100111010010100100110000101000010000000001010011100111101011000101011001011001110110111010000111101100011110101111010001001101111001001010011110001000011011111110001010100111001000100110100110001111010000110010110001	1196967.8000000003	508.8
27	11010010101011000111011010000000111001101011101000100100111101011110011010010110111101000110100110001011000001111110110111100101100011110111001111101110011100100001010010110101001000110010111010111010011100110111000010011111001000011000	1250993.2000000004	547.1999999999999
28	01110100010110011000111111011011100011110011101111100111101010011010001000100100110010010010011001111011100101011010000111001000110110000111001110100110001110011011101110000000101011001010000111111111001101011010010110100110011100110001	1273825.4000000001	542.1
29	11101010111011010010010010000100011111011100101011000001111111001000000000101110001011101101001100110111100010100011100110110011111110100100010101100011111001111000110100111011010101000111110001101101011100010111011001010010010000011000	1206753.0000000005	531.6999999999999
30	10111111001001101001101101111010000001101110110101100101010000111111111010010011100111010011001111011000100111010110110011011101000010000110011111001010011100001000001000011100011000110111001010111110001101000001100100101000010101100001	1149286.0	522.3000000000002
31	00100000011110010001011100111100100011001010001111011001011111001011010011001110000110111011000101001010111110100010101000010010010110110011110001101011101110001111011111010111110111101110110001100100000011001010000000101101111000100100	1227433.8000000003	525.5000000000001
32	00111011111000101010001000000001011111110001110000101011111101001010100111110101010100111111011000110011100000110001101000111001100000101101100111110101000110010100010101001001000001101111100001011110110001000100001011010110101101000011	1156280.4000000001	504.3000000000001
33	11100110000000010110111010110100010100100110100011001010100010001010100010101000011111010011101111001001000001000101010111000110000101111001000111001001111111100100110100100100100010111000011101000100101111100010011100111100111110100101	1209131.5999999999	488.2000000000002
34	11110010010010001001101101100011110100011100000111001110010001111010100101101001110011111111110010101110110111100000001111010110101001111000001001001000100100110010100010001100111111101100010111000010001010100001110110101001001110010001	1189760.6	517.5000000000002
35	11110001101000110100011000001111110111101011110111110101000001110011110101111101101101011000010011000001000000010011000000111111110001010010000010110101000010010000101010011000001000001000111100110001011100101010010101000011101111011000	1176963.8	490.90000000000003
36	10001110100011100100000110010011110000010111000010110001111111001011010000000010011111011110101111110100011110110100111011110100110001101101100010100000111011000000001000011111100001101111010100001000101100100001100001001001101100111001	1192436.9999999998	502.1000000000002
37	11011000110101000100111001010101011101111001001000111101010000111111111110001001111010100110101001010101110000001000100111100101010011111110010000000000111111101001011000000001100111111001110010100000111010111011100001010001110001101000	1212521.4	519.8000000000002
38	10101101110110001101001101110101100111110101010111010011100010101110100111101100001011111011111010011010001011010110111101110111010110101101111101010111010010010101000000100100010100000000010111011001000100011100110110000100110000100111	1149993.2000000004	542.0000000000001
39	01110010010001111110100011100100011010011110101100111000110111010010101111000011000110111000011011100001001000000000010101010111110100001010100001100100000110011100111110100010000111011001001110111010011100110100001010001001101110111110	1250382.0	500.50000000000006
40	00110000001010010100100000101100010111110001010011100101111100111001111011101001100010011000010110100001111010001010010110111111100110001100000010001110110101100010111110001101111111111001101100000001011110010111100101100111011111101010	1381118.2	537.5
41	01010100001010010110101101010101011000011001010001110100110010010001100111111001011111000010111010101111110000111101011100010101000111000100000001000100010101111111010110101000110100000100111100010110000001001001111100001111011111011001	1276400.3999999997	507.5000000000002
42	01101110110110100101000111010100000111111111111101100110010000110101101100111000010010001000000110100001101101001010010010010000110010010011101111010000111101100000010101010011000110100111111110010000100101001001111011100011010010000101	1121221.6	494.0000000000001
43	10000100110000100111000101010110111100000100111010010010010101001100101011111010000000011110110000100111101001001100001100110010110010101111010110100001000010001000001000100110111001100010111100010010011000101110111000001100000101101010	1060005.2000000002	453.70000000000005
44	01100010010010111010111110010001100110000011010000011100001110101001100011001100111000010101100001011011101000110010011001101010011110111110110000001010100010000000011101001111000010100010110101101010010110000110100111011011111010101111	1226571.9999999998	487.7
45	00011010111110111111011010011000111011110011011001011001001000101001011111100111100100100100111100000110101101101101101100100010111010001011010001111100100101011100110001110000111001100011000011100010110000111010010010111111111110000011	1281672.6000000003	546.2000000000002
46	00011111100110001000101001010001000110000101111010101100010011101000101000110010101011111100100101000000110100011110110011011101111011110001100100111110111100000111001011110011000011011110010000000000101110011010100001100010101010000100	1096047.0	490.30000000000007
47	01010110111001111000110010010101110001000000011100111010110001101011010111011111001110110101101101000110110111011100110001010110010111111110000001110010001100000001010000101100000010000111101111101110110110011100010110010001000011111001	1245310.5999999999	530.9999999999999
48	11100010010101110011000111101100011111010101010110100110001000100101111010001100001111100110100000111100111000010100111001101000100110110110100000100110000111100010010101000000110001100110001100000101000110110001111110101010100111000110	1120774.0	485.40000000000015
49	11100010001101101011110110001111001101001111000110101001011001010000101011111110110111010000101101101010100011010001011110111110000000110100000100100101111001111000010110000010100001110110100010001110101101011011001101110000110000101001	1173659.8	516.0000000000002
50	10110100010010110100010010111000000011001101111011101011100100010101110111000000100010010110001100100110001000000101111110000000111101101011000110000111010111111100011011000001101111001011001011111011110110111110000001010011001000101001	1209820.6	507.8000000000001
51	01101011100011010101101100100110101011100010000001001101111000110011111011000011001000100001100111011001101001001000001010010100000010000001101010011010000110010000111011101100100010000001010111000001111011101111110001011100110011110101	1175690.9999999998	472.5000000000001
52	00100101101001110000100001010101100111010010100100000111100110110011110011001111011100111000101000111111111011001101010001010111001101111111011111011111101001000100100110110100100011010101101001110010111111001111101101110001011011110001	1416835.2000000002	577.2999999999998
53	00100111011110100111001110100011101010001001101011010001101110000000110000011110111000011110011110101000111010110110010001101110111101100000101110100010000111001100101001100110101010001100101100101110101000101100011100100011111010111011	1304473.7999999998	527.9
54	00000111111110100001110000110010101110000010111101011011101110000000111010101101001101110000110100011000111101010100101010011110001111000100010011100011101110100101011000011100000100010101101010101111101011111010010001000100100001110001	1168180.4000000001	507.30000000000007
55	11011011110101011101100110111110100001111001111001011001111100000111000111001100010101000000111111110101110110101010001001001010110110000001110011100000010000010111100100011000101010111010110110101110000101010011001010110000001000001110	1105910.6000000003	516.7000000000002
56	10000100001001110001001101110001101000000000110110101011110111101110010000101001100111100111001011111010101100101001111011011000110101101111110001111011001010111100000111001010001011110110110110011000110011101000110100011110110011001111	1312132.6000000006	543.3
57	10100110110000111101001101101011111010100100001001001000101111010100100011101000010100011101000110011100100011000111100100001000000100001111000110100010010001111010000010000000100011110010100000010011011000001111110100101110011010000010	1014271.8	447.50000000000017
58	00101000101011010010101010010110000001111110010001010010011001100101110110011011001100001001101100011100111000001011011110111001100010011001111100000101110110010100101110001110100001011111101011001000011010001110110010001010000011110101	1183079.8	498.9000000000001
59	00101011001001011011111100011011010100111100100010111011010111111000100001001011010001101110010000111000010101010100101100000111001110100001000000101100001001100011101101100000010100110110010000011010001101001100000111100100110101001111	1113374.5999999999	475.1000000000002
60	10111001111000111101011110111010110010010111001110001010010000111101001010010001110000010000110110100000110111111000101001100000111101000100010010100001000001011111100010110111101010011010011010110000001100001011100111100111001001111000	1212027.9999999998	507.9000000000002
61	00100110100000100000101001110000100110100100001011101011001010111100001101101100110100001000010001110001100001101111010101010001101110100011101101011110101111001011100110000111111110000011100010111110111110110000010011011001110011010101	1272624.5999999999	508.39999999999986
62	10110011101100100000100101000110101100111010011110001010000100101001110111110001000110101000010101011100101111111000111001000011010000101101000110101000010111110101101100000001111001010101100100101111101001100001001001100001011110011110	1231020.8000000003	503.6000000000001
63	01001001110010100010010011101110011001100111010001101110011111001010110010010000011011111111010001100010001011100101110101110010101110010001011001010001010100001110101010110011000010000101011011111111011110111111001001000010100100000100	1160806.8000000005	517.2
64	00100101101011101100000001100100100000010110011010010110110000111010000000010000101110000011000001101100100010011000100101101110101100010101111011100001000101100101101000101000100100001111000101001010100100100001111111000110101110111110	1162995.4000000001	451.59999999999997
65	10101101000010111111010011000010011011101010110000100110011011101101001110000100111110101101110011000111101000001100010010111101011110011001000100111000101001000110000111110100110011110111010000001000100001100000110100001010000011111010	1153314.0	501.9000000000002
66	01101000110110010000110000011010011001001101111010101000110101111101101110111110110000100011110111001001100101001101111100010110010100111000101001101011010011111000110110111101001010111001001111100100011011001001000000101000100011100010	1192156.4000000001	526.4000000000002
67	10101000010101111100001110000100111011110100011100100001110100010101101001011011010110001110111010110001011101100011000001100011110111011101110100111010011110100100010100000100101011110101100100101100001100101101101011111001100011101001	1280457.4000000001	535.4000000000001
68	00111110111011101011101101100101110000101101011011111111000010011111101101011001000011101101010100010111110001001101010010010001111011110010111011001010000100110001001101001001111100101001000110110000111110001101101000110001101111110010	1327665.4000000001	562.0
69	00111101001011011001111100101000011110101101100110110010110010110100100000010101111101101011011110101010101111011011011101010101101001000001100011000000010010100011001011011110000100000110011001001001010001110010110101110011000011110000	1192811.8	521.1
70	00100101001110111101110000001011011010110011110000001010101011110101011000100010011011001100110101011110111101010111111110001001110111100111000000010100111111110110010001001011110101000101010010000101111011000110111101101100111001101111	1352906.2	557.1000000000003
71	01110110010111000101100000101000001000000100110110101111011101101010011110001000010110000110010001001101101011001000011110010000001101100111101101100110110011100111100010111000101100001001010010011001111101100100010110000001000000000101	999653.0	462.6999999999999
72	00100111111001000010101011010010111100111011000010111001110111110010100001100010110111111101011101111001101100001101001010100000111001011111001101000010110111111100001001111011010011111010111110011001100100110101010101111101000111111100	1424306.4000000004	580.1999999999998
73	00110100010101010100011110001001011100000011011001010011011100101100010011011111011010101100000110011101100011000000011001011001100010100110111111110100110010100000010000111000011000011010011000100011001101111000110011010010011111001110	1174597.9999999995	484.30000000000007
74	11000010010100100100000010011110110111100011001001100111010000010001011000000100110111101101011011110011111101000101000010100110010001000110111011011101010110000110100010001101011110101110001001101010011001011000010000010101110010101110	1170687.0	485.7999999999999
75	01001000011111001100000100101000101000101011001000011100100011001000010011000111110110101111101110011000000100011101000111101001010011010000010111100011001000001010101111010101010101100100111011110001110011111111011110001000110101011001	1269395.4000000004	504.7999999999999
76	10101000001110100101010001100001101000001010000110111110100010000101000010000001100100101110100111100111011010010010110000000110000000101010100000011011000011101111011001001101101000001011001000110010011000101010010010001001011001000010	982036.0	421.4000000000001
77	11010000000100011101111100111011111111001100111111110101011110101000010111101010100001000001110000100100111110101110111101011010001001000010110001100011111001110100010000100000100011101100111000101100111111001010001111000011101101010101	1264165.4000000004	535.8000000000001
78	00000111111110100100100011011101001001001110110100100111100001010111000010100110010100011011001011111111101111011101000001100110110110111111000000010101001010010101000101001111101001111000100111010010110010101100110010101100001101001110	1218217.2	526.9
79	00111111001001000000000100110100011011000110011100000110011011101010101111101110001100101001100001111100000110101110101101111010111111101011011000010101101010111101101000001001000000100000111111110001011100000011001001101100101011101000	1222964.8	517.4000000000002
80	10000000110101110110011100011101100111001001100110001000000111010000011001101110011000001010111010101011000111100100011010101100011110010010101000011101010000111001000001011100011101011110100001101110111101000111100010001000110100000111	1110617.9999999998	481.70000000000005
81	01000011011000000011011110000001010010110110001110100110101100001111000110101111011111100101000010101111110011010100110010010010110010100111000110010011001100000000111110111110000111011000100110110101101001011110111001010100100011110100	1243215.2	514.7000000000002
82	00110010000111010010111001001101111001001000001011001111100000110011101010101110110110001110100001001010110001111100010000000010110110100001101101110010011111100010011101011000100000000110100100001001100110100010100111001110000101001011	1083142.4	473.0
83	01011111100010011101101111111010111000011010111100100110111011101001101100111100010110010101011100010110101011110100010000111110110010010101000101110111011010100100011101001011011001110001001011110111100100001000101001111010011110001000	1292533.2000000004	566.9
84	00111100011010001000010101000000111111100001100110000000101010011001001011001010101110000011101000110000110111110100010001111000001101111100110110100110000100101010101011011001111110101110111010011011011000110010110010000011101001010111	1209286.8000000003	494.4
85	01000011110011101010010110111010101001101101110101111000011001111010001011010010010001101100001010110101010110101010110100000011101101000110001111011001000000011010111011101110011000010000011110011111000101100111111001100111100100101001	1260132.2	529.6000000000001
86	11000001100110010101011100110111001011110000110100111010010110000000111100001110101000110110110100100100010011010001100111000000001100000011111110111000000111110010000001111010101010000110100101101001000011110101011100010001100110010101	1128550.8000000003	478.9
87	10011001001011110010010001011110100011101000001001111001101111010110100100111110011111001011110101000110011011100111100111001110100110111010001001011110100101100111011100010101011011001000010110111110001101100110011110111010000010011000	1281195.2000000004	561.9999999999999
88	00000111111010110111010000001011101000111100011010010010001111110010111111011100110000010000001000011001110001001111101000100000100111011101001001100001011001000101011111000100100100110011001111100011000101110110001100100100110001011111	1179784.6000000006	492.70000000000016
89	00111011010100011000100011111010111001011011000110010110111101111111111000111011101110000000011110000000000010100011110111110001101111100111010001001111000101111101010100011110010010001010100100110100100000101100111100011011110011010000	1252943.4000000004	538.7000000000003
90	10001010010100010001000110010110101100111001100111101111101101111011000010110110100110101110000000001001000010001101010010100100011111011111100001000000101110001011111100100010001100000100111000010000110111101100010011100111100011111001	1222759.7999999993	492.9999999999999
91	00010110000110101000100111011100000010111010000111100101100000101111010010000101000110100100100000010011010100101001101011100000100011010100110011101100010001110110100101110101100011110001110101100011010100111111110010011001101101011000	1237092.8	486.60000000000014
92	01111101110010010100000110101100110011011111100111101110110000001010100100101110010011011100110000001001011001011100000000101001001101110000101010111111011010010001000011000001001100011111001000100000111010101110000100111001010001100010	1076449.6000000003	480.8000000000001
93	01111101111010110111100000001111101001100101000100101001000100001001111011011000101100000100110100100100001101110001100111011011110111101110101011001101011001000101000100000010001000100010111100101010001100101111100000110000001001111000	1107105.8	490.5000000000002
94	10000011010111101110010111111110110000011101100101001100010011100110000011000101100010101101011110001110100111111111110100000101000111101001001101011011000010101101001111111101010111110011100011001110010010000100110001110111001110010110	1297467.4000000004	552.8
95	11010010101000111110010101101100100011001000101101111000111010100101000000101000001110110001100111100001101100101011100111111100011101001111111000110011101010011101010101001001001100111111011111111110110001000100010011100011011011011101	1359738.2000000004	551.0999999999999
96	11111011000001011001110111100100100010110101010101101000010100101101010111111101100011001101000100000010110000101001000101001011101001001000111100011111001011110010110111110011110011010100010011111010101110101100000011111010001000000100	1145083.8000000003	518.1000000000003
97	11111011100011100000010010010111100010000000111010101000011110010101000001110100110011100111110100000001010000110110011001111001110111001011000111010010001010111101011011100111000110111011110010110111111010101000100110010011010000101010	1227260.6	521.1000000000001
98	10110000101010110000110011001001010011100110110010110101100110101000011100000001011110110100010011000011101000100111010111110010111011110000011100010000011100110101111011000110000110111101100010101100000011011001101111111010110110100010	1253432.8000000003	515.4
99	01001010111101011010101010100100110111011001001101101011010100110011000101110010000111001010110000000111001011110100100100100000111101101011101111101001111001100001101100110010001100100001000000010011010010010010001000100000011100111010	1107535.4000000001	485.80000000000007
