SOLUCIONES FIN 

0	11011001100110001111100001000110000010011111100111010001111100101011011101010000111000001111101011111011010100110111001111101110101011010001000011111001111111100110011101001000010010100110111010110001100111110101111001011100111101000111	1259072.8	576.1999999999998
1	00110101001101110000000000000000000000000000000000000000000000000000000000000000000000000000100000001000000000000000100010000000100000000000000000000000000001000000000001000000000000100000000000000000000000000000000000000000000000000000	110442.00000000001	77.10000000000001
2	00101100100110001100000000000000000000000000000000000000000000000100000000000000000000000000000000000000000000000000000000000000000000000000000000000000000000000000000000000000000000000000000000000000000000000000000000000000000000000000	40705.8	41.0
3	00001100110111100000000000000000000000000000000000000000000000000000000000000000000000000000000000000000000000000000000000000000000000000000000000000000000000000000000000000000000000000000000000000000000000000000000000000000000000000000	35236.6	36.4
4	10110011100111101101010000010111110010101110011101000101101101001010101001000101010101101010101100001000011011110000000011000110010110010000110010111111110110011001101010000000010011101110100010110011000010010010001101010111111001011010	1125872.1999999997	501.0
5	01010000001011011101000000000000000000000000000000000000000000000000000000000000000000000000000000000000000000000000000000000000000000000000000000000000000000000000000000000000000000000000000000000000000000000000000000000000000000000000	40788.8	40.900000000000006
6	10011011000001000101111100000111001110001000111000000000110000110010100110110001100111001101110101000011111101001110011000111100011010010110000100011111010110010100111001111100000001000101111001101101110110110110010100110011110011110001	1194717.7999999993	511.9999999999999
7	01011000000100001100010010000000000000000000000100000000000000000000000001000000000000000000000000000000000000000000000000000000000000000000000000000000000000000000000000000000000000000000000000000000000000000000000000000000000000000000	47621.2	45.5
8	11001000010011001011110110000111110110011010010101010000010110110100011111111111101111100000100100110101101000010011101000101101110011011010101111000011011000111001100100110111110001110100101011000101111010001001011000110001001011101001	1179136.3999999997	541.3
9	00111011100111101101110010011111110110001111000111111001110101000111110101001000110110110111110000111011100000000001111001100101100110000001010000101111011000011111101110100011010101101100000100100101101111110010100101111000000001110010	1114165.1999999997	544.7999999999998
10	01001001101111100000000000000000000000000000000000000000000000000000000000000000000000000000000000000000000000000000000000000000000000000000000000000000000000000000000000000000000000000000000000000000000000000000000000000000000000000000	39144.6	41.0
11	11011010001000101011000000000000000000000000000000000000000000000000000000000000000100000000000000000000100000000000000000000000000000000000010000000000000100000000010000000000000000001001000000000000000000000010000000000000100000000000	157085.19999999998	84.7
12	11010010000100010010000001001000000000000000000000000000000000000000000000000000000000000000000000000000000000000000000000000000000000000000000000000000000000000000000000000000000000000000000000000000000000000000000000000000000000000000	39464.399999999994	41.300000000000004
13	11001000000100010101101000000000000000000000000000000000000100000000000000000000000000000000000001000000000000000000000000000000000000000000000000000000000000000000000000000000000000000000000000000000000000000000000000000000000000000000	53443.99999999999	50.6
14	10101101110111111001011111001110100111111110101000111110110001011100100010010101110110100111110001110110110110100101100101110100100100110010110001110111001111001011001000001010001011111010000110101101110111100010101011011011010110001001	1222004.3999999997	582.3999999999997
15	01010011010001001101000000000000000000000000000000000000000000000000000000000000000000000000000000000000000000000000000000000000000000000000000000000000000000000000000000000000000000000000000000000000000000000000000000000000000000000000	39300.600000000006	41.0
16	01101001111010110000000000000001000000000000000000000000000000000000000000000000000000000000000000000000000000000000000000001000000000000001100001000000000000000000000000000000000000000000000001000000001000000000000000000000000000000001	112528.80000000002	76.2
17	11010001000101101100000000000000000000000000000000000000000000000000000000000000000000000000000000000000000000000000000000000000000000000000000000000000000000000000000000000000000000000000000000000000000000000000000000000000000000000000	38239.0	40.9
18	10110101101000100100000011110100111000011011010111011000011010011010001111001111100100001010110010100011111111110111100110111100001011111011010110001111100100010000000100011000011100110100010010110000000100101101000001000001010100100101	963147.3999999999	487.4000000000001
19	00011000111101000101011100001111001001101011101001001001100000000001011011101000000101011100010010011000101110101011010001110010100000011100101101101001001111001110010101100011111110000101010011101111000000110110000011111011100010000000	1033677.7999999996	481.1000000000001
20	10110100010000111000110000000000000000000000000000000000000000000000000000000000000000000000000000000000000000000000000000000000000000000000000000000000000000000000000000000000000000000000000000000000000000000000000000000001000000000000	73297.0	49.9
21	01010111111110000000000000000000000000010000000000000000000000000100001000000000010000000000000000000000000000000000000000000000100000000000000000000000000000000000000000000000000000000000000000000000000000000001000000000000100000000000	120917.80000000002	77.1
22	11100001010110000010000000000000000000000000000000010000000000000000000000000000000000000000000000000000000000000000000000000000000000000000000000000000000000000000000000000000000000000000000000000000000000000000000000000000000000000000	39014.0	41.300000000000004
23	00111000100101001011000000000000000000000000000000000000000000000000000000000000000000000000000000000000000000000000000000000000000000000000000000000000000000000000000000000000000000000000000000000000000000000000000000000000000000000000	40053.8	41.400000000000006
24	00011101100011001010000000000000000000000000000000000000000000000000000000000000000000000000000000000000000000000000000000000000000000000000000000000000000000000000000000000000000000000000000000000000000000000000000000000000000000000000	39215.8	41.1
25	01011100111010110000100000000000000000000000000000000000000000000000000000000000000000000000000000001000000000000000000000000000000000000000000000000000000000000000000000000000000000000000000000010000000000000000000000000000000000000000	66686.20000000001	58.4
26	11101011010100001100111011100110100110000001010110100000111111000011101110111001011011110010100011001100100111111010011111100011011100010011010110011001010101100001110010000011000001111100010001101001110010101100101100100010011000111001	1106035.3999999997	522.9
27	00101011100011101000101101111000011111111110100110000110100111000110001100110110110010110001010111000001001011011010011111010010101000101101101010101100011111100011110110100001110100100100001110011000010011100011001110001101111110101001	1221833.9999999998	539.0000000000002
28	10111100011001101001010011110101110000010111010111110110011011101011011110101110111111110100010001011101010011001111111010111001110101101011111111110000111001110100110110010011101110101111011001111011100101001101110100110111100011101011	1399956.2000000002	637.6
29	01010001010010010110101000111101000000111001011110110100101001001100000101101110110100001011010010010110101000010011101000101101100011000101010011010011110111011100001100001110110000001100110011001010011101000001110000100010111110110011	1112078.7999999996	485.19999999999993
30	01110100110010010000110000000000000000000000000000000100000000000000000000000000000000000000000000000000000000000000000000000000000000000000000000000000001000000000000000000000000000000000000000000000000000000000000000000000000000000000	58627.600000000006	54.60000000000001
31	10110011101110111101111110000110010100001011100001001000110011100101101110001010101111001001001010100000010011010011001110110000110110000011000100111001101010101101111110111100100100000101100000001010111111101111001110101101001000110000	1126799.1999999997	522.6000000000001
32	01010111010010110001000010000000000000000000000000000000010000001001000000000000000000000000000000110100000000000000000000100000000000000000000010000000000000000100000100000000000000000000000000000000001000001000000000000000000001000000	188550.80000000002	107.50000000000001
33	10000101100000010011001111001010101100001110100011011001101100010000000000111000011010010100001010111010010001010010010110110110111000101001011101110010010010111011000111000001011100100101101010011111110011111001110111000101101101000110	1128238.9999999998	489.0999999999999
34	11001101010001110100111000001110000010000001111011000101000011100000011111000100010111000111101111111001010100110011100100010010111001010101110001101001001111110011010000101001110111000100101100001001111100100011110010001010011111100111	1147224.7999999998	505.60000000000014
35	01111011100110100000000000000000000000000000000000000000000000000000000000000000000000000000000000000000000000000000000000000000000000000000000000000000000000000000000000000000000000000000000000000000000000000000000000000000000000000000	40818.0	45.5
36	11110101010010000011010110010100111000010001001111000111110111111010000110010101011111110100010011001000100110011100011100010111000010000010011101111100110001101010000110111110101101101011000111100110101110110001001011001111111000011011	1221129.5999999996	537.9
37	10100001111000011001111001010111010100010010011010110111100101110110010010000110000000101100010001011011110110000010010011000000001000101110001010010000001111001010110110011001010010010111110000011101001101111001000101011110000010000111	968202.5999999996	460.2999999999999
38	01110101011001010100000000001000010001000000000000000000000000000000000000001000010000000010000000000000000000000000000000000000000000000000000000000000000000000000000001000000000000000000000000000001001000000000000000000000000000000000	117347.80000000002	86.30000000000001
39	11011000111101000000000000000000000000000000000000000000000000000000000000000000000000000001000000000000000000000000000000000000000000000000000001000000000000000000010000000000000000000000000000000000000000000000000000000000000000000000	63951.2	55.0
40	01001100111101100000000000000000000000000000000000000000000000000000000000000000000000000000000000000000000000000000000000000000000000000000000000000000000000000000000000000000000000000000000000000000000000000000000000000000000000000000	38481.8	41.2
41	01000010110111001100000000000000000000000000000000000000000000000000000000000000000000000000000000000000000000000000000000000000000000000000000000000000000000000000000000000000000000000000000000000000000000000000000000000000000000000000	39790.6	40.5
42	10000011111001010000000000000000000000000000000000000000000000000000000000000000000000000000000000000000000100000000000000000000000000000000000000000000000101000000000000000000000000000000000000000000000000000000000000000000000000000000	61033.4	49.70000000000001
43	00010011101100100100001000110001011100110010111111000000000101011111010001000011101101011001000111100010010111101001110101101110000110001000100111101011111111111111000110101111111110010010100001101100010010101110110011100000010010001101	1112098.1999999997	520.1000000000001
44	01000001011001011000011100011111001101110100001010011001001111001001001001010010000111110000111101111010011100011001111011111001011110111000100010001110110011110100001110111010111110111000010001110010111111010100101000001011010000101110	1145742.9999999993	528.3999999999999
45	01110100001010010010110101111000010101100100011101011111011110010110001110011000101111001100010000101110111110111011111010001111101010000000010111111001001010001010001001110111010101100110011110011000100111001011111100110011111100101000	1256101.7999999998	558.3000000000001
46	00000111100100000101110010001000101111010111101100111011001111010100010010110100101100010001001001101011100101110100110000010011100101111100110101000001111101100011001001110111010001100110011110011001011100011111010101010000000000001010	1014963.3999999999	500.60000000000014
47	11000001110100110110000010000000000000000000000000000000000000000000000000000000000000000000000000000000000000000100000000000000000000000000000000000000000000000000000000000000000000000000000000000000000000000000000000000000000000000000	56116.200000000004	54.80000000000001
48	00100100100101000110100001001001111110111011110011100000110000000110001111000000101111001101110101000011111111011010011111010110101000101101101111011011011110101100110001011100011001100101011010100101111100001101110100001111110110001100	1231570.7999999998	547.2999999999998
49	10101000111110101000000000000000000000000000000000000000000000000000010000000000000000000000000000000000000000000000000000000000000000000000000000000000000000000000000000000000000000000000000000000000000000000000000000000000000000001000	82337.20000000001	54.4
50	10000011111110000100000000000000000000000000000000000000000000000000000000000000000000000000000000000000000000000000000000000000000000000000000000000000000000000000000000000000000000000000000000000000000000000000000000000000000000000000	38776.6	41.300000000000004
51	11100110001101011000000000000100000000000000000000001000000000000000010000000000000000000000000000000001000000000000000000000000000000000000100000000000000000000000000000000000000000000000000000000000000000000000000000000000000010010000	141569.4	77.1
52	00010111010100011001111010001100110101011010111010001001110101000111100111010011010001100011011011101010100010101101001011010100100010000101100110101101110110000101111001010110000010110111000010111111000111001110111011000111000001101100	1145158.7999999996	526.1000000000001
53	00001011100101101111111110101110101110011110010011110111101001010001011111101011001011111001110001011110011111000101100110110001011000100111101010101111000011000000110110101110011111001010001101101101010000101001000011011111111101111110	1347896.7999999998	590.5999999999998
54	00010000111000000010111100000000000000000000000000000000000000000000000000000000000000000000000000000000000000000000000000000000000000000000000000000000000000000000000000000000000000000000000000000000000000000000000000000000000000000000	42478.600000000006	41.3
55	00000110101111100000100000000000000000000000000000000000000000000000000000000000000000000000000000000000000000000000000000000000000000000000000000000000000000000000000000000000000000000000000000000000000000000000000000000000000000000000	40830.8	41.0
56	11110011011000000010010100111000001001001000100100100100001110010100101000011010100111111000100010100110101001110010010011110010101101001110010111100101100000001000101100101011110010111000100011001000010001000000100100101110111001101101	1020266.1999999996	450.79999999999995
57	00110000100001001110100010010010000001010011010101101010001011101001010001000110010001111011001110010110110001101011101000001010100001100010000000110011111001110000000110001001000100100111110011101100001100010010001010000111101000011010	970957.6	433.09999999999997
58	10111111011100000000000100000000000000000000000000000000000000000000000000000000000000000100000000000000000000000000000000000000000000000000000000000010001000000000000000000000000000001001000000000000000000100000000000000000001000000010	149836.4	81.7
59	01101010100010011010000000000000000000000000000000000000000000000000000000000000000000000000000000000000000000000000000000000000000000000000000000000000000000000000000000000000000000000000000000000000000000000000000000000000000000000000	38165.6	40.7
60	01100001001010101010010000000000000000000000000000000000000000000000000000000000000000000000000000000000000000000000000000000000000000000000000000000000000000000000000000000000000000000000000000000000000000000000000000000000000000000000	40230.200000000004	41.0
61	10101001001110011000001000000000000000000000000000000000000000010000000000000000000000000000000000000000000000000000000000010000000000000000001000000000000000000000000000000000000000010000000000000000000000000000000000000000000000000000	77738.4	63.699999999999996
62	11000010011100010010000000000000000000010000000000000000000000000000000000000000100000000000001000000000000000000100001000000000000010000000000000000000000000000000000000000110000000000000000000000000000000000000000010000000100000000000	146807.19999999998	81.10000000000002
63	11101011001011111111001011101101001011001001110100011010110010010101001110111100110010010011111100010001110101011101010010100101011110100010111101000000101011000110110110010101010001110010001001001010111011010110110011011011001100100111	1155160.4	545.8
64	00101111101011111010101000110001110110001000010110101001011100100111011100111101011111101111000011011010010010111000101101100111010100001001010011011111010010100011011010011011101011000001001110110000011000000001110101011111011001010010	1147478.7999999993	539.0
65	11001110101100110000000000000000000000000000000000000000000000000000000000000000000000000000000000000000000000000000000000000000000000000000000000000000000000000000000000000000000000000000000000000000000000000000000000000000000000000000	40988.600000000006	45.699999999999996
66	01100000001011100110001011000100101101111000001111110000110111001000011011100100100000110000010101110001101001011100010011010010000000101011000010111011110010100001000011111100001001000001010010101000001101000001011111110101110010110101	1037815.3999999996	454.7
67	10010100000010010001101000000100000000000000000000000000000001001001010010000000000000000000000000000100010000000000000000000100000000000000000000000000000000000000010000000000000000000000000000110000000010000000000000000000000000000000	146962.80000000002	94.89999999999998
68	00010010001100110001001110111100110011001110100111101100010011001111010011110000000101000011010110000111110001000010111011100111000101010001010100010000010110010101100110101100100100011101101111011000011110000011011011001111100011000000	1087271.9999999995	497.40000000000003
69	10100110001111110000000000000000000000000000000000000000000000000000000000000000000000000000000000000000000000000000000000000000000000000000000000000000000000000000000000000010000000000000000000000000000000000000000000000000000000000000	55278.0	50.099999999999994
70	00110100101111100000000000000000000000000000000000000000000000000000000000000000000000000000000000000000000000000000000000000000000000000000000000000000000000000000000000000000000000000000000000000000000000000000000000001000000000000000	54976.40000000001	44.99999999999999
71	01000101111110010000000000000000000000000000000000000000000000000000000000000000000000000000000000000000000000000000000000000000000000000000000000000000000000000000000000000000000000000000000000000000000000000000000000000000000000000000	38984.6	41.2
72	10000100101000111010110110100101111110100001100101110110110011011110100000010001011100010111010000001000010010000010000101111000010001101000111011010001101011011111010100001110000001111000000000101011001001101010011110000100110110001100	1011951.7999999993	464.00000000000006
73	11000110110110110011101111001110100101101100011010100000101000100000100111010011011001100011011111010100011001010011011110001000101000011011000100000110100010000000010011011001001111111010010110000011101110110111010011010100001000010110	1007716.5999999997	487.6000000000001
74	01101110101001001011010010100001110001101011000000010100000101010100000100011011110011000100010010011111000100001111001100010010111101110001110000010100000001001110110001011110000000100000010001010110011010111111011101010010111000100101	999321.5999999996	449.49999999999983
75	11010011111110010111011010011111010110001111000111101001110101000111110101001000110110110111110000111010100001010010010001111010001101001110010111100101010000011111111001110011101100010101110110111100000110110000000101011101001011101001	1221210.3999999994	565.9000000000001
76	10110001000101101001000010000101101100101000101011100000111101100111101100100000000001010010111101010100010110100110000001101101000001000110110100110100011111011000010101100011010000110101010001100010110010111011110110010101011111111011	1197641.3999999994	484.30000000000007
77	01010001000100000110000001100000001110000110100110001011100010010000000010011000110001000110011001001101000111000001110100111101100101000111000100010110000000001111110111011110011000010110001011011000100101110010001100101100101010010000	968173.7999999996	424.59999999999997
78	01000101100101100011010001110010110111001010000010001100101101101001110101000111010101001000000010001001000111000010001010010001001011010100110010011011101000110101101100011110000000101111001001011001010100010100100100110001001100111000	1006452.3999999999	449.7000000000001
79	10101101111110000000000010000000000000000000000000000000000000000000000000000000000000000000000000000000000000000000000001000000000000000000000000000000000000001000000100000000000000000000000000000000000000001000000000000000000000100000	129547.8	73.4
80	00000101110011000110100000000000000000000000000000000000000000000000000000000000000000000000000000000000000000000000000000000000000000000000000000000000000000000000000000000000000000000000000000000000000000000000000000000000000000000000	41683.600000000006	41.2
81	10001100110101011000000011001110111001000011111101111100010010001111011001000000000000011100111110011110101111010011011100110011101101101000101011101110011011100011000101111101110011100001101010010011010011101111101000111100110011011101	1246904.3999999997	548.9
82	00110111111111110111001100101010100000001011101010111110000110111011111000101001000001000111011011110111111011111111001100001110101111000110011011111011001111011110001001101100000011011110001111101010110110110101100111100110100110111110	1345607.5999999999	611.1999999999999
83	00100100111011001101011111010111011100010100100100011110011111010111101011010101101011101111101010111010100000110111110100111010010001101101011111011110011111110010110110100011001011111000011100101100111110111011011111100100001111010001	1328979.1999999997	612.9999999999998
84	10110101000001010000001000100011001100001100011110110010101100001001101100110100101100010010010010110110110000111001100111000111110111100000011100000110101000000001011010001001000100011100010111101001110100101100111111000010110101000010	1007895.9999999999	459.29999999999995
85	01111100010000000111100000111111001011001111100101101100001011101010110001001001001110111111010100011011000010011110011100010000001101001010110110100000000001011111011001100111111111011101000001001010100111010100110001000000000101010011	1028165.5999999997	495.8000000000003
86	11110011101110000000010010000000000000000000000000000000000000000000000000000000000000000000000000000000000000000100000000000000000000000000000000000000000000000000000000000000010000000000000000000000000000000000000000000000000000000000	70259.20000000001	63.9
87	11011011010001001011001101001000111111000100110101010010011100100100111100101100000100010000100000010100011010101100011110110000000011100011111110000001001111100101001001001111010111010011010101011100010110100011000000001110001110001111	1041848.7999999997	473.70000000000016
88	00001000101011111010101010000001110111101111000001101101100110110001001111100111001010110011001100111011010110111001111011100011110000101011100001001001001111011000101001001010100001000111101100111001100111100110011110110101101110011011	1244854.9999999995	545.3000000000002
89	10100000001100001011001000100111111010111101101100110111111100111111100101000001011100011111101000101111101111110000011110000111000010100110110000011010011001110001110101000100011011101011101110101010100001000101110100101001011010000010	1097730.8	529.3000000000001
90	00001110011000100100011100000000000000000000000000000000000000000000000000000000000000000000000000000000000000000000000000000000001000000000000000000000000000000000000000000000000000000000000000000000000000000000000000000000001000000000	86550.4	54.900000000000006
91	10100100001010100000001111100010101100101010101110101001011011111010101001101100010010011010100111011111010010010101111000111100011111000011110001010011001111000000001110110001001000110110001100101011101011001110111001111010101011011010	1197291.1999999995	528.3
92	01100010110000000001001110000000000000000000000000000000000000000000000000000000000000000000000000000000000000000000000000000000000000000000000000000000000000000000000000000000000000000000000000000000000000000000000000000000000000000000	40126.4	41.0
93	11010100101111001001000000000000000000000000000100000000000000000000000000000000000000000000000000000000000000000000000000000000100000000000000000000000000000000000000000000000010000000000000000000000000000000000000000000000000000000000	73071.2	63.7
94	01101011101011001110101010010110111011101011110101011110111111111010110111100001110101111011101100111001011010101111110000110001001110101011111101110010101000111101101100011110000000101111011001011010000101111011100011100110111111101100	1384253.4	627.5999999999998
95	11101111100100010001000000000000000000000001000000000001000000000000000000000000000000000000000000000000000000000001000000000000000000000000000000000000000000100000000000000000000000000000000000000000000000000000000000000000000000000000	74905.8	68.7
96	11011011010101111111110111111111101110101001111100000001011011111100011110000001111010111110111101110000111001100000111001111101101010011001110101000010100111011110001000111111101100100110111110110110000110010111001110101111101001000110	1287679.9999999998	616.8999999999997
97	01010111010010000000010100000000000000000000000000000000000000000000000000000000000000000000000000000000000000000000000000000000000000000000000000000000000000000000000000000000000000000000000000000000000000000000000000000000000000000000	38371.200000000004	41.0
98	01000000000001101001011010100010110011001110100111101100010011001101100100011111110001010100000100110010100001000001010100011110101111000111011011111010011001110001111110001011110000010000111001010110100010000110111011001100110101110101	1138664.9999999998	494.69999999999993
99	00110100110111100110100000001100001101010011111111110010010110010101100000111011000111100000110111011000110010010111010000111100111000010110011111111010011011111000111001100011010001001011110101010011110011110001011111010100011101011110	1250861.3999999992	553.2
