SOLUCIONES FIN 

0	11000000111101000100000101011001100000100010101001100101010001110100011111000101011010100000100001110000110100011100001000100110000000111110101001010010110010010101100110011000100110000110010001110011101111101010001001000011011110011000	999715.0000000003	448.9
1	00011011000011001011110100000000000000000000000000000000000000000000000000000000000000000000000000000000000000000000000000000000000000000000000000000000000000000000000000000000000000000000000000000000000000000000000000000000000000000000	40480.399999999994	54.2
2	10000001111100110001110110100011011110011110111110101011110111001111010100111110001001101111000101111001110110101000111100011101100101010001100001101110000101100001101011000100000111111011110111111110000111010001001110000011001011011010	1154378.2	571.6999999999998
3	11010010011100101011110100000000010000000000000000000000000000000000000001000000000000000100000000000000000000000000000000000000000000000000000000000000000000000000000000001000000000000000000000000100000000001000000000000000000000100000	136382.59999999998	93.9
4	00011011101011101111000000000000000000000000000000000000000000000000000000000000000000000000000000000000000000000000000000000000000000000000000000000000000000000000000000000000000000000000000000000000000000000000000000000000000000000000	41782.59999999999	57.9
5	10010111010011010101110100000000000000000000000000000000000001000000000000000000000000000000000000000000000000000000000000001000000010000000000000100000000000000000000000000000000100000000000000000000000000000000000000000000000000000000	87471.40000000001	86.29999999999998
6	10011000000111110111000011100100000000000000000000001000000001000000000000000010000000001000010100000000000001000000000000000000000000000000000000000000000010000000000000000000000000000000001011000000001000010000010000000000010000000000	209628.19999999998	131.49999999999997
7	11011000011100111001110110111011000111011000111011010010011100011100010110001101001101100011101101101011011011101001100110100010110010011111101101011111100010111011111011001110000000111011010101111110101011000111101011000100101100100110	1134338.6000000003	577.8999999999997
8	01110000101101011011010000001000000000000000000000000000000000000000000000000000000000000000000000000000000000000000000000000000000000000000000000000000000000000000100000000000000000000000000000000000000000000000000000000000000000000000	54883.8	62.70000000000001
9	00111101010011100111100000000000000000000000000000000000000000000000000000000000000000000000001010000000000000000000000000000010000000000000000000000001000010000000000000000000000000000000000000000000000000000000000011000000000000000000	105645.40000000001	87.59999999999998
10	01011101011111101001000011010000000000001001000000000000000000000000000000110000010000000100000000001000000000000000000000001000000000000000001100000000101000000010000000000010000001000000100000000001000001100000000000010000010000000000	263248.19999999995	160.70000000000002
11	00111100110001010001100001001000000000000000000000000000000000000000000000000000000000000000000000000000000000000000000000000000000000000000000000000000000000000000000000000000000000000000000000000000000000000000000000000000000000000000	39526.0	53.50000000000001
12	00110110111100101010000110000000000000000000000000000000000000101000000000000000000000000000000000000000000000000000000000000000000000000000000000000011000000000010000010000000000000000000000000000000000000000000000000000000000000000000	93704.99999999999	85.1
13	10110011000111001111101011010001011101001000000100100100101000011100101011001101011011100011101101001011010001111100111101011000000111101001111101101101111001111100101001100111000010100100000010100011011001101010111100100001001101101011	1065323.2000000004	525.4000000000001
14	00011101111011110100100000000000000000000000000000000000000000000000100000000000001000100000000000000000100000000000000000000000000000001000000000000000000000000000000000000000010000001000000000000000000000000000000000000000000000000000	93825.2	88.1
15	01011010010001010000110001001000000000000000000000000000000000000000000000000000000000000000000000001000000000000000000000000000000000000000000000000000000000000000000000000000000000000000000000000000000000000000000000000000000000000000	41574.0	53.10000000000001
16	10101011010101110110000000000000000000000000000000000000000000000000000000000000000000000000000000000000000000000000000000000000000000000000000000000000000000000000000100000000000000000000000000000000000000000000000000000000000000000000	49334.8	57.9
17	10110010001111111111111111011011011110110001011101001111111011110010101001011011101010011101000111110001111111110110110001011111001011111111001011110101010100000101100010101111001111011011001001010001101000111001000000001110000111111100	1181747.4000000001	619.0999999999998
18	10110100101110100110101100101111110110011100101010001111111011000001111011010010111111110101010110111000111101011010111011110001111110010001000000110111011000111011010011101011100111111011010111010110111011110100110011110100101110111011	1317022.0000000002	628.7999999999994
19	10101011101000101100001000110000000000000000000000000000000000000000000000000000000000000000000000000000000000000000000000000000000000000000000000000000000000000000000000000000000000000000000000000000000000000000000000000000000000000000	42371.200000000004	57.800000000000004
20	11110001111110111001100100000000100000000000000000000000000000000000000100000000000000000000000000000000000000100000000000000000000000000000000000000000000000000000000000000000000000000000000010000001000000000000000000000000000000000000	91891.99999999999	92.90000000000002
21	00101100010101101100101010100110110110101110001100100001101000000010011001000001100111101100010111110000000100000100011001001000101110000000110010010101110111111000010011010011001010111110100101001100101100011110110100100000110110000000	927749.8000000006	458.6999999999999
22	00110011001001011010010011000000000000000000000000000000000000000000000000000000000000000000000000000000000000000000000000000000000000000000000000000000000000000000000000000000000000000000000000000000000000000000000000000000000000000000	39591.4	53.500000000000014
23	10001000110100001101100000110000011101111011101101010000101001011111111000101101010111000010001110001001011010101001011110111111100111100011011100000100001001010101011001110111001100000101100101111011100110001100111101010000110101100111	1068456.6000000006	520.8999999999999
24	11000100101100000011110010100000000000000000000000000000000000000000000000000000000000000000000000000000000000000000000000000000000000000000000000000000000000000000000000000000000000000000000000000000000000000000000000000000000000000000	39947.8	53.3
25	01110100010000001001100110101100101010110001100000001111110001011001000100000001000111111010100101111001110110101001010101000111011111111110000110011000101010111011111011001110000000111011010101111101100011000111110001100101111010001110	1124445.2000000004	525.5999999999999
26	01111101100111001011011111111010011110101010001101010100001010001000010010001101110110000110010001111011101011010101010001111111011111110110011100010010101111011110011101001101001100011100010110100011110011111110011010101100011110001111	1172152.4000000006	578.2999999999996
27	11000100000111100100000111110111101110101000110000111011001111000011110010101111010000110110000011101001010011110011010111110100101011100110011001000111111100111100011101000100000100110010001110110011100001110011011011011000011011100011	1073676.8	535.5999999999998
28	11111100011000111111111101101110100111111010111111011011110110100111000110001101000001000101000101000010000100011011011101010100110110000101100011111100001100001111011000011011100110000000110101111110010011100010000110010110011110010001	1074481.0	547.8
29	01010100101100100011011011110111110111101100000101010110011011001101100011110011010100010100011000100100101110100010011100010111110110001010101100111110100100010100001001000100101001101101000010011111001111000010100111011011010101101000	1071484.8000000003	521.5999999999999
30	01100110101011111100101011100101001011011010101010111010101110000000011100111000101101010110011000101010100010101100011100111110011001111011101101100101001110010111001101010001010000100111011110000100001010010111111111010110111111101001	1219136.6000000003	557.3
31	00011111100101001011100111011001011001111010001001110011010010111000011101010101100100010101011000000100101110100010011100100010010010110100010001011110111011110100000100000001010100001111111000110111111100110111110111110010100011010010	1070986.2000000002	518.9
32	11000110111101111010000000000000000000000000000000001000010000000000000000000000000000000000000000000010000000000000000000000000000000000000000000001000000000000000000000000000000000000000000000000000000000000000000000000000000000000000	62197.2	74.6
33	11100100000011000101111101110011101000111100010111010101111001001110110001011111110000101010111110001001111010111110110101110101110001000010111111110111111111110111101011101110100000011001011011010110010000101101111111110110111011001010	1290980.4000000004	617.9999999999997
34	10110000000110110111011010000000000000100000001000000010000010000000000000000000000000000000000000001000000000000000000100000000000000000000000000000000000000000000010000000000100000001000000000000000000000000010000000010000000000000000	141452.39999999997	106.9
35	11001100101010100001110111011101111011110001001010001100011011010011001010101010001001010111111010111011011010111010011101001110110010111010100110000110000100101111100010011100010110000100101000011110101010110111001011111111001011110000	1159649.2	557.7
36	11111000100110001001101100010100111100100001100101110000000011110011011110111110111001011001000110001111010111100110111111110011000010010010011010011101101101110101110010111110001111001011111000110011101010010100110111000100111100111110	1207769.4000000004	568.1999999999997
37	01110000010011001011100110000000000000000000000000000000000000000000000000000000000000000000000000000000000000000000000000000000000000000000000000000000000000000000000000000000000000000000000000000000000000000000000000000000000000000000	39582.799999999996	53.300000000000004
38	11001110001110101111001001000110111001000000101100000010000011001011101011000000001110101110001001101010000001100001001101111110011101101111011100100001000100010000101001000011001010100000111001010001011000101011001000110011110001111110	990911.2000000003	459.8000000000002
39	01101000001101100001010001010100000000000000000000000000000000000000000000000000000000000000000000000000000000000000000000000000000000000000000000000000000000000000000000000000000000000000000000000000000000000000000000000000000000000000	40900.0	53.600000000000016
40	00111111110011011100101100001011100011011111101110001111111000000101011111101111100110011011100001001100000101011011000001011110110100110111000011110010100110011001011110110111101001010011010100101110010110101011101101101000011010011000	1127057.0000000005	573.3999999999995
41	01000001000100111000011101111011100100110110011001110101101111010001100011100011010101000110100000100001111111000110011111111011101011111011111001011001101010110110001110110111011010111101111011010010110111100000010111100110110100111111	1251697.2000000004	582.8999999999996
42	00100000100110011000101001101000100000000000000000000000000000000000000000000000000000000000000000000000000000000000000000000000000000000000000000000000000000000000000000000000000000000000000000000000000000000000000000000000000000000000	42473.0	53.400000000000006
43	11000101100000100011111000001000000000000000000000000000000000000000000000100000000000000000000000010000000000000000000000000000000000000000000000000000000000000000000000000000000000000000000000000000000000000000000000000000000000000000	51482.6	63.400000000000006
44	11100000111001101100110000000100000000000000000000000000000000000000000000000000000000010000000000000000000000000000000000000001000000000000000000000000000000000000000000000000000000000000000000000000000000000000000001000000001000000000	100638.4	74.2
45	10010001101010010110000100101010100101111000110000010111110110111100101101001101001011000111111000101010100101110001011001001100000100000110000100011000101000010000011101011111101001100110010101010000101111010010010100101000101101011111	1008677.2000000003	480.09999999999997
46	01111001010101110111100001000111000111101100000101010110011011011100111110010011101100011111010000111001011001101000001011111001001001000101000000000100110111001100100100110100010111100001001010010110100000110000000111111011011011111101	1093374.4	509.0000000000001
47	10001001010011111100001010001000000000000000000000000000000000000000000000000000000000000001000000000001000000000000000000000000000000000000000000000000000000000000010000000010000000000000000000000000000000000000000000000000000000000000	77982.2	75.2
48	10001100010101011010000011100000000000000000000000000000000000000000000000000000000000000000000000000000000000000000000000000000000000000000000000000000000000000000000000000000000000000000000000000000000000000000000000000000000000000000	39968.200000000004	53.50000000000001
49	01100001001000000010100111000100011111011111111000010000001011000110110101100100111110001101101010111100011001110101001011101010000001100110110011100001011011110100101001000100011110011011101110111111100011001101111111001010101101001011	1155484.8000000003	535.1
50	01101101110100000011011011110111111001001110100000110101000001111000100100010011100000110001010110010100010001100011100111110000011100010010100001011100011000010000011001101101001011101000011011011010110000001110000101111100101010010110	951918.2000000002	473.7
51	01100010010010010011101010001000000000000000000000000000000000000000000000000000000000000001000100000000000000000000000000000010000000000001000000000000000000000000001000000000000000000000000000000000000001000000000000000000000000000000	92656.4	79.99999999999999
52	01001111111011111000000000000000000000000000000000000000000000000000000000000000000000000000000000000000000000000000000000000000000000000000000000000000000000000000000000000000000000000000000000000000000000000000000000000000000000000000	39687.6	56.9
53	00110011110111110101000000000000000000000000000000010000000000000000000000000000000000000000000000000000000000000000000000000000000000000000000000000000000000000000000100000000000000000000010000000000000000000000100000010000000000000000	102689.59999999999	79.5
54	00100000111000101011000011011000000000000000000000000000000000000000000000000000000000000000000000000000000000000000000000000000000000000000000000000000000000000000000000000000000000000000000000000000000000000000000000000000000000000000	41841.4	53.50000000000001
55	00010011110100100100001110001000000000000000000000000000000000000000000000000000000000000000000000000000000000000000000000000000000000000000000000000000000000000000000000000000000000000000000000000000000000000000000000000000000000000000	40658.0	53.90000000000001
56	00000110110011010001101110000000000000000000000000000000000000000000000000000000000000000000000000000000000000000000000000000000000000000000000000000000000000000000000000000000000000000000000000000000000000000000000000000000000000000000	40122.0	52.900000000000006
57	00011110101001011111000010000110110100000001011000011010100111010000000011100001101011101000010110011100000110100010111011110010101110001001110101111000111110000001101000001011011011100000011010001001111010010111000101110101100001101000	990498.0000000001	479.6000000000001
58	11100100110101001111011110101111010101010000111000011101101111010000111110011011000001001111100001101001111111101110111000111001101011111011000011101101011110010100110100001111101110001111000111001101111100000100000010001100111011110000	1160410.0	580.2999999999996
59	11011111010110011110001110111111100100101101011111000100111000001001011100110000111100101111110111101101100011101100111010111001111101110001010010010001010111110011111011011010010110010001101110010111111110101001001101101001111100011011	1246022.0000000002	610.4999999999997
60	01011101010101110110000001000111000010111110001100011100110110010110110100001101100111000010101111001100010010110001100001101000110010011110011111011011110011011001010011101111001101110000001000111010101011110011010111110110011111010111	1194122.2000000002	545.6999999999998
61	11110100000011000011001000101000000000000000000000000000000000000000000000000000000000000000000000000000000000000000000000000000000000000000000000000000000000000010000000000000000000000000000000000000000000000000000000000000000000000000	50206.6	58.300000000000004
62	10100111110100101111100000000000010000000000000000000010000000000100000000000100000000100000000000010010100010000000000000001000000000000010010100000001000000000000000000000000000000000000000000000000000000000000000000000010010100000000	230904.39999999997	139.7
63	00110011011101111010100100000000000000000000000000000000000000000000000000000000000000000000100000000000000000000000000000000000000000000000000000000000000000000000000000000000000000000000000000000000000000000000000000100000000000000000	65682.4	70.8
64	00101010111110101011001100000000000000000000000000000010000000000000000000000000000000000100000100000000000000000000000000000000011000001000000000000000000000000000000000000010000000000000000000000000000011000000000000010000000000001000	171608.0	109.79999999999998
65	01100001001110001100011001011010111001111010101000000101100010001101000000010011010000100001100110110001100111010110101011100011100110000110110011100001011011110100101001000100011111011011101110111111100011001101111111001010101101001001	1135274.2000000004	518.3000000000001
66	00011010010110011100100000000010100110011110101000000001111011100100111100101001110010101010110001100101001110100111011010111000010001011110000110110110000010010010010110010100100100000001001100110110100010000110011010101001101111010101	982522.4000000001	464.1
67	10110011010100011100001000011011001101111101010100100100110000011100101000100101100000100011011001100101101011101101000100000110110010011001100111001001111101110100100011000010011101000001101110010011111110101001001101101001101111101011	1127673.8000000003	508.40000000000015
68	10000111010110110010110110110100001000010101011110000010010110100101111011010010111111110101010010111010111100010111110111100001001101001111101010100110011001001110000111001000101100010100110010110010000001000110101011000100101010011011	1009187.4000000004	519.7
69	10101000110111010101100111001101100110110100110110011000111110111100111110110011010011001101011011010101010001011001110011110111110011111010011100011111011100110101001100011110101000101100111101011101101111101010111100111111101111011000	1362739.4000000001	630.1999999999995
70	11001100010001000111011010000000000000000000000000000000000000000000000000000000000000000000000000000000000000000000000000000000000000000000000000000000000000000000000000000000000000000000000000000000000000000000000000000000000000000000	39692.0	53.70000000000001
71	01011101010101110110000001000111001001001011010000001110011000010011001011000011110010101010000111010100000011010010010100010000101101111001110100001000100110010010010000110010000010000100100000011000011101001000111101111111001110010111	931325.4000000003	435.69999999999993
72	01101111000000001110110110000000000000000000000000000000000000000000000000000000000000000000000000000000000001000000000000000000000000000000000000000000000000000000000000000000000000000000000000000000000000000000000000000000000000000000	48955.6	62.90000000000001
73	11001111100011111000111100110000011001110111001101101000011101101001011010100100001000011010101000010001000101100110010100111001100000101100111000000001101100010001100001011011000111010100111000011100110100110110111111001110001000111111	1033723.4000000001	493.6
74	00011101100011011110010100000000000000000000000000000000000000000000000000000000000000000000000000000000000000000000000010000000000100000000000000000000000000000000000000000000000000000000000000011010000000000000000000000000000000000000	98567.39999999998	81.1
75	00100101100000111110010000011000000000000000000000000000000000000000000000000000000000000000000000000000000000000000000000000000000000000010000000000000000000000000000000100000000100000000010000000000000000000000000000000000000000000000	89400.2	73.00000000000001
76	11111010110000100011110000000000000000100000000001000000010000000000000000000000000000000000000000000000000000000000000000000000000010000000000000000000000000000000000000000000000000000000001100000000000010000000000000000000000000000000	101711.0	89.19999999999999
77	01000111011010110101011010111100011001011011101100011001101111101010001010111010011010111110010100011111101011101001100110100010110010011001100111001001111111101010110010100011000000011101000111001111100111011001111101010111001110010111	1169797.8000000005	571.4999999999995
78	01000010111011101000111101100110100000000110001011010100000101001010001000110110010001010000000111110001111001101010101100101001101000111011010100110000010001110011101010101001010010111010110001111000100110000010100010110011001000010001	908521.0000000002	457.5
79	11000100100110100000000001000000100110001000100001011101011000101101010011100010110001010101101110001000001001001100111000001111000001001110101000000001000011100100011111110000110111010000100011010010010110111011001001001010101000100011	877114.6000000002	417.70000000000005
80	10111111110000011101000101000110011111010011000110001100101101001100101000011100000110111010100111010101001011100001100110000011011011111110000001101110000100100001101011000100000111101010010101100001000011110110010100011100000101110011	967170.8000000002	493.80000000000007
81	11100000011100001011111110000000000010000000000000010000000000000000001000000000000000000100000000000000000000000000000000000000000000000000000000000000000000000000000000001000000000000000000000000010000000000000000000000000000000000000	92944.99999999999	89.60000000000001
82	00010100001011010011011101101110111100101110111010111101101111010011101111110111000001001100111100001101110110001110011100000111101011111011000011110010100110011001011100110111101001001111100011110111011111110111101000100001111011000101	1219872.8000000005	601.5999999999996
83	11100001010100000110010111000000000000000010000000000000000000000000000000000000000000000000000000000000000000000000000000000000100000000000000000000000000000000000000000000000000000000000000010000000000000000000000000000000000000001000	99124.0	71.70000000000002
84	01011011101000011110010100010000001110000001000111011010000101001010101001011000010111011101011100100111100011100110111111100011000100010010001010111000010001100011011110011100110100010101100111011001000000110110000111001010011100010011	978812.2000000004	482.00000000000006
85	11010000111100000010000101010000000000000000000000000000000000000000000000000000010000000000000000000000000010000000000000000000000000010000000100000000010000000000000000000000000000000000001000000001000000000000000000000000000000001100	134881.8	83.8
86	01010001001000101111001100000000000000000000000000000000000000000000000000000000000000000000000000000000000000000000100000000000000000000000000000000000000000000000000000000000000000000000000000000000000000000000000000000000000000000000	43057.6	54.10000000000001
87	00111000011101001011011010000000000000000000000000000000001000000000100000001000000100000000000000000000000000000000000000000001000000000000000000000000000000000010000000000000000000000000000000000000010010000000010000000001000000000000	155006.2	101.3
88	11000110111101100010100110010001011010010100100001001000100101010000011100001010110101001101100000000001011001011111101110001010001100001000110100010010101001100000100101100110101000011010000000010001011001000101010110110101000001010010	817622.0	422.0
89	01101101001000110011011000000000000000000000000000000001000000000000000000000000000000000000000000000000000000000000000000000000000000000000000000000000000000000000000000000000000000000000000000000000000000001000000000000000000000000000	57290.2	62.10000000000001
90	10100000010111000011011001100001000111100110101100110110101001000000011001000110010010001101100110011110100110110100011101100100101100100111000010001010111110101110001000000110100011111001000111010110111110110110101110100001010111011011	1106508.8000000003	501.09999999999997
91	00000000111010111111100010000000000000000000000000000000000000000000000000000000000000000000000000000000000000000000000000000000000000000000000000000000000000000000000000000000000000000000000000000000000000000000000000000000000000000000	40175.799999999996	52.7
92	01110001011001111101110110011111101101010110011100011001111001000010011010101111011111100010111011100001000010110101001010101110111100111100011100001100001100000000110000111110010100001010100100100100111001111010111001100111111011110100	1159840.8000000005	549.0999999999998
93	10001001011111000010001101101000001110000001000111011010000101001010101001011000010111011101011100100110010000000101100011110101000110000000101010010110000101110110110110101000110100111000111101101101011011101010010001100010101100100000	978241.8000000004	472.1
94	10010001101110011101100000000000000000000000000000000000000000000000000000000000000000000001000000000000000000000000000000000000000000000000000000000000000000000000000000000000000000000000000000000000000000000000000000000000000000000000	43795.200000000004	57.89999999999999
95	10111100110001010001010001010000110010001100111101110010110010010111001011101111000001000010000111011000110000010011010101110110010000111000010010110000111010111011100000101100010100110101110000010001010001100010110110000010010001001111	887729.2000000003	454.99999999999994
96	01011100011011001100011011101001110110011111000110111001100000011100001000111110111001011001000011010001110101110101110011001100010100100101010010000001000011000000010000110110100110111100100011100101100000101101011100001001010100111011	986470.0000000003	487.59999999999985
97	10011001101100100011001011110111110111101100000101110110001011011100111110010011101000011000011100011101111011011111100010110010100011000000101000010100001101100000011001101110111010101101111100000001011011010011010001110100011110001010	1043079.2000000002	528.9
98	00111111110011011100101100001010100011011111101110011101000000101001011000110100000000111001101101010100000101111010111011110010101100001001110101001011001111101011010010111100000110010011010100101110010110101011101101101000011010011000	1064077.0000000002	531.4999999999999
99	10101111000001111100000000000000000010110000000001000001000000000100000000001000000000000000000000000000000000000000000000100000000011000000000000000000000000000000000000101010000000010001000000000000000000010000000000000000000000000000	164826.6	121.19999999999999
SOLUCIONES FIN 

0	00011111000011001100110110011000011001000111001010000111000111000110011100011000010010101111011111000100111111010100011010111001000001100011001101000001100000011011010011000100110101111010001111001100100100010100001000001001101111000101	961558.6000000003	476.6999999999998
1	00110000100101111111111101000011100001011100001100011001111010101000011011111100000011000001101010110010000111101000110101110001101010001100100000000010000011011010101000100000100100001011110100010001000000100001010010111101001110100110	879256.1999999998	445.10000000000014
2	00001010111111111000000011100111110101111111111010010001100000101100011100101000011010001011101111110001001001001011011010111100010000110111101111011011111101111011101110101101011001010111110100110101101111111101100110011001110110011010	1291875.8000000003	604.3999999999994
3	10000110101001000011010101011001001101101010010111101100010111111110110100011101011000100010101110101110011011111010111100101011100100101110001110100111110101011010111001111100101110001001011000000110110100101111011000100110001011101100	1137547.6000000006	562.6999999999997
4	01000101000010100100110110110110000100111110000101110100010001000111111110101110001010000100111100000111110100100101110111000010001001001110000100111101010001011010010001110011101101000111011100000111101000101101000011001000101001011001	990382.4000000004	486.50000000000006
5	01011110111000100100111000000000000000000000000000000000000000000000000000000000000000000000000000000000000000000000000000000000000000000000000000000000000000000000000000000000000000000000000000000000000000000000000000000000000000000000	41392.6	57.6
6	10011001010011010100001100101101110011101011000000000111011111101101100100001001000010000101001001010101000011001011000101100101110011110100111111000111010010101010011011001100001011010001101100101000001101011010010101000110010010101000	965667.0000000005	482.20000000000005
7	11001000111101100111110000011111000111110100100111010101101101001000100101001011000010001001101110100110100010111001011011101100000111101010000011000000110001001111010100111001000010100111011000000110101101110001010011010100010111111110	1071171.4000000001	510.0
8	01001111100010011101110011001100110010011001101001000111010000001000110001100010111100110011111111000000101010110100001101100000000001010010110100010010101001101110011111000111110101011011011100110110001110101011011010100001101011010000	1077517.4000000004	509.7
9	10011110011011100000101001000000000000000000001000000000000000000000000000010000000000000000000000000000000000000000000001000100000000000000000000000000000000000000000000000000001000000000000000000000000000000000000000000000000000000000	76806.6	79.9
10	01110001011110011100111001010010110110001111111111111100101001000111101001111001000111111111010100110001010111001010110000000010010101111010000001011001000111101110011001110100000011111001010100111101001010011101011000100010110010000110	1002776.6000000006	534.6999999999998
11	01001001100001001001101110100000000000000000000000000000000000000000000000000000000000000000000000000000000000000000000000000000000000000000000000000000000000000000000000000000000000000000000000000000000000000000000000000000000000000000	40476.0	52.7
12	11110001111111011001000000000000000000000000000000000000000001000000000000000100000000000010000000000000000000000000000000000000000000000000000000000000000000000000000000000000000000000000000000000000000000000000000000000000000000000000	57570.799999999996	74.89999999999999
13	00001011001101010010110101000000000000000000000000000000000000000000000000000001000000000000000000000000000000000000010000000000000000000000000000000000000000000000000000000000000000000000000000000000000000000000000000000000000000000000	51603.00000000001	62.50000000000001
14	11000000110011001111111001010111000000011111010001111111111010100101110000101110111011111010111011001001100001001101011100001001010100100100010101111011000101001011101110111110111111110111110011101100111100011110111101110101110010011110	1287415.600000001	602.1999999999994
15	11101101101011011011000000000000000000000000000000000000000000000000000000000000000000000001000000000000000000000000000000000000000000000000000000000000000000000000000000000000000000000001100010000000000100000000000000000000000000000000	99179.0	82.70000000000002
16	11001111000000111010101011011000110001101100001000101000110011000011001000110010011010010100001011010001101010100110000010101010001101000010100110101101001101010011101111100011101111001111000011110001010100001100001110110011011101000001	1029454.6000000004	481.99999999999994
17	10110111111101111000000000000000000000000000000000000000000000000000000000000000000000000000000000000001000000000000000000000000000000000000000000000000000000000000000000000000000010000000000000000000100010000000100000000000000001100000	176077.40000000002	93.1
18	00101001100010011001100110110000110101110101000001110100110100100001111001100111010000011110011100111001000110111000111100011001011111000011010111110001011001010111100101010101000011000111000010101110111001111110010110100101111010101110	1149137.4000000006	531.0999999999999
19	01101011010011011101010000000000000000000000000000000000000000000000000000000000000000000000000000000000000000000000100000000000000000000000000000000000000000000000000000000000000000000000000000000000000000100000000000010000000000000000	76237.2	70.0
20	01101100011011001101111101001100000011100100010011101010101001110110001111001110101110000010111000000011110001111000010111011110000111100100001110110001111010100111101010001101001100110000101000011101000101111111110010111101101101010110	1134361.4000000001	538.6
21	11111111010100110000001010000000000000000000000000000000000000000000000000000000000000000000000000000000000000000000000000000000000000000000000000000000000000000000000000000000000000000000000000000000000000000000001000000000000000000000	58020.4	66.3
22	00001100101010100111011001000000000000000000000000000000000000000000000000000000000000000000000000000000000000000000000000000000000000000000000000000000000000000000000000000000000000000000000000000000000000000000000000000000000000000000	41011.0	53.900000000000006
23	11000110000101100011110100000001000000000000000000000000010000000000000000000000000000000000000000000000000000000000000000000000000000000000000000000000000000000000000000100000000000100100000000000000000010100000000000000000000000000000	114959.99999999999	84.90000000000002
24	01001010111011010001001000100101101001010101010001110001100100110010100001111001001110010101010010000111010101001010100100101110100010101010101111110011110101011101010110010001000010000100110110000000100100110000001111100111000010111100	975309.4000000001	474.40000000000003
25	00110000100101111111111101000010100001011100001100011001111010111010011011101110001010011101000100001001101011100100011010111011011111001010010110110101101010111000110001000010110101111100011110010001000000100001010010111101001110100110	1025888.6000000001	516.3
26	00110100011001001111010100000000000000000000000000000000000000000000000000000000000000000000000000000000000000000000000000000000000000000000000000000000000000000000000000000000000000000000000000000000000000000000000000000000000000000000	40283.6	54.500000000000014
27	10110010011100011000010101100000000000000000000000000000000000000000000000000000000000000100000000000000000000000000000000000000000000000000000000010000000000000000000100000000000000000000000000000000010000000000000000000000000000000000	81621.8	75.9
28	00011101100010101100111000000000000000000000000000000000000000000000000000000000000000000000000000000000000000000000000000000000000000000000000000000000000000000000000000000000000000000000000000000000000000000011000000000000000000000000	68800.8	62.0
29	11011011111110000101101011100110010111100101110010111110110010100110000011010010110010101000010110100100111111010011011001110011101010000011110010111010010100011100011000001110110111001110110010001101100100011110100011011001111110110011	1175987.6	558.9999999999994
30	01110111000101001001110101010100011010101110001111000100010101101111100010010011001111000010011000001000101111001101100110100000101000011111111110011011011110000000011000110001000011101111001101100010001101010010100100011101010110001001	997230.8000000003	499.59999999999985
31	11111001000011111000110100100000000000000000000000000000000000000100000000000100010000000000000000000000000000000000000000000000000000000000000000000000000000000000000000000010110000000000000100000000011000000000000010000000000000000000	155081.6	109.09999999999998
32	11001101000110111001100010000000000000000000000000000000000000000000000000000000000000000000000000000000000000000000000000000000000000000000000000000000000000000000000000000000000000000000000000000000001000000000000000000000000000000000	55489.399999999994	61.89999999999999
33	00111001010111111000110000000000000000001000000000000010000000100100000000000000000010000000000000000000000000000010000000000000010000000000000000000000000000000000000000000000000000000000000000000000000000000000000000000000000000000000	79688.59999999999	89.99999999999997
34	11111111001110101010000000000000000000000000000000000000000100000000000000000000000100000000000000000000000000000001000000000100000000000000000000000000000000000000000000000000000000000000000000000000000000000000000000000000000000001000	99933.0	85.30000000000001
35	00011100101101110101010010000000000000000000000000000000000000000000000000000000000000001000000000000000000000000000000000000000000000000000000000000000000000000000000000000000000000000010000000000000000000000000000000000000000000000000	61182.6	66.80000000000001
36	00000000001100100011100110100101000000000000000000000000000000000000000000000000000000000000000000000000000000000000000000000000000000000000000000000000000000000000000000000000000000000000000000000000000000000000000000000000000000000000	40516.6	49.2
37	00101001111011100001010110100100011001110001100000111001001000001000001010010100011100001100001110001000001001000110111001000001000010010010110011011000011010011010111110000000110100100110001101110000010101111010010101110001000010110000	874623.0000000002	424.9
38	01110100100100001001000011100111111011101001110110101010100001001010000110100101111000001100110101011111000101000111101101000001011000001011000001110010110000011100110001000000001001011000101011110100000101100111000000110000101010111000	922430.4000000001	460.79999999999995
39	11111111011101101100000000001001110110000000010000101101111000000010010001001001101010000011100001111111000101111001000000010111100111001101010010001111101001110001011000000011111101110001011010000110101011111001000000011111110000000000	947453.4000000001	477.90000000000003
40	00010000011001100111101001011110001001101111010100101001111011111110110001101100011001000011110011110100101011110111110010000111110100000110100011101110000111111000001110111000011001010001001000100011100100101001001111000110001101111001	1087814.2000000002	531.1999999999999
41	00101010000110011011100001000000000000000000000000000000000000000000000000000000000000000000000000000000000000000000000000000000000000000000000000000000000000000000000000000000000000000000000000000000000000000000000000000000000000000000	36677.4	49.1
42	11011011011110100111100110100000000011111010100011100011010111000011100110100000110010010100111110011101101010110000010010000000011101000011010100110111100100110111010111001001001011010111111111111001011100011001110001111011110111011111	1248858.8000000005	551.4999999999998
43	01011111000100010110001111000000000000000000000010000000000000000000000000000000000000000000000000000000000000000000000000010010000000000000000000000000000000000000000000000000000000000000000000000000000000000000000000000000000000000000	64431.2	76.4
44	11010111000010000000101000010010001000000000000000000000000000000000000000000000000000000000000000000000000000000000000000000000000000000000000000000000000000000000000000000000000000000000000000000000000000000000000000000000000000000000	40932.4	54.400000000000006
45	10010010010100111100001001000000000000000000000000000000000000000000000000000000000010000000000000000000000000000000000000000000000000000000000000000000000001000000000000000000001000000000100000000000000000001000000000000000000000000000	91303.0	71.20000000000002
46	11010111101001100111101000000000100000000000001100001000000000000000000101000000000000000000000000000000000000000000000000101000000000000000000000000000000000000000000000000100000000000000000000000100000000000000000000000000000000000000	113900.40000000001	110.5
47	00001001001000001111010101100000000000000000000000000000000000000000000000000000000000000000000000000000000000000000000000000000000000000000000000000000000000000000000000000000000000000000000000000000000000000000000000000000000000000000	39204.200000000004	49.9
48	00001010111110111111100010011100011111110010000110000010001010000111101000110001011100110011000110001011111000010000111100010011111101110101100010010111100010101111000000000111011110110101001100010100101101011001110000110100111000100011	1002592.8000000003	506.5
49	01011111000101111110010110001000010111011101111101101011111011101110111110111000000110000100100001010111110110111100100110100101001001000001001010111111011101010110011001011100111101010010101001110100000111110100111110010010101110010100	1135972.4000000004	571.0999999999997
50	00010010010100101011010011101111110101011111010001111111111010110110111011010000010011001000101101010101110000111110010001101110001111110001100010101010100001001011010111000011000000110101101000110011011111111000100000110110000000101101	982897.6000000004	528.6
51	10111000100111100111001001100010000100001101110100001000010010000000010001101111111001001000111010100110111011011100001001101010100101111011011010101110101010100010010001100010011101011011001101101110010010011011011001110001000000000010	876660.8000000003	474.80000000000007
52	10010101101010011100001100011001111011101011111010000100011111000111110110101110110011001111000100011110111110101000001000111100001010111111000100110110011010011011110010100010110010010100010100100010110101100101010111010010001111000010	1030800.0000000003	534.6999999999999
53	01101111101000011111111001010101011111101100011100011111101110110101100010011011000101111111100011001010111100101101001011011100111011101010010110100110111110110111011110011011100000110111000110101010001101010111001000110111111000011111	1237116.2000000004	611.6999999999996
54	01100110111001111011000001100011001010000110100000100101011101001111011100010001110000110010001000010000110111101010001011111000110000011011001111010110010011010101001111000111011011110100000000010101110100101101110101001011111001110110	1115993.8000000003	506.19999999999993
55	11101100111111100011010000000000000000000000000000000000001101000000000100000000000000000000100000000100000000000000000000000100001000000010000000000000000010010000000000000000000000010000000000001000000000000000100000000010001000000000	224429.59999999998	136.8
56	00010101010101011101110000000000000000000000000000000000000000000000000000000000000000000000000000000000000000000000000000000000000000000000010000000000000000000000000000000000000000000000000000000000000000000000000000000000000000000000	48393.8	59.00000000000001
57	10011101001001011101101000000000000000000000000000000000000000000000000000000000000000000000000000000000000000000000000000000000000000000000000000000000000000000000000000000000000000000000000000000000000000000000000000000000000000000000	42152.6	58.199999999999996
58	11111111000010111011010010101111101010011000101100101100100111101101011111110010100111110010111010111001010000111110001100000111111111000100110111000110000001101001011111011011001111001101011110111011001000100100111011111111011001000011	1191916.8000000003	594.2999999999996
59	10110001010001010001001011100000000000000000000000000000000000000000000000000000000000000000000000000000000000000000000000000000000000000000100000000000000000000000000001000000000000000000000000000000001000000000000000000000000000000000	74283.2	67.0
60	01000110000001100100010110001010010000000000000000000000000000000000000000000000000000000000000000000000000000000000000000000000000000000000000000000000000000000000000000000000000000000000000000000000000000000000000000000000000000000000	42844.2	53.900000000000006
61	11101001010001100101000011111100011010001100101101011111100011111110111011000101101101110000011110111011110000010111001001001010011111111111010010001110111000100111110011001000100011110100111111010010101001100111000111001011011111011000	1239497.0	585.0999999999998
62	10101111110111101001001000010011001011111101011111101000111010111001001011010010100101011111110011001001110111011110011101101011101001011010100000010110110110000000001110001000110110101110001100100111111101101110111111000100000001010010	1032554.2000000004	561.5999999999998
63	00000111001111100011010001001000010101111100100111001100001101000101101100001011010000000111011100011000111000001010110001101101111111010110111110001100101010011110000000001101010001010100001010100011000011000110111001010111100101101010	1021029.6000000004	483.80000000000007
64	01101100000010001011001000011111111011110010100111000100001011001101111100000000000011011000110100000101011001001110100001101100001111010010010000000111011100001010101100100001001011001110011111100010101010110000110010000010010001010100	890590.6000000003	456.20000000000005
65	01100111100110011011101000001000000000000000000000001000000010000000000000000000000000000000000000000000000000000000000000000000000000000000000001001000000000000000000000000000000000000100001000000000000000000010000000000000000000000000	114387.6	96.79999999999998
66	00111111010000000111010111111110010010001111101001101111111001000100011000100100011010010011110011010001110000100011100110011111111001100110011001001010010100010100010111111111000101101101000000100000011010110000011110110001010100101100	1003255.6000000002	515.0999999999999
67	00001100101100011010110001000100000000000000000000000000000000010000000000000000000001000010010000110000000000000000000000000000000001100000000000000000000000100000100000000000000000010000000000000100100100000000001000000000001011101001	356365.4	141.4
68	10111010100011000111000100100101000111111111001101001110011001010010010111101001111010100001101110000010000001110100010001000101011000001010101110011110110110011000100100100111100100100010010000111000010010001011001001000111010000000001	843199.0000000001	459.40000000000003
69	10101101100100100000010100001100000000000000000000000000000000000000000000000000000000000000000000000000000000000000000000000000000000000100000000000000000000000000000000000000000000000000000000000000000000000000000000000000000000000000	48168.59999999999	59.20000000000001
70	10000001111011100111001000000000000000000000000010000100000000000000000000000000101000000100000000000000000000000000000010000100000000000000000000000000000000000000000000001000000000010000000000000000000000000001000000000000000001000001	161234.4	103.2
71	00111010010110011001111111101111010101110101010111000101100101001000000100011110100001000111001101001010001110000011000100100100110110111011100000000101110011010010000001000010111101111101100111100111000000111101110000011000010111000110	969078.6000000003	494.59999999999997
72	11100101001011010110000010100110010110011000000100111111100001110011010011111111101101000111000010010000010010001100010010010111011010101100110110111100110110011001001110011011001100101010001000001110111001110110001001011101001010010110	1014980.8000000005	505.40000000000003
73	01000001100001010100001001011110011000111011101010010001001100100100101001101101011011011011100100110101001110010001010011101010110101000010110111000110000000101001011111110000101100000011101001100000000110001110010100000011100000011111	909959.6000000006	457.0999999999999
74	10001100100000111001000111111110010111011011110100101110110010000011100101100000111001100000111001111001010000101001000001000000011000010101111010001111000101011101001001101011011110011001011110011010110000011000111101101111000010110101	1058713.6	503.00000000000017
75	10100000110000011101001000000000000100000000000100000000000000000000000000000000000000000000000000000000000000000000000000000000000000000000000000000000000000000000000000000000000000000000000000000000000000000000000000000000000000000000	37527.0	48.6
76	00000001111011011000000011001100000000000000000000000000000000000000000000000000000000000000000000000000000000000000000000000000000000000000000000000000000000000000000000000000000000000000000000000000000000000000000000000000000000000000	40967.399999999994	52.90000000000001
77	01001010111111100000101000010000000000000000000000000000000000000000000000000000000000000000000000000000000000000000000000000000000000000000000000000000000000000000000000000000000000000000000000000000000000000000000000000000000000000000	41671.0	56.89999999999999
78	00011011000101110101110001011010101101111111111011010011111010011010011001110000010011100011011111011100111100111011100011001110010100010011110100011110000111101101011111011011001111011101011110111011001000100000111011111111011010011100	1277826.8000000003	611.9999999999993
79	10010001010000111000111100100111001000100110010101001100110100000110111010110001010011101100100111101101100111111101000000010110110011000011000000011001011001011010010011000111011101111010110011000001110101011001000100110010100010010000	955874.0000000003	489.49999999999994
80	11011011011010100000100101111011101001110110100001000101010000101111001111110111011011000010111111000100011100100110010011110011110100111110001111011011010010010010101100101111110011000110111110111100101011011011110001111011110111011111	1314998.0000000005	593.3999999999996
81	10001111101111110011010011010001111001101111110000010111110010001110110000110100110000001001110001101111001010001110001011110001011101110101100001000001011100110010100101111100001011010000110110100010001100001100110100101111111001011011	1122867.8000000003	533.0000000000001
82	01101100011011110011101011000111101011110111110011110011110100010101010111000011011111010011110011010110010011010001011001101111001010110001010011110001111010100110101010001101001100000000101000010101001101111111110010111101101101010110	1144719.2000000002	569.8999999999997
83	10111101111000001011100000000000000000000000000000000000000000000000000000000000000000000000000000000000000000000000000000000000000000000000000000000000000000000000000000000000000000000000000000000000000000000000000000000000000000000000	40817.0	58.2
84	10010001000001000110111100110000000000000000000000000000000000000000000000000000000000000000000000000000000000000000000000000000000000000000000000000000000000000000000000000000000000000000000000000000000000000000000000000000000000000000	42564.40000000001	54.800000000000004
85	00111111011010100000101101111011101001110110001011110010111101111100011000110100010000101100110001110011001011000100010011000101101011100110000100110010000111010000101011100110111010101001110011111000011010110000011100110001010100101100	1024424.8000000002	520.5000000000001
86	11101011010001100101100001111011000110110011110010101100110111111101001011011111101011001111100000101010000111101110001100010111111111111011101001000110001001111111011100110111001010110100111111010010101001100011000111010011011111010000	1239544.0000000002	601.9999999999998
87	00101001100101011001100011000000000000000000000000000000000000000000000000000000000000000000000000000000000000000000000000000000000000000000000000000000000000000000000000000000000000000000000000000000000000000000000000000000000000000000	39491.600000000006	52.800000000000004
88	01101001100101011000111010000101101111001101001001011100111101011011101011011110111101111110111001110100100101100010000011101100010110011110001011111100011101011100011111000000000001010011111011101100111100011110111101110101110010011111	1202795.6000000003	580.2999999999996
89	01010101010101100111001000000000000000000000000000000000000000000000000000000000000000000000000000000000000000000000000000000000000000000000000000000000000000000000000000000000000000000000000000000000000000000000000000000000000000000000	39362.0	54.30000000000001
90	11001000110011110010110010001010110100111010100111001011110101110100011010111011100011001110110001110100010111001001110101001110110010100010100000111100111101111110110001001100000100100010101100101100101110111111000010100111111000000110	1060882.0000000005	535.0
91	10110110001011110110100000000000000000000000000000000000000000001000000000000000000000000000000001000000000000000000000000000000000000000000000000000000000000000000000000000000010001000000000000000000000000100000000000100000000000000000	105410.2	83.6
92	10001010110100100010000100010101000000000000000000000000000000000000000000000000000000000000000000000000000000000000000000000000000000000000000000000000000000000000000000000000000000000000000000000000000000000000000000000000000000000000	41441.99999999999	54.20000000000001
93	10101000101101001011000111000000000000000000000000000000000000000000000000000000000000000000000000000000000000000000000000000000000000001000000000000000000000000000000000000010000000000000000000000000000000000010000000000000000000000000	75935.79999999999	69.9
94	00010001010001010111011100100000000000000000000000000000000000000000000000000000000000000000000000000000000000000000000000000000000000000000000000000000000000000000000000000000000000000000000000000000000000000000000000000000000000000000	42111.8	54.5
95	01110101100010001101001111000110000000000000000000010000000000000000000000000000000000000000010000000000010000000000100000000000000000000010000100000000010000000000001000000000000100001000000000000000000000000000000000000001000000001000	209596.8	126.2
96	11010010000000110110110100001001110100100000111001010101110110001011010101010000010000101001010011110000000011100110111010011110011011100000011011001110001001011000011011001100001101000100000000111011010110001011110100011100101010010101	939464.4000000001	461.09999999999997
97	01111110101101101000110000111011001111100101011111110000011110000111011111010101000000100111010011011001111011010110011001000100110100100111100110110000101010111010100001101011010001100101110101110101011110101010000001000101000010101101	1013816.0000000005	535.3
98	10000110110001011101101100000000000000000000000000000000000000000000000000000000000000000000000000000000000000000000000000000000000000000000000000000000000000000000000000000000000000000000000000000000000000000000000000000000000000000000	43133.6	58.10000000000001
99	11001100101100010011101001000000000001000000000000000000000000000000000000000000000000011000000000100000000000000000000000000000000000000000100100001000000000000000100000000000000000000000100000000000000000000000000000000000000000000000	111771.2	98.09999999999998
