SOLUCIONES INICIO 

0	101011101000011101110101011011011101111100111011011001101011110011110000101000100111010111101001001110001101000010100110010110111101011110110011101100111011111100110110100001000101100001011010111010000110010001000101111001111011110010000	1202541.8	573.6
1	110100110100111010010111100001110111001010010100001111100010100010001001011011010011110100111011000010001001011010111010101111011000101011011110101010001101010011100110100111111000000101100101010100010110011111000001001011001001001011100	1096250.4000000004	520.8
2	011010001000011110101100010110100101010100110010110101011011110000110110011010000010000011101101010101101100010010010100101101011001101111001010110110000111010010010001011010010100100111000000110011110110001101001111010101111010101011011	1157321.8	515.1
3	111011000110000111011101110110001100100101000110111111000000000010110111010010000011100010110001111010111111001000010000111101110011001010100100001011101011001011011001110001100011111010010010001010101101001001100001001100110001100011011	1056671.2000000002	505.10000000000025
4	110001001111111010111000001100100101001110011110010101011001000101100010101000101010111011101100010101110110000101010001011000000100010011010101100000110001101000010111111100111001110111100001000010101111110000100100010010110010000111011	1052428.4000000001	494.50000000000017
5	111011010101010111101010001010010110110011101000110111111110101011010000001010010100101001001100001111000100001101000000101001011011010101000110111011100001010011001011010111001111101101100011010011011011001100000000101010000000011000010	963241.6000000001	497.6
6	011111010101111010001101101000011001111000100110100110111110011110000010011111001101111001010111010000110011101001111000111010001000000001101011010101000111110001000101011110000111111100010000101110111000011011011001100110100010010110010	1106582.8	536.0
7	110000111111110100011110110010000100100101110110100001100111011010100101000011011000101100111001001011011010100110001111011110010111000110001100110111001001011101011111011101100000001100110110101100100101010111110010010001100000001011000	1068805.5999999999	529.5000000000001
8	011100010010001111110111110000000001011100010001010100000101110100101010101111011100110110111001111011011110011000001101100010110011111000011011001101001010101011011000101001101100011101010000001101011011001100101100010010101110100000011	1058816.8	513.3
9	011101101010001000100111100111011100100101000101110000010010100011111000001101100010011110111011010111100101100100101001000001011110110001010100000001111001001111100100110110010000110101011101001101110111100011010111100111001101101001101	1184416.2000000004	527.9000000000002
10	101101010000001110101111100001101010011100101011001000110001011111111111100001110001000111100110111001011011000010011000110000010100001010101111001010100011001100000001111000100001010111010001101010010101111100011110100110011110010001011	1091823.7999999998	509.1
11	101010000111010011011110111011011010011011000101011110000010110001101110111001010111101100110100011111000101000010101011110110011100110101100110111101000010011010000000001110110111011111100001000110101100000010100101110010001110001111011	1161404.6	540.5999999999999
12	011111011101111111001111110001100101001101111101111100101010111100110010000110110111100110010100011111011111000100011110110001111100010100010100001010111100011010100001010001101101000100101010011000010110011110000100000001111111110110010	1204037.8000000003	567.4
13	110000110000000010010001111110001100110000000001111111101000001000100011100011101100001101010111100111111000011100000111011001010001111010001110110010011110010110000010000010001101110101011110110001011011101011000101001100000111110010010	1083758.2000000004	490.5
14	100001010111011010100101001010011101000100110001110000101110000000100000111011001000110010010101010111000001110110100100110010010010010101101111001001010000000110000000101101010100001000011100010010101100001001011011011010111100101101100	1016518.8	453.30000000000007
15	001010100110000001001100100101011101100010101010011011100100110001100001001001110100100011111111110010111010101011111110000101010111101011100100100110000101011010000111110010111011111001000110000011100010000110000110000111100010101011110	1098476.6000000003	510.10000000000014
16	111110111001001001001001100100110000111011011001101100110111100011000101111011011010101111001100101001111011101110100010101110011100010010011000001000101100000110011011001101100001101101110011010011000011001001010010001101101111001111010	1196389.0	540.6999999999999
17	001100010001100000011000001110001001000111011010011011011010001011000100000101100110001000001101010110011100101010100000010000111000110100011111011000010001011000011000011011101100101010011000011100111001001001000111001011010101010101011	1013125.2000000002	446.39999999999986
18	110111110101110101101000100100101101001100110001100011000101100110100000010001111101011100101110111101001000101101001111101111110000010101000110011000011000010001011101000110111001000111101000010101100010010000001110011100010110100010011	1019567.6000000001	500.9000000000001
19	010011010001010000110001010001111001101010000111100001011001111011010000011111111111010000000010000111111100110100101011011001001011010111001001010101000101000011110001011110111111101110110110000101110010010011101111101011111111100101000	1286435.2	554.8
20	110010000100001111010110111111000011000110000110100010001011110001110110101101111000000011110111101011001101001010100101000101101011000111011000100000010000111000010110110001011001111100000010110110101011101011110101010110110010100111000	1124978.8	515.1000000000001
21	100100111000111101011100101110000000110000100011100011001010110001011111110111000101101010000011100011000100111110111111101110111101110010000010001000001111010111011000000000010011010011110111010000100010000111100101101001000110001010001	1021295.8000000002	502.50000000000006
22	010001011110001111100010011000101111111011001010101001110001010101010110110101110101001111001110101001101101110001110000110100101010111010110100001010011110000011101000110111110001010111100100000011001101010100001000010111011100111000101	1115623.4000000001	533.3000000000001
23	111011110111101011100110001000111010010100010110011100001011001100000010000111010100010100000100000111000110001100110110111101101010000100011110110100110011001011010000011100111011100110101000001111010000001101101011111000011010111100111	1124021.7999999998	505.59999999999997
24	011010011100001010100110110000100011011110001110111111111001111110000011100101101000110100111011010110111110111000100001111100001110001011000001111011110001111000001100101010010011110100100110010110110010111110011010011001010000010101101	1110953.2000000002	544.9
25	011010100001000000101000001101111110000101110001110011111111011010010010011101111011001000111111001011011000101100011110110011110101000001010101100101010110000010100011000110011000001011111111000000010111010101000111100101111001001110001	1120931.4000000001	522.0000000000001
26	101110011001011010100110101010010101101111110011110001101110001100001011111110011010100010010101111101010011000010011011000000111001000000011111001010111011010001111100001110110100101111010111010100110100000000111111100100001111000110100	1146775.0000000005	538.5
27	100101111111000011101111010000010101001111011001100110101110110001011000011111110010100001011001010011110001100010010000110000001000101011110001011111110111110101101001010110011101111011100001000001011011110101010100101100010110100111001	1182540.0000000002	543.4
28	001110010000011010111100110101000010100100011100010111001100100011000100010111001110011000101110010100110000011010100111101101110111101100011110000011011100001100111001011100111101111010100010001110110101101111010011111010111010110010111	1228174.0	540.1999999999999
29	101001000101001100111010010001000100010010001110000011100000111011100010010000111101000000101110000110001110001111100000111010000001101010101101011011000100001000111100010001000100001100011111010101010100000000110000011010100011110110010	969693.4000000005	435.3999999999999
30	100011101110110100011010101001101100000000101001001111000101001000011111101001100100011011010100101000001001100110001001001011000001110100000011111001011010101010010101000000101111111100001101100101011010111011001001000101110001010011110	1052162.2	480.79999999999995
31	010011101110101001000111000011010011100001011111010001011100000101111011100100010000001100001110100111101000111010000001010101101101000100010001000100000001110100011111011011100110110110100001101110000000011011110000000110111100111101011	1114793.8	485.3999999999999
32	010011010111000111001100011111011111011101111011101011110001001101001101101100111011011111111010111111010101101010101110010100110101000001110000010001010010101000111110010110001111010110100101000000110110011011100101110101101111100010111	1236308.2000000004	582.8
33	110010110101110110011101110101010111111100110101000011011100101100101011010100001111110010101110001101001111011101000111101100111100011011100111011111010001111111010100101101011110011111100011101110110001001110001101100101110100011000001	1224548.3999999997	606.7999999999998
34	100110010110111100110100110001001110011111110100010011001110010000111011110110101001101000000110011110110111110011001000011010111011100011000001010001010100000110011011110100111100011111011010111000110101001110000000100001111111001001100	1156428.8	536.8000000000001
35	100010111000011001000011010001011011000000010001011011101100100100010001111011101011111111001011010001111110100011011111011111110001000110011000010011101000001101011011100000011110100000110111011001111111000110111011110110000000001010000	1058931.2	524.4000000000001
36	111111101101011000111100110101011101010010000010001011101001100111011100110001010100010101111001011010010111110000101111011000101010000011100100110101010101000100000010100000110101010110011101001101010110100010101111110011010010001000101	1017518.2000000001	513.5
37	001010010010000100001011000011011100111100110011110110111100000101011000011111111001001010110010111101110000000010101101010110000001001001001011001110111100111010111111100101001000011001110010110001010000101110000011101100011011011010010	1114898.0000000002	505.49999999999994
38	110110110100010100010100011110100110111111010101100111110111000001000100011001001010001000011110000000001010000001100110110000110000110111011010001100100110001001001011111001101110100111001101111000101101011100110110011110101111010110100	1193095.2000000002	515.7000000000002
39	000101011100110110110010101001001001001110010011001100101110000010010010000110010011111110110101001000101100100110011101111010001101101011110101110110010000110010110001011100000100001010111100011111010010010111011100011100010000000101101	1004512.4000000001	496.59999999999997
40	000110111010101010010101111110111000001111010000111101000000000110010011101100001101011010101101011111111111101111011111010110000011010001001100110110001010010001000010111011000001100011110110111011111011001111000011000110111100100011100	1183341.4	552.3000000000001
41	000110101101000110101101001010000100001000111111110011001001110100011010011011001011101011100001011111001110101000111011010011110000101010110010101000001100001110001000101001111001001011010010111110111100101111101000011110011111111011010	1282060.6	542.6999999999998
42	100001010100011110011100011110000010101000111001000000100110000001010001010110101010001011001010110110011011000011110010000011100110010100000010101011010101000100011010000001110010000001010011101011010101010010110110111001101100000010110	944533.6000000001	443.20000000000005
43	100001010000010011110000011000111001101001100011001001100001110000000010101100001101011100010010011100010010110010010000100011110101001100011011111111110100111010011101000010111110101111010000010101101110010101110000111101011010110101110	1151022.8	493.40000000000003
44	111000011101101000110001011000100011101111010010010111010010100011101011110111010100000101101110101110110001100011100111111000101111010010001001011101000110001111100111101111000110110101110111010101010011000011111001110011111100111110000	1308963.4000000001	580.8
45	011011110101010101011101100001000111111110101100101100011000100110010000110110110100100000000110110001011001011100011011110010111011110100100111101010010110100111010110011101111100011110010100010100101101000110111010001001110110100001000	1113577.8000000003	536.4000000000001
46	100100100111000011100111001000000100000011110001010001101011010111001000100010000101001110100110111010011100110111101111100001100111000100111000011101100010010011011110111100011000001101001110101100000101010001001011011110111011011010001	1138723.8	504.80000000000007
47	010100100010110100110011100101001010001011101011001101110111110001111001110011010101100011100010011100101101011011110010100110001011111010011010011111001010000001110000011001110010100111001000010100011101001100011010010101010110000011101	1065097.4000000001	519.3000000000001
48	011011101001010010010101110111010000001011001110110100110001011011110100101100100110010100010000001000001011101010101011101001110000101110010100001110011110110100101010010011001001111010001110000111001001110101000101101000110110000010011	1012055.5999999999	489.2
49	101100001010010001110110001110000100011000010110100110010000100011100111110000000100110101000100100011001001011010110111010011000000010111000111111000110111001100011110110101101101111111000111011110000101001110011111010111101101110101011	1247847.0	523.0
50	000111100010111101001001000011011000010101001111001010001010001011111111100101010101110000101100001101101010000111101101001001100101001101010100010100000110111100000011010000001111111000101001111001100010010101001110011101000111101101101	1130739.6	502.0
51	011100001011111100000011111010100110000001001000011100011110100000110110001001100010101000001100010111000000101001000011011000111001100111000010000101111101110101011100010000101101010001101111000001001100110000011010001011001010000000010	887198.8000000003	444.9
52	100010001010101010010011101111101001110100000010100100110011010100100101011010101101011110011010100011101100001000011111000001101111011000110000001110100111000110010000000101010111011100100001000111110100000010110010001011010111111111000	1163670.8	501.0
53	001101000100001010101000110110101011110110010100010110000110101111001010101011001111011000111110010011001000100001010011111001011010000111111100000110001110011010000010100100000101001001001111010001101000010000111101011011101000101111111	1104454.2000000004	497.10000000000014
54	010100101100011111000111001110000111101100100101110100010110101010000011101111011000100001100000101011010000000011101000101100111011100000101100100101101001001110001100110110100001111011111100101011011001100001100011000000111000110011101	1087772.0000000002	498.50000000000006
55	000101011100111010000011111101111111101001010001100101011101000110001100111110011010101100010110011001010101110111001000001100011101101101111100000001001100010011111011010110000000001010000101111111010101100011110010010010001001101000011	1054555.6000000003	518.4000000000001
56	101100100100111000100101100110011101000001001011001000001001011100111010011101000101011100101000010101110010111000010010001000000100010100101100010100010100010011110101111101110011110010101100110011100000100100010001000010000110111011010	1047789.2000000002	463.00000000000006
57	010111111000000010111101110111001110101001101010011011111101111100111000110101110010011001111001101010000010011000010111001111000100010100100000110111001000110110101111011001111111011111101011001101111110101011111000100111001110110000110	1264009.2000000002	583.3
58	010011101111100101100001101100110011100000110111111100101000001001010010000100010100011110110010100101001111010000111110111110001001111111010100111011010100111001101001000110111011010010001011011101011111001011001101101000100010001000010	1062785.6000000003	532.7
59	111011110100110001011110011100100010111000101101011111100001000101110100100001101010011011010101001001100101010110010100100011011100101010000101100010000100001111001101000001001010110001011010001000101101111110010010101001010111101011110	1127031.2	504.70000000000005
60	101101100000111101111010011100101010110100010001111110011010001101000001011001110111010011001111100101001011110101011001010010011001110011000101000010101101101101011001110100000100011011110110010000000011110101011100010110000100011001011	1050754.0000000005	516.0000000000001
61	000111000101100100001101001011001011011110001100110100010010001101000110001101111010100110110111101001100010110101010001111111111111110010111111011111101011001011000100111011111100111000011101111110010100001110101000110111100011011110101	1289171.5999999999	583.2999999999997
62	000010010100011101011100100111011000011110011110010110111101110111110110110011110011111110000001101110110100000010101010011001101010110110001000111110011101001000101111101100110101100101011000001100010000100101010000100011001101010101101	1113641.8000000003	530.5
63	010011001011011010101011100100111001000101010101111000100101110111111111100000011101100101000101000110100001111011100101111001100110100001101101010000010011100110100111100111111000010010111111000011101001110101001001100001101001001011001	1134890.6	534.3000000000002
64	110110101000000000110100011010001000101101110010110001111001000110010111010111100111100011011110010100010110000010111010001100101001001001101011110010111011110100111100110111011100111011011010100111111011000101001000010100111101100000010	1124536.4000000001	525.4000000000001
65	111101010101010101101001110010011100101100100001001100100100111110011111100001101010011101000110101010110000100111110010000010101011101110000001111010111010010001110101111011110101100111110000010101111111101101111101010110110001111000111	1238815.6000000003	564.6
66	100111000101110101011001111110101100000110011011111010011011011101100100110111010111100101001110001111011101000001110001011111011011111001010101101111000101000110110111000111100000101111111101010001101010111011100111011100001001010001000	1189511.2000000002	586.9999999999998
67	110001000011001001000010101100101010011000010100011110000010111010101111001000111001000110011101001010001001101100000000110001101000001100001011101001000011111110011001001011011011110000001010100000111110000010010000010000100100001101101	921569.7999999999	433.20000000000005
68	100101100001001010100000111110000110010100110100111111000100010001110110101110101101111100100010000100100000110001111111110001101011011100100000100100111100111001100100001000010100110010101010100110010110110010010001110011001110110011100	1111389.8000000003	496.4000000000001
69	001111010101000100010111110110000000111010001100011011011011001100011011000010011111000110110101110001111110111000010011000100111100111100000001111100100110100000010110101110101010111101010000011000000001111101001100110101101010010001110	1051734.0000000002	504.0000000000001
70	001011101001101101110101101110011010110010111011011100101000001000110100011010100001111110001100100010011100001110011011111110101011111111110011010111110001110000001000001100100011100100010110111101101101101111101011011110101111011011000	1306064.1999999997	582.6999999999998
71	011001001001101001011111001110100001010001001010110010010000100111001111011010000110001111111111010010110010000100101000011110001001000011001111001111001011110111001101100100100110111101100100111101010001001001110111110011110010001110111	1167988.6	527.2999999999998
72	001011010000000110101111010011001110000011100011001111010110111101100110100001001111111010001100101111010100111011011010001111111110111101001100000010000000101110000110000100010010001000011100001001111101101101110100011101111100101000000	1074248.4000000001	520.4000000000002
73	111111111000101010001111000010100100010111000100010100011001100000010101101010000100000001100000001100001101011110010111101111111010001111111101000111011001111000001101111100101000101000010001001100110000000101001100000000001010110011001	979531.8000000002	469.40000000000003
74	001100111101010111111011101000001110100111111110011100011001000010011000011000101011001000110110111010010011001111011010101101111000011100100110101000101110111001011110110000011100010100110010101001011111110010000010000001111000101011101	1133661.4000000001	536.5000000000001
75	110110000001010010001100010010110000010001001101010010100000001101001010011001101011010111101110010100001100011001011001111101111110011110111110101000000011101000000001011011000100001110110001110000011010000111011101011000000011010010001	976679.0000000001	467.8999999999999
76	011010000111010110110010001010011101011101000111001110101001001110011011011110111000011001100011001110001111010100100101101001101100010001100000110111110001001111111011011100111101011110100010100101011100111011000001011011010101110011000	1230000.6	559.6999999999997
77	011001000001011111001000101011101111001111001010100000110101010011100001001111110101010101000001010100100011111111101000111011110100100011011101110001100010010110010101110001001111011001100001111010011001011101110111011010001010111000111	1170029.6000000003	538.8000000000001
78	111001110000011100000011010000011111110011101100010111000010011111111001010110000010100011000000100111100101011010001010110110010110100000001110101111101010001011000100011001101001001111101100010000110101001001100001011100010110010010001	1008840.4000000001	487.2
79	000110011011100000000001111001011111111111000000000011110111100111110100001010101100111100101001010110001001000011010110101110110110111001101010000101000111001001110100100000011000000100000100111000000000001011001100010011001000101000001	878644.2000000001	459.19999999999993
80	111100000110111111100010111000010101001011001111011101110010010001000010100011011100101110101101010001000101001010000110011010111111010011101111001001110101011101101000110110110110010001111101111100011010001101010001111001011100001101100	1188931.8000000003	554.8999999999997
81	101001110101000001111010100100111101110000001111110001000100000011100101110000100100000101010010001000010110110001100111101111111001010110111111110010110110000010010001110010011100011000010000101111111111010001111000110110010111010010110	1115037.0000000002	509.40000000000015
82	110001001011001110001101000010001000101101100110011010101010101101100110100010011111101010010110111100100110001111111011111111000010011000101101010010010011100001101110000010010100000111111000110111001000110000011111001110010001111101000	1135818.8	524.6000000000001
83	001000001100111011000111011100010100111111101110111101110000010010110001000111100111001001111011100011011001001010111010010000110000110000101001111100001101100011000111011101010100100001010010111011001100010110010110011100101100110111101	1175058.4000000001	525.4000000000003
84	011001111110111001110000101100001111000101011000111000001110011010011110001100000011001110101110100010001010110011101001101110111001010001000000000110010110001111001000010001001100101111100100110111010000101000000100001101001001101001100	992777.0000000003	479.3
85	011110100011100010110000110011101100000111101110101100110010000101011111001001111100010110010100000110000101011000111110010111110111101110001010111000101111001010011001100010011011001001111010001111111101101010100000110010101011001110010	1185356.7999999998	544.9
86	001011111011011001101001110110111100100001111110110111000110001000111101111110100010101011011110010100110110000011000010010101010110111101000001110011001011101100011001100011000101011001010100001101000000000100001100011000010000100010011	919116.2000000003	496.5000000000001
87	110010111000011011010000010000110000001100101101001100110000000011010011001010100001100011100011101101000001011010100100100001000000111100100100100011100011100010100110100010011001000111101000101111001011101111010000110011001000111000010	963448.5999999999	439.3999999999999
88	010100001110110011000010111011010101111100110010100110110001101100110010111010101110000110011101100000001100110111000111010110001110111110001111110011000011001011000011000100111000110101010010101010110100111100010000001100100110100000101	1012468.9999999998	510.6000000000002
89	011100111000011111010010011100000001110010000010101000100000111011100010100000001100011010001111010000101000101010001000010011101001000010101110100110001001000011000000010011110000100010011110011001011000011110000000101111110000001101101	912784.9999999999	423.69999999999993
90	011011101111110010011110111001000101000011001101001001101111001111001101100010110111110011100110000100011110001100111101111101100001001110100000001111010010110100000110100110101011101011001011111101100111101011011011111111101010110100010	1261787.0	582.1999999999999
91	110111011111001001101100111111110001111000110010000110011001100010011110101111001001111101010010001000101000011101101100000010001010001110001110010011110001011011111101011101101001111100111111111010110000010101001111011100110000111110110	1245701.8000000003	569.1999999999999
92	011101011111111100000110011110111000000010101011110100111011001011100011101110110011010111010000101100000000110000110101010110011110000000111010010111000011101111101100001100100101100010000000110001110101001001101111000110101101100101001	1112368.4000000004	523.3000000000001
93	100001100111000010111111101100000111110100111101010000011010001101000010001110011111001011101010101000001100000001000010111001010011100101111010011001000011001111110001100111111101011000101000001100111111111010011100100110111111001100110	1206569.8	531.3
94	010010110101010111010010001000011010100100111000011011110111101010001100111000001000100010000010101011101000001011101011101011100011011000011001111001011010011010100010010011000011000001001010001111110110011001101000111010100000110100001	988077.0	477.5000000000001
95	100001111010111111111000111110111110101111010110100110011110011111100101001101100101100001010010111100011111000111100000010010001000111011100100101111000100010010110000011110110000101111101001101011010100000110101010001111011110001000111	1128835.2000000002	555.4999999999999
96	111101111100000001100110111010101001100001100011010111110010111100010111011101100111010101010101110001010111000110101110000010110011011000111111001000100110100010000100010100011111001011100001011011101001101011111100101111110011010001101	1171038.4000000001	552.9
97	001000111111010001100010111011100001010111000111011111111111110100000111100000011101100100001000011011100011111100001101101100100011001100011011001000101111000111011010000100101100011101100111110000011110000101001000000001110101100111011	1118796.4000000001	521.3000000000002
98	001110110000101010100111011001000010001110010010011100000111010100101101000111000000111100100111011000111101011111101000011000111011111111111111010010011001100111101011000000011011010100100100100000101111100011110010011111110001100010101	1107133.6000000003	528.1
99	011011001111111010100001101101010100010111101000110110111001110101010111110010001110010011101001100001010000010100001001101110100100011001111010001001100010101111010111101010111010111000101101001011000001011010011000111110110101001001010	1121074.5999999999	533.4000000000002
