SOLUCIONES INICIO 

0	100110010000011110100011010001011010010110100100001001110100001000001100101110000001110100101101100100110010011110101010011110000111101001100010111010000011010101010010010011100100001000101111000010100100001011110100100011011101000100	1074258.1999999997	454.80000000000007
1	010011011011011000111111111011000111111101010101111001100000110000101010100101011001110111111001000110000010110010111111011010001111000001011110010010100110100111010101001101010011101101101000000011100010111110101100001101111100110100	1318485.6	555.9000000000001
2	001010010101001010110100111011110011011010000101111001010101001001011001010111111001110100000011111111111101001000010001100111111110010110101111000111011100110100000100100101010011101100000101111010011110011011110000101010001110101110	1297565.4	545.8
3	101001010110000101010110001101000011100110100010001010110011000010101100110000001010101100000101101100111101100111111101110000010001010010101111001011101010110000001011111111010001110001011110110101011100011011110100011111110111000100	1286550.4000000001	516.2000000000002
4	100000001101101011110110101100101001110010101100001110010111001001010111010011111101001111000001101101110001100000011000110101100010000101000000001101110101000110010101001000011101100001010100101110100110101011100010000001001000000000	977631.3999999999	456.6
5	000100111111001101110000100110001010000001101110100100011111000100101101011001011100110110101011111111101110101011101110000110110111010011100111111000100101100111111011111110110110110001100101111110100101011001110010111011100011111010	1470690.0000000002	593.8
6	011000010001100011100101100000011010110000000110000111100110100001000110101100101000110010001001111101001010000001100100000110010011111011000001111000110110110010001110101101010111010110100011000110010110110001100011110111100000000011	1061413.2000000002	452.3
7	010100000100111000101110011111110110101100100001110111110010011111000100011011100000100110001010111000110000101001101111101010011000101100110100001110100111111011111111111101010110011111001000011100011000001111010010010000011010001101	1239330.9999999998	530.5000000000001
8	001101110110101000111011111101111110010111011011001000110101011110111110101100110110000111011100000101111101001010100001111011110100111101101000111111001100001010100010110001110001001110100000001000001000110100101000001010000110101110	1160765.2	535.0000000000002
9	111110100111011110111111001000011000010011111011110011100100000110010001100001001011100110101111010111100010100110001010010011101111001010011001010001100010010001111110010001111100011110000101001111000100010111100000001011100100100101	1144840.4000000001	514.1000000000003
10	111001011111000101000011001101011101100110011111100111100100101001010010010100011001111001000111101001111100110110000111010001111011011101000010110001010000010100101001101111110101010000001010100001001110011101100111011101000111110011	1264644.2	530.6
11	010111101000101110100101010010101000100001101111101100101001100100100101111111000000101011011110011111111101101110011101100011001110110100101111110111110000010011000011110001011001011011101001101111010111111101010011000010111001000111	1324445.8000000003	565.3999999999999
12	100011001010000010000100000000111010010000011111011010011110101111110110101110011000000010011110110011111101000000111010100100000110100101001010010011000100000101000111000111111001000011010100100111011111010001011100000100010000010100	1033435.0000000001	453.7999999999999
13	011110010010111111111011010011010010001001110110001011111011101101010111101001110100000001100101001000100010100010111100010010011000010111100001100100001001000010010111011010010011100001101100011111101000000001010011110111011010100100	1150155.6	497.0000000000002
14	100011111100001001111111000010011111111011110001000000100100001111001010100011110100101101010010111011000011110101010010110100010011010111001100000010101001000011001010001000010001000011100001011110000011001011010011110101100000010111	1061609.2	476.1000000000002
15	010001011000101010011011101001011100110011000110011111100011110111011001101011001111010011110101000100000110011100100001010010111011110111101100000011011110111100000010100101000101011100100000010110111101000001011010001000111101111010	1284333.4000000001	524.8000000000001
16	001111000000011010100110001101101101110001100100000101000000110011001101100001010101110110110100100000111110000100100000010110010010101011011110110011101110000000011000000111011111011000001111010010001001101000011000000100111100100010	1067790.5999999999	453.0
17	001111011001000010000000000111000111010000010001100111011011111100011010001101110111111101101111111010110010011001111101000101011010011101010101011010101000010011111010111111010010101101100001011011101000011110101111001010101111101001	1403918.2000000004	561.5
18	001011001110001000000000010101111011111110010001010101100000100010100011110111000001111010010111010010110101101010001100100011101010001110110000011100011011000101011010011111110000010100000010101101001001100000111110110000110000001011	1079632.7999999998	468.7000000000001
19	111001001011011100000110000100001011010010000000101011000000100010101100010010010011010010110100100111110100010110100111000000101000110110000110101110111001010111010110111001101011001001101101101100110111000010001100110001001010100110	1107488.0	459.7
20	101010110111001011111000001001001111110011010010000001010001111101010111000101101001011110111001010111001110100100000110010010110000101010010101000000011010010100101101001011011011110101011100001010101101000011101101101001110001101011	1242332.0000000005	512.9000000000001
21	011100111000011100111011101110111100010010000011011011110100000001001010001010100111000100111110101100100110100101001101111011101110010111000010101000000010000010111101000011000011100001011110110111100110100100100011001110001101100011	1164772.4000000001	500.40000000000015
22	010000011100111110000010111000001111010010100110110010011110101000111000101110100101011101101010001101000100000101100100011011000000101001011011001000101101110110111101101011001110001110101011101011110110010000010010010011010000010010	1126095.9999999998	489.00000000000006
23	101010011010111110111100001111100010100000110100110100010010110110010111111000011100011011101000010110010100011110101000001100110110110011000011010101111111010011110110111100000001100110001000001000101101010110011101000100000000110000	1086940.2	499.10000000000025
24	011001001000100001001000101111111110000101011110000011100001000111100001010011011011101110110111010110111000000100101001000100111010010100100001000011101101100001001101110101111111000011011111001010110101101010000110101100100001010100	1175678.2	498.70000000000005
25	010001000010100011001110010011011011101101110001001100100100000011010101011101100110000010011000011111111100101011011011101011010000010101110110100110011111010000011101010110101010100100100111110111001011001011100111000011111011110001	1353555.1999999997	533.7
26	000000001110110110111011110000000010010101001101100101100001100010001000101001110110000100011110111010111010011000110110110011100011000111010101111111100001010110001011010000101110110100110011101010010001101011111000100100110001001111	1190285.2000000002	495.5999999999999
27	001011100001101011110011110111100111111110001111101100001001011111110101010110101111100111110111111010010001011011000001000011111000010101100000011111000001110011111111010011100110010110100010001111001110101000000001011100100010011100	1251909.7999999998	558.8000000000002
28	011100001000001110010000000110101111011101001000011011001111111111111101011010001001110101001100100111011100101001001000001101111001011000111100011001011000101011001011101001110100001100010011010100101010110010001010101011001110011000	1218812.0	513.8000000000003
29	001101001000000101000011100101101011010010010000000001001000111010000011001101000010001001001000101100010001010101011100011011111101101000101111111010111110101000100100010000001000000110101101110101101101011111001110110100000001100110	1077966.8	450.5000000000001
30	100001100100101000110111001001111000001100001001110000111000111111110000110110110010100101001110010101010100011100100111101000010101111110100101111010111010011100101110101001001101010000011010111001010011001110110001111110110000011010	1245343.2	521.1
31	000001100101001100111101000010000010100011010100111000100111011101011011111000001110110011101010001001010011111010000100000001111011111010000010110100111111011011001010011001001110000011101010101000000000101111100000001011110100110101	1170485.7999999998	484.3000000000002
32	010110000101000110001011110001101100111110100010100011000101111110101100110000100101100011110110101001001100011110010011101101010101110101001110111001100110011001111011111100011100100011011000000011001111100100001001011111110101011001	1317646.8000000003	538.0
33	110010001101001000010110111111101011100111101111110010001100111000000001110101100111011001100101010110111011110010100010110011001001100010000000101110111110110010010011001001011000010001100101100000101011000101101001111000110101101100	1214483.6000000003	513.1000000000001
34	111001011011011011111010100110011111110001011101110001010101110001011100011100000101100100001100000010110100001001111001010000100011011001100100000011101101000010011010111010000111111010101101011001001110010000100001111101101101011011	1241677.8	512.3000000000004
35	010111001100001111101000010100010011000110011101110000111010110000101011001000011011000000011011101000111010101011000011100010111001110111110010000001010011011001101110010111001010111100000011010100110100110111011001011101000000001011	1113420.0	488.4000000000001
36	011111011100110011100101101010001110011000110010111100111100101101110010110110000011010101111101111000011000011111001010110000110111001011100000011110011111100110010001011100011011100011111101111111010110111000010011101101110100101101	1396910.0	581.6
37	001100111101011001111010111110011111011010110010100011111101000010101101100001100111010011000001010110101110001101100110110111101111010111101010010101000010000110101111100100001010100101111010100101010101010101110111110101011011100001	1327890.6	565.0999999999998
38	001110111011000001110010011101111100111001100010010010010101011111011110011001100111010001101010001111111111010100111011001101100001100100010111111100001110010111011100110001100110100101101111001001100110100101100101010011110100001000	1280327.4000000001	559.2
39	000111110010111100101000011011000100010011001101111110010110001101110010111000110001010101000010000000010111100101101110110110001101010110010011100011010100011100101110100101010101110011100010000010110011001000101010111010101110010101	1196278.6	501.00000000000006
40	100101101010001000010010001001000111100110100001010000010100010000010110100100100001010111111000101111001111010111000010010110100100010011010110111101111010110000000101100110001100101010101100011001001111000010111010111100001000100101	1074230.6	459.4000000000001
41	111101111101110001000011111111011001101111110001110010001011000110110001001000100000010111100110111011111011000010011000010000110110100010001111110000111111111100110111010111101011110011011011111100011110011001111101010000011101111011	1448568.4000000001	586.2999999999998
42	001110111111100001010011010010010100100100100000111100010111001010011010000010111010000101110111000010011110111111011111111111010101110110000001101100110110110011010111111001101100100101101011010011111010010010101100011100110001100011	1286101.2000000004	547.4000000000001
43	101100000001011001111111111100011101011010000011000110101111001111010011011110010110110010001100000100100111100100101001100110110001001110100011101111010001000011010001101011100111001010110000111011010001011011010110110010011111001011	1286524.2000000002	530.3000000000002
44	001100111111001111010001011010010010000111100000100010010110111100101110101001011001000011100100101110011110111100100000001100111111010001100010011001000001011010100010100001110001000001001100110001011111010011001101001001101110010010	1141794.1999999997	482.50000000000017
45	100010110100100111001011001110100101001111011110111100000010011111010011011111001011101011100001000011101001010000100110100110000000111001011110110010101110100010000111000101100101001010100101000000100100011010100111000010101010100000	1088860.5999999996	487.60000000000025
46	111000100010111001000101010010001111111110100010010001101100011001011110101111111000100100100010011100111110111111001000101100011011111101000101110111001000001111111111101111010110000010111010000101110111010010000101011011111011000000	1321893.2000000002	558.6
47	110011010101011000011110101110001011010011010010110011110011100001110011000110101111001000101000111100000010011101001010100011111101100101001101110000011101111111110010111111110001011111101010001111101011011011000101001011001000111000	1340665.4000000004	561.3
48	110001001100011010010010111000110010110100110000011010001011001010101100110100101010011101011101010101101111100111110101011110111001010011101010101100111000111000011011111010111111011011011111101011111110010110001000010001101110010001	1356889.2000000002	564.0999999999999
49	111000010000011001111010010000101110001001011000010100110010001111100100000011001001101110000001100111010100100000110101001010100111011011101011101010100001101010101101110001100000111010011100011010100111110110011001100011010111110010	1242940.6000000003	491.99999999999994
50	010101001001000000101111110100101010011110000001000011101011000101011010001111011110110011101000110111001010010110111110001101110111110000111111101011010111101011110110100001000111111100110000110101100010011011101010011001110000100101	1263929.0	543.9000000000001
51	011010011001001010011100001101001011110011000001010111101100100100111101100110100000100001101101000010011001001010100100101010111010010010101000001111010100101010100110000000001111110111001111100000011100111111110011100011010100111111	1245333.0000000002	494.7000000000001
52	010100010000110000110101100001011101001110010111101111010110100101100111111110100000011101101111010100100100010010001101000001010010101101100000001011111001110000100101010011100011101110001000101001101010100101011100111101110100001011	1191610.2000000004	497.30000000000007
53	100100010000100111100000000011011001000010111001110010101111000011001011110010000101110100001001111010101110011100011001110011011111011111111000110011101011100000110110110011001010011011000001001100001111001000001001110100111001110010	1219881.0000000005	504.00000000000006
54	111100100110011110100001010100000110011000111100101100111111011110011111100010100110110010001011010011101110111011111100001011010101010100100100101000001101011001000000001111010001000101111111010101100010011111100111011010001011111011	1332317.2000000002	546.1000000000003
55	111101011101100001010101110010110011010000100110110100111111110010011011110000111110010011110011100011011110000100110100010111000011000101111100110000100110001110111010110011011000001001011100010101010100110010101110000111111110000010	1239284.4000000001	533.2000000000003
56	011000101110011000011001100000100010111111100010010101011001111111010000101110000011110101100001000011001001111001110011011001101111110111011110101010010110010110010110100100111000001111011010011100100011101011011110111101110000011110	1312808.2	544.4999999999999
57	100011000001001110010010011110101110110011001100011000100111011001110110100110011100001101001101110111100010000001000100101111101011111000011100001101011000101000010000000110100010101001110011100011110000110001000000000111011010000101	1046059.7999999998	465.7
58	101001101000000100101010001111111110111011100001010000010100111000101101100100001111100010101111001001110000000000001011001011010001001111010011010100000001110011110110011010011011000000100001111011111000000110110110111100011100110111	1191424.4	482.9000000000002
59	101101111101110000010100010100001100101000010110100100110101011000010010111111110001110101011010101011111101111101010101110001100011001111111001001001101001010111000011000000100110111010110001100011100010101110010011010110001000110011	1187992.9999999998	522.8000000000001
60	011000111110000110000101010010000000110010101100011010100101101100100101000111010000101001110010010111001110011101110101001001000000100011100110100100000010011111011100000010010001100000001010110000100110000100001110100011011011001010	1036081.9999999999	431.50000000000006
61	110000010111011101011011111000101101010001101100111011000011110000111101101110000011101101110100001100111000000111111010110011000111011000101100110001011101000100010011010101111100010101100010111001001110111110111001100010001101101010	1283575.4000000006	540.5999999999999
62	111101010110011101111110101101111101010011010101110001010000110101001011001101110101100001011011110111000110100111010100100011000100001111100101010111100110000110101001110110000110100101111011000011100101001011110011010000111000100111	1240813.0	547.1000000000001
63	111111111110111010111011111110100000001110000111111000110110011010000111010000010100100100000100110000010010011010110010000000100001111101000000010100010011010110100001110010110101101111111001001011011110110010101001010001110100100011	1164017.4000000004	501.50000000000034
64	010110100000111011100101000011000100111010100001111010100111000101100011101110010001110011111101001100000011000001100111101100010001101010100100000001011001011101001111111001100111001101011100000111100011011101110100110001101001101000	1231472.0000000005	504.5
65	110101101111001000100011011001010001010111010001001111000001000111011111011100101100101101100001111110001011111100101001101100011110011000110011011001100010101001000111100111111101101110111110010111000000101010000000101001100011000000	1173405.8	527.8000000000003
66	010100000010111011001111111100100100100001000011111111111110001000001110110100110011101001010010000011000100111101110110101110000000101110111011111010100001100010100000101111110110110111010001000011100011100000100001100110101011101101	1241430.4000000006	515.5
67	001001100111100110011100101100000101011011110100110001100101111000010011100111100100111111101110101001111100110111010000111100100001111010110000100001010011000011100010101100010000110110011110010010011100101100011101110001110111111111	1354756.6000000003	535.6
68	111001100110001010101101101000110100010101011111100011110001000011111110100101101010011010010011001100111101101001011000011101010110100101100001010010111000100000011000010100000111100000001110101010011101011000101111110111011101000010	1196957.0000000002	511.40000000000003
69	101110100110100111001110110000111011101111010100010100010110111111110101001101101110010100001000000001001000110100001111001101100101001000000100011101110000001010010100011110011100110010000111001010100000101111100101010000101100000100	1056912.5999999996	478.50000000000017
70	110011110111101101101000110010011100100111101111101011001100001001000101011100001011100101011000011110100100011110001011111011000100111011011010111010100101001010110101101101101110001100001011111000101100101011111000010110011101000100	1254308.2	547.9999999999999
71	011111111101111001000010101101111001100101000110001101101001011111100010001010110111010010010100100110010000111011010100000100111101000001010110101101110011100111010001100001101001101011111100111011111000010100010101110011001000001011	1186811.0	525.9000000000002
72	110101110101011000001101011011011111100111011111100110111000100000111111101100011111010110100011101100111101111011011001010100010011000010001111011011001010100011001001011011011100000011111011001000110000100000100010010111010110010011	1217745.4	546.1
73	011100011010101111001010101100111001110111001111000110000011011111011010011111011000100101000100101110010011011000100000110010010010000000101101110010001011111010010001001100010111011100001010100101111000101011001101000110001011000101	1139474.5999999996	498.9000000000001
74	101100000110100111011001101001100000110111011110000100100111011011011010000011110010101111110001000010110010111101011010000110101000001111101001110100000110101010000010001110100100010101111101000111101001011001111101110000111110101100	1298350.2000000004	524.5000000000001
75	000101011101100011110000101110000011001000100001010111101101001100100000111100001011011101100010011110010110100001000101000001110010100110000000110111011011010111101001010000000111111011010101000111010111001101101011110100001001010001	1159351.0	485.20000000000005
76	011010111010000000000111110011111100000011001111101011110111000101111010110100100100001111010001000010000111010001100000000010111001010001110110011000001101111100101000001111000000111010010101110010010011111010111011001011011111000001	1227148.6	502.00000000000006
77	111011110101101101010111110100011101001011111101001010011110101000110111001001010101011101011011001000111110100100011100101000111010101001110100000000101001111001001011100001001101111111101000001000001011010010101110010010101011000000	1175843.2000000002	530.1000000000003
78	010110100000101001010010100011001011001101011000000000000010100001101011111000111010111110101100111111011111110101100110011001001001010101100011011011111101101110011010000110110000011100001100100111100001100110100101110010000100011110	1174513.8	502.00000000000006
79	100000000111100001011100001111101011100101010000000001001111100110110110111000110101101101100111101110101100101101111011110101100011110000101000000010011101111000011000100111101101011111100000110011101010111001000100111011100100100010	1227857.6	525.4000000000001
80	110001101011010100001011111111001001010011010000111001111101000000100000100000110000000010010000011100111110000001011010011000000010110001000011100010110011010100110110001000110110100000100110100000011111100111010000010000010010001111	962343.3999999999	416.29999999999995
81	000101101100111110011011011111101110010011111010001111010001000011011000111001000111100011100110010000010010000101000010000000100110010010101011110101001100000110101101000110110000110100011110101001000111010000111011011111010100101011	1188862.8000000003	498.00000000000006
82	000001110001101001111000010110010011100011101100000110000111111001111000001001001011100111100100001001001010011100011001000111101011001111010100000000110001111011111110100011100101100001110101110101100110110001110110011100101011010101	1245240.3999999994	502.4000000000001
83	110100101111001110001100011011010101000110010110011110000111010100101011110111000010111100111100110010111011010010101011000011111110110000000001001100111010110110001101001100001001100001001101011000001110011011000000011000010111111011	1235450.0	516.6000000000003
84	011110011000101111110100001010100001001101001101001101101111110101000011001010110011100111010101011100111101101111001100000110111001001000011011110000010010000000010001011111001110001000110111111101000100010110110010100100110000011000	1155373.7999999998	511.2000000000002
85	100010000000010110001010011111100000100001101011100101001111011100101001101001100110110010111101010000000000001011101111100010001100000101110011110010101000101101100100110011010100000010110101011111110000001011000011111110001101111010	1231331.0	486.60000000000014
86	110001110111100101000011101110100101101110110000111101100001001011011011011100010000000000110100110111101110010111111000101101001111111101110100001000000100101100100010110110110001111001000100100110100110111100000011001100001001001111	1151950.4000000001	510.40000000000003
87	101000110101010000010000100100000000001111011110110100011010001000011001011001001110111111001110101111101001010110011000001110110111110110001000001111100001110100100110000100110011110101100010010010100101101111011111110000011111000101	1236303.0	502.60000000000014
88	100110100110111100010101011001111111101010000101010001000010100101111000100100000011000111001011111101011100000111111000010110010100111001110101101001000110101000101000010100001101011000101010010100100011001111011000010000101101010110	1124403.9999999998	483.7
89	100111110110101110000010000001110100001001100010010101101110000100110001100111000000010110010000111000111100000010011100101100110101111100101111110000101110010000100011010101011000001011100111110100000100110110110000010100000011000110	1013687.9999999997	452.8
90	101100011101010000110100000111111011001100000000001011111101001111100100010111111001001110101111100101100001000110110010001101110011010110101110011001000100110110011110010100011010001110000101111000100000011111001101010001101101001100	1210044.2000000002	511.8000000000001
91	010111010010000100010001101010001000100110111101011010010100101111000111011110001000000011111100000001100011001101011100011111101100100111111010000110110110101111110011010100110001011101101111110110011101110100111010110101110100000010	1279260.5999999996	536.3000000000002
92	000101111110111100011111010001110110100110010001110100111011001010010010000101111011010100000110010100100001111011010001001010001101100011110110010101010000101000110000001101101100100001101010101101001010111110110000110001101111100011	1212669.6000000003	504.8000000000001
93	011001000111110101011010001001101010101100101100101010010101110001001101110001101010001001110010001001100110000100101001000110101010011001110011101010100001110100011010111000011010001010111110001010111100110011111000010110010101001111	1183506.8000000003	491.4
94	111101100101100111101000100000101010010001100101010100100101001111001101001110010010111100001111010011001010110001010000010010001011100100100100111100110010101001111100110101100000111011011001111011001100011011100000010011100110001101	1176903.6	496.0000000000001
95	100110010101101110101001011111000111100100111100010011000100100110110010010111110100011100100000111001000100100011010011111100010110110001010001100000110001110111001011011010111101011101110111100110010110111000011101011111010010111011	1348688.7999999998	541.8999999999999
96	001011101101101000110111000011101111001100001010001010000001111101010010100101110011101110000111010000110000001001111011011110000000110001111001001011001000001100001000110110011000000011101001011010111111110100111101100001001110011100	1210944.2000000002	498.7
97	000011101000011010010101001010110000000111111110111011010100010101011100001011100111100011111111101010101011000000110100010011100101100100111100010111001110110111110011010001111110010010101011100110100001110010001011100001111100011011	1316631.0000000002	537.4000000000001
98	001001001111111111101011010010110000101011101000101000010011110000111110010001101000101001100010110111011001010100011111000100100111010010110110011100100111000100101101011000111000000001001001110110101101010111001001001111111101101000	1287971.6000000006	522.8000000000002
99	100000110101000110110111101101010111110100000011001110000111101000100100110100001011011110010000100011011100111001101110100101001000110001000101101101101110000001000011111000001011001110100101110001001111001000111010011010001100110001	1147103.5999999999	489.00000000000006
