SOLUCIONES FIN 

0	000001111010001010000010000010010111011101001000100010101101010011010111100100111110101011111101110001010101011011111110010000110001110101100000001100001010011011011110111100011000111001011000100011000100111111000011010011011010111100	1231910.2	512.2
1	000011000101111111000000000000000000000000000000000000000000000000000000000000000000000000000000100000000000000000000000000000000000000000000000000000000000000000000000000000000000000000000000000000000000000000000000000000010000000000	84322.4	54.800000000000004
2	010001000101000010101100000000000000000000000000000000000000000000000000000000000000000000000000000000000000000000000000000000000000000000000000001000000000000000000000000000000000000000000000000000000000000000000000000000000000000000	45535.8	41.1
3	010010001110111100000000000000000000000000000000000000000000000000000000000000000000000000000000000000000000000000000000000000000000000000000000000000000000000000000000000000000000000000000000000000000000000000000000000000000000000000	39509.0	41.4
4	100011101001000010010100101111001110000110001000101110010101000001001111011100100100100001110011011111010100110110111011011010111011001111001010011101011000111100010000011000011011111100111011011100110101000101000010110000001101110110	1180236.0000000002	512.4000000000002
5	101110111100010001101100111110110011110110111011000000110001110100100010110011100000111100111001001011011110101001110111000100101101100101010101010001101110001001111000101111001100101010011101110110100100111011111010001100010100011000	1223652.8	551.6999999999999
6	000111100000110000111011011000111011000110101001100010101011100101001110110010001010111111100101001001100011100111101100101001101011101010101110111101011110010010110110001100110101001111101010000001110101110010010101100000111110001100	1240990.6	537.9000000000002
7	010010101001000010110100110100000101000011111001100110110000101000111110110110100011111011000110011100010100000010001111100000110101001110111110011001011111111100010000011000011011111111110010000000100011010011011101001010101111111000	1263591.2000000002	514.3000000000002
8	001001000010101111111000101101001011111101010000101101010111101110011010011101101111000010000110110010110110110111111010001110011101001100111001111000111000010001100000000101110101110011010111001001001000110110100110001001010111101110	1231245.7999999998	534.2
9	101000111110110000000000000000000000000000000001000000000000000000000000000000000000000000000000000000000000000000000000000000000000000000000000000000000100000000000000000000000000000100000010000000000000000000000000000000000100000000	113884.20000000001	63.3
10	100111000111100001101000001000000010000001010000001000000000000000001000001011000110000000000000000000100000000100000000001000001000001000000000000000000000000100000000000000000100000000000000000000000010000000000000000000001000000010	240872.99999999997	139.9
11	110010110111010010000000000000000000000000000000000000000000000000000000000000000000000000000000000000000000000000000000000000000000000000000000000000000000000000000000000000000000000000000000000000000000000000000000000000000000000000	40871.0	45.8
12	101111010101011101101100111010010111111101111101100011000011011111100011101110110001101101011001101111100111001101101001010011010111110101001011010101110001011111001011110110101100101000010010000011101001101010001010011011100100101110	1257477.8	582.7000000000002
13	101010111001010100000000000100000000000001000001000000000000000000000000000000000000000000000000000000000000000000000000001000000000000000000000000000000000000000000000000000000000100000000000000000000000000000000000000000000000000000	76090.8	63.7
14	100101100001101011010000000000000000000000000000000000000000000000000000000000000000000000000000000000000000000000000000000000000000000000000000000000000000000000000000000000000000000000000000000000000000000000000000000000000000000000	42889.4	45.800000000000004
15	010100010100101101110011000111001110101111011100100110100101101111000000010010110010010010110001111000110101010100111100011100011110111001111001110111101101101111010011011110110000100111110010111110111110101110001010011111101010010001	1329989.0	573.2999999999998
16	001010010011011110000000000000000000000000000000000000000000010000000000000000000000000000000000000000000000000000000000000000000000000000000000000000000000000000000000000000000000000000000000000000000000000000000000000000000000000000	46453.2	45.4
17	101101110101111101000100011111111101100001011000001100111001011110011110000000101001000111110101000010100100101101000100001101011000110011000111010001111010101101101110110001011000011100111010000111010000110010011111110000101101100001	1176772.4000000001	517.7000000000004
18	000011001001010010110111001100011101011010011101100100000001010011100000101110000000011101100110011010001110101001010010100100001001000000110010101110010001111110000000010110010110110010101010100000010100000001011101110100001010100111	966645.2000000001	427.3000000000002
19	010000101010100100011110111110110101011001001001001001111110111100100001101110010111110001001100111110100111101010011011000101101001001001010010011101001110010101010011000100110010111010010001110101111100000011011001111010110100011101	1235693.6000000003	533.8000000000002
20	100100001011000010011001000000011101111110101111001100110011111001100011101010110110010101000111111001010001000100110011110110000101000001100111100101010110001000110000010011001101000010101011100000111011010000001010110100100101100110	1052816.8000000003	471.9000000000004
21	101001101110011100000000000000000000000000000000000000000000000000000000000000000000000000000000000000000000000000000000000000000000000000000000000000000000000000000000000000000000000000000000000000000000000000000000000000000000000000	41236.2	45.5
22	001101010010001101010000110110100100011011000111100000000111010000000110101100100100000000100001010010111111011010011111010000111000000101010110010101101100001100010000011000011011110100111011010100110101010001100110110111000100110110	1066830.0	454.5
23	101111001101000001100001000000000100000000000010000001000000000000001000000000000000000000000000000000000000000000000000001000000001000000000000000000010000100000000000000000000000000000000000001000000010000000000000000000000000000000	139860.8	95.2
24	000111000101011000000111001011110001110101100100010111000110101100011111100010100100001011110000111111001111101001011011101010101001100101010101011001101011110100011010011111011000000101100101111001001011011100111010111001010000011011	1204551.3999999997	529.4000000000002
25	010000011010011100011111011101110001010101001111111100000011010110110001011011001110100100000110111101110101011101011111011110011100111011111100010100001101101000011100011111011110010000100101101000010111011001010000000110011100010101	1193083.2000000002	542.0000000000002
26	011111001000000010111011111111001110101101000110000101011010000101110011100001011011010111101000000111100000000111011000000100101001010000010100110000101000001110100101011100000100110000000001110110010001011010110010010010011110110001	1058103.4	458.70000000000016
27	000111001011111000110101100110101011011011001011111001100011000101011010111001101001100001000011101011001010101011010101010011011001100010101001100010100011000001101000001000001110000011011011100100010001101100110110010100111111000001	1117983.4000000001	491.5000000000004
28	010000010011101000010000110000000000000000000000000100000100000000000000100000000000001000000000000000000000000000000000100000000000000000000000000000000000000000000000000000000010000000000000000000000000000000000000000000000000000000	92895.79999999999	69.00000000000001
29	010010001000001110100101011111001010110001001111110110011000001110101000111111101001110111101110000001101111100110111111000010000010011010010010010001000110110011011001111100100001110111100101111011100101000111101100000100011000100111	1152982.3999999997	514.9000000000002
30	000011001000101111001111000111001100001100111100110010011010010000000101010000101101000010011000011100011101100100101000010011100001000111111000000100101111000111011110110101101010110110000111000001011000001000110101001101100000000110	977049.9999999999	446.90000000000015
31	011011110011001011010101011011011110111110010101111000010001101110001000001000011101000000000100110000011110111010100100101011101101111101111101001010110001011101100001010000000000010010010101111100110010011011100100101010101111000111	1136639.7999999998	501.6
32	001010000111010110110100011010000111001100101100001111101010000001111000100100100101010001000010010100101000110000111000001001001001101101011111011101001000011010010110110111010111000100111011011100000101000011110001000000101100001111	1049049.0	454.50000000000006
33	110111000101111010100100100111010011111000000110000010110010111001110011111010000010111110011101100011000010000000110100110100010011101100001101000011101111011100101001100100010111110100011110100101011111000001011110110001011000101111	1186462.4000000001	512.4000000000002
34	100011001101101001000000000000000000000000000000000000000000000000000000000000000000000000000000000000000000000000000000000000000000000000000000000000000000000000000000000000000000000000000000000000000000000000000000000000000000000000	38157.4	41.4
35	101111010111100001000000000001000000101000001011000000000000000000000000000000010000000000100000000000000000000010000000000010000000000000001000000000100000010000000001000000001000000000000010000000000000000000000000000000000000001000	212271.2	124.39999999999999
36	111100110100010110000000000000000000000000000000000000000010000000000000100000100000000000000000000000000000000000000010000000000000000001000000000000000000000000000000000000000000001000000000000000000000010000000100000000000000000000	121916.40000000001	80.89999999999999
37	000111011110111101010000000011000110010001011101100111100011011100010110010101001110100011111001001011111111101010000101111111001111001001111110011111100001101101011110111110001110011001111111101111001011111110100011110100000101011100	1372514.4000000004	595.8000000000001
38	101110111110110100100011110011000011000101111100100011111001100100010001010000110110101100010001011111111001101110010001111111101101011011100010000010000010101001000001000100010110100110000010100000110101000110010111100001011011001110	1101043.5999999996	495.30000000000024
39	100010101100000010010000000001000000000000000010000000010000000000010000000000001000000001000000000000000000000000100000001000000000000010000000000010000000000000001000000000000100000000000000000000000000000000001000000001000000000000	167512.8	93.9
40	000111011000100111000000010000000000000000000000000010000000000000001000000000000000000000000000000000000000000000000000000000000000000000000000010000000000000000000000000000000000000001000000000000000000000000100000000000000000000000	95541.0	67.7
41	011000010001011101011101111110010000101100000010011101001110000010001000011110000101001010111101101010111000011001011001011011011011110100100000000111101001101100001101011101000000011110110101100101001010010100101100110000111011011111	1187154.5999999996	491.10000000000014
42	011001100000111011110110111101010001101101110011010111010011011011001011001001101101000000101110011001110101011011111000010100110001110101100000001100010110101010011110111100011010111010100111100010110100001110111100101010010010011011	1223402.6	540.2000000000002
43	011000110111000000110000000000000000000000000000000000000000000000000000000000000000000000000000000000000000000000000010000000000000000000000000000000000000000000000000000000000000000000000000010000000000000000000000000000000000100000	95353.20000000001	55.00000000000001
44	001010101110101010010000101101011000011111010110000000010000110011111001000011101000101100111001001001010110101001110111000100101001011000101110011000001110000000111000001110101100101101001110011000011110000100001111000001110110011110	1116375.8	470.2000000000001
45	110010101011011010000000000000000000000000000000000000000000000000000000000000000000000000000000000000000000000000000000000000000000000000000000000000000000000000000000000000000000000000000000000000000000000000000000000000000000000000	41246.8	45.699999999999996
46	111100111110010101010110111010100001000011110110011011000000000011011110001100110110111010011010111110100101001100000100111100000100100111101101100111110100011010010111100111111001000001111000111110000001100111101011001011101110100100	1233656.0	536.6999999999999
47	000101001010110000001101000000000000000000000000000000000000000000000000000000000000000000000000000000000000000000000000000000000000000000000000000000000000000000000000000000000000000000000000000000000000000000000000000000000000000000	40856.2	40.9
48	001011100010101110110100010111100010110111001111100010111001010101011100111100001101001010101100010010000110101110111100000101010001001101110001100000010111101100110011100011010001001110001110111100101111010111111100110100011001100110	1222179.1999999997	530.8000000000001
49	010110110011100101000000000000000000000000000000000000000000000000000000000000000000000000000000000000000000000000000000000000000000000000000000000000000000000000000000000000000000000000001000000000000000000000000000000000000000000000	55416.79999999999	50.1
50	100011011111110000000000000000000000000000000000000000000000000000000000000000000000000000000000000000000000000000000000000000000000000000000000000000000000000000000000000000000000000000000000000000000000000000000000000000000000000100	50111.8	45.8
51	101011010111101000101100101101111100110000010101110111100110010011110010100110000010001100010000100110010101011011000011011111111100111101101010101110010110010011110011001110001110110110011010110101110110111110101011011111100111001100	1357347.1999999997	574.2999999999998
52	101101011100111000000000000000000000000000000000000000000000000000000000000000000000000000000000000000000000000000000000000000000000000000010000000000000000000000000001000000000000000000000000000000000000100000000000000000000000000000	76701.40000000001	58.9
53	010110011100101000000000000000000000000000000000000000000000000000000100000000000000000000001000000100100100000000000100010000000000000000000100000000000000011000000000100000000000000000000000001000000000000000000000000000001000000000	178026.0	94.89999999999999
54	010101010100101101110110000111101110100111001111001111110001001001100000010001110000011110001001110010011011000000110110010101000001001101001100101001101011110001010001011110110000100011110010111110111110001110000010011111101010011001	1204972.4000000001	512.6
55	101111111101100000000000000000000000000000000000000001000000000001000000000000000000000000000000000000000000000000000000000010000000000000000000000000000000000000000000000000000000000000000000000000000000000000000000000000000000000000	65921.8	64.30000000000001
56	110100011111010000111100010110001010001111011110001101001101000101101111001110011110000011111000110010000111100100011110010111001000000101110000101000011100001010100010000111001011010001010001100010111011010001010101011011100111010001	1145376.4000000001	499.09999999999997
57	100000001001011001111000000000000000010000000000000000010001000000000000000000000000000000000000000000000000000000000000000001000010000000000000000000000000000001000000000000000000000000000000000000000000000000000000000000000000000000	91160.4	69.00000000000001
58	100011001000110100000000000000000000000000000000000000000000000000000000000000000000000000000000000100000000000000000000000000000000000000000010000000000000000000000000000000000000000000000000000000010000000000000000000000000000000000	60831.8	45.300000000000004
59	011001001111111010011100001110010001101111100101000011000101000001011110111100010100111011111110011011001101001101001110100110011100011100011000111000001001101010000001000011101111110011101110101111001011100011010011010100110000000001	1119809.2000000002	522.2
60	010001101001010100001000001000000000000000000000000000000000000000000000000000000000000000000000000000000000000000000000000000000000000000000000000000000000000000000000000000000000000000000000000000000000000000000000000000000000000000	39549.4	40.9
61	010001011011110011000000110011100000001001010110110101000000100000110011010001001011001111001101000101010111001100001110010001100111111100100111111001010000110001110101010011100101110011010111001001001000110110100110001001010111101110	1172867.3999999994	484.80000000000007
62	000010110000110010000111000000000000000000000000000000000000000000000000000000000000000000000000000000000000000000000000000000000000000000000000000000000000000000000000000000000000000000000000000000000000000000000000000000000000000000	41532.2	41.1
63	111000011000100110001000000000000000000000000000000010010000000000000000000000000000000000000000000000000000000000000000000000000000100000100000000000000000000000000000000000000000001000000000000000000000000000000000000000000000000000	81463.59999999999	63.5
64	101110111100010001101100111110110011110110111011000000110001110100100010101110001100111111000000101110010100111000110000011011001110111011010101011111101110111100000110000010111001010011111000001110000011101110101011100000001100100000	1133586.6	533.9000000000002
65	011000010100001110001000010100000000000000001000000000000000001000000001000000000000000000000000000000000000000100000000000000000000000000000000000000000000000000000000000000000000000000000000000000000010000000000001000000000000000000	108294.0	73.30000000000001
66	011111011011110100110110100100111100010101101101110101001110000010011110011101100001010101100101110001011100001110011100000010000111001100001101000001101101001101001001011011011000100110011101011110100101011001010001100110000101100001	1110105.6	509.10000000000014
67	001011000100010000111000100000000000000000000000000000000000000000010000000000000000000000000000000000000000000000000000000000010000000000000000000000000000000000000000000000000000000000000000000000000000000000000000000000000000000000	56729.4	50.800000000000004
68	111100001110110000010010000000000000000000000000000000000000000000000000000000000000000000000000000000000000000000000000000000000000000000000000000000000000000000000001000000000000000100000000000000000000000000000000000000000000000000	71642.20000000001	59.4
69	100011101100010010001001000000000000000000000000000100000000000000000000000000000000000000010000000000000000000000010000000000000000000000000000000000000000000000000001000000000000000000000000000000000000000000000000000000000000010000	111981.4	68.0
70	100100100010011011011000000000000000000000000000000000000000010000101000100000000000000000000000000000000000000000000000000000000000100000000000100000000000000000000000000000001000000000000000000000000000000000000000000000000000000000	100413.8	75.9
71	010010100011000010001101111001111101111110110100101110001110101000100010011111000101000101010100101001111010110000000000001110111001101001011110011010110100000101100101011001100110111101010010011101110101010101000010010000001001100000	1068266.2000000002	492.8000000000002
72	010010000111001010001101111101011101111110110100101010000001010011100000101110000000011101100111011010001110101001010010100100000101001000001100000010010110110011111101011111111011011011100100001000101100000101111111001110010011010011	1167083.0	497.0000000000001
73	001111000001011101001011101110100010011000110111101010010001001000110100110100111100011101010011011100110101101111000111110111001111101110110011101011001101100001100010101010111111010110111010101101000101100011111100010100001100000111	1200182.6	548.1
74	011101010110011000001000000000000000000000000000000000000000000000000000000000000000000100000000000000000000000000000000000000000000100000000000000000000000000000000000000000000000000000000000000000000000000000000000000000000000000000	57299.399999999994	54.5
75	101000101101110110000000000000000000000000000000000000000000000000000000000000000000000000000000000000000000000000000000000000000000000000000000000000000000000000000000000000000000000000000000000000000000000000000000000000000000000000	42468.6	45.6
76	000010100010111100000000000000000000000000000100100000000000000000000000000000000000000000000100010000100000000000100000000000001000000000000000000000000000100000000000000001000000000010000000000000000000001001000000001000000000000000	165924.8	87.69999999999999
77	001000011000001000000111111000101100010011111011101101110010111111111100111001101110000001001110001000000110011011011101010101011110110001101001010110101011000101000100110010110100101000110001100101010011110111110111101111001101110010	1272412.7999999996	531.9000000000001
78	000110001111000010010010111110011011100001100001110000001101011110010101010100000111110010111001001100010111101000100011010100010010100000011000010001000000100111000001001110101111010001111111101000010100101010010101110110100101001000	1077602.1999999997	465.90000000000003
79	010000100011000111010010000000000000000000000000000000000000000000000000000000000000000000000000000000000000000000000000000000000000000000000000000000000000000000000000000000000000000000000000000000000000000000000000000000000000000000	41242.6	41.2
80	100000001010000001101000000000000000000000000000010000000000000000000000000000000000000000000000000000000000000000000000000000000000000001000000010000000000000000000000000000000000000000000000000000000000000000000000100000000000110110	150834.60000000003	53.9
81	101000000101111110000000000000000000000000000000000000000000000000000000010000000000000000000000000000000000000000000100000000000000000000000000000000000000000000000000000000000000000000000000000000000000000000000000000000000000000000	54671.4	50.1
82	010010011001100101001000010001110001100001010010111111010100001010101110010011110110001000011011111001011010110101100110001110011111001000010000111000001110111100000111001011010100000110100010000100000100100001110100111010100011001001	1049967.8	466.8000000000003
83	000000101011101010001000000000000000000000000000000010010000000100000000000000000000000000000000000000000000000000000000000000000000000000000100000000000000100000100000010000000000000000000000010000000000100000000000000000000000010000	164202.6	80.30000000000001
84	010101011101000000000010110101011100101011001100001111000000111110001000101011001001111000001011101010100110010110110011111100011101011111001100100100001110011010000111100011001101101011001010010101011000011010111001110001111000110010	1184150.4000000001	505.6000000000003
85	000001110011011110000000000000000000000000000000000000000000000000000000000000000000000000000000000000000000000000000000000000000000000000000000000000000000000000000000000000000000000000000000000000000000000000000000000000000000000000	39952.0	40.800000000000004
86	001001101010010000010000000000010000000000000000000000000000000000000000000000000000000000000000000000000000000000000000000000000000000000000000000000000000000000000000000000000000000000100000000000000000000000000000000000000000001000	83429.20000000001	45.1
87	010110001011000110100000000000000000000000000000000000000000000000000000000000000000000000000000000000000000000000000000000000000000000000000000000000000000000000000000000000000000000000000000000000000000000000000000000000000000000000	39224.59999999999	41.6
88	000010000101010100001100100000000000000000000000000000000000000000000000000000000000000000000000000000000000000000000000000000000000000000000000000000000000000000000000000000000000000000000000000000000000000000000000000000000000000000	37758.200000000004	36.400000000000006
89	011010100111110010000101111101000011000110111101110010111011110101001100010101111001000001101010000111111100111110011001001101101011101110111110011001011000111101010111111000111000011010010101010111110000010111110010010010011110111001	1346548.4	575.8
90	111010011100101010001000000000000010000000100000000000000000100000000100000000000000000000000000000000000000000000000000000000000000000000000000000000000000000000000000000010000000000100100000000000000000000000000000000000101000000000	174891.59999999998	91.19999999999999
91	111110101001010100000000000000000000000000000000000000000000000000000000000000000000000000000000000000000000000000000000000000000000000000000000000000000000000000000000000000000000000000000000000000000000000000000000000000000000000000	38934.4	45.8
92	001000000010111111111000101101011101111101110000101101010011100010101101100001110111011100001100101001000011101011000011001111111010101110000011001110010110111110101100110001110100111101110101000101110101111111110001111010010000010010	1242812.4	558.0000000000003
93	001111001111010000000100100000001000000100000000000000000000000000000000000000000000000001000000000000000000000000000000000000000000000000000000001000100000000000000000000100000001000000000000000000000100000000000000000000100000000000	157205.0	90.10000000000001
94	110010100001001001101100010100001110001000000011111111100001011000001101101000001000000010111010110110111101010100100001000001000101010000000001011111010010000110101100110001101111010110011000100100001111001001010111001000001110110011	1057700.6000000003	441.7
95	000000111101011100000000000000000000000000000000000000000000000000000000000000000000000000000000000000000000000000000000000000000000000000000000000000000000000000000000000000000000000000000000000000000000000000000000000000000000000000	35955.0	36.6
96	111111111100000000000000000000000000000000000000000000000000100000000100000000000001000000000000000000000000001000000000000000000000000000000000000000000000000000000000000000000000000000000000000000000000000100001000000000000100000000	129111.4	76.6
97	110111001001000011011101010000100100110101100101000001110000011011011001101110011101110001110010110100011110111000010000110000001100111100010100000101001010010101111000101000101110010100111001000011000001111010000010110000001000011101	990159.6	452.3
98	001100011111101000000000000000000000000000000000000000000000000000000000000000000000000000000000000000000000000000000000000000000100000000001011000000000000000000000000000000000000000001000000000000000000000000000000000000000000000000	84971.99999999999	62.5
99	010011111011011101101101100100010110011011110000011101010100001111111101110010000001001001011001001111100111001101100001010011010111110101001011010101110001011111101000000110010011001110011001100101111110111101001000111111010101101010	1292123.7999999998	558.2
SOLUCIONES FIN 

0	1100010010111110110000000010000000000000000000000000010000000000000000000000000000000000000000000010000000000000000000000000000000000000000000000000000000000000000100000000000000000000001000000000000000000000000000000000000000000000000	90218.6	71.7
1	0111010011100011100000000000000000000000000000000000000000000001000000000000000000000000000000000000000000000000000000000000000000000000000000000000000000000000000000000000000000000000000000000000000000000000000000000000000000000000000	49431.6	50.7
2	1101010011000111100000000000000000000000000000000000010000000000000000001000000000000000000000000000000000000000000000000000000010000000000000000000000000000000000000000000000000000000000000000000000000000000000000000000000000000000010	72587.4	59.6
3	0011101001001110000000000000000000000000000000000000000000000000000000000000000000000000000000000000000000000001000000000000000000000000000000000000000000000000000000000000000000000000000000000000000000000000000000000000000000000000000	41539.0	41.4
4	1100001110011000111000000000000000000000000000000000000000000000000000000000000000000000000000000000000000000000000000000000000000000000000000000000000000000000000000000000000000000000000000000000000000000000000000000000000000000000000	42812.0	46.1
5	0000111101000111000001110101001001110110110011011101000000000010011100011100011100001001000111100000000100001100011010000111000101110100111010101001101110000010100111000111000000111111101110010111000101011011111000100000001000011001010	1040383.8000000003	458.7
6	0001110100000011001101000000000000010000000000000000000000000000000000000000000000000000000000000000000000000000000000000000000000000100000000000010000000000000000000000000000000000000000000000000000000100000000000000000000000000001000	113720.0	63.50000000000001
7	1111101011110100000000000000000000000000000000000000000000000000000000000000000000000000010000000000000000000000000000000000000000000000000000000000000000000000000000000000000000000000000000000000000000000000000000000000000000000000000	50957.00000000001	55.1
8	0101110010111110000000000000000000000000000000000000000000000000000000000000000000000000000000000000000000000000000000000000000000000010000000000000000000000000000000000000000000000000000000000000000000000000000000000000000000000000000	49934.6	50.1
9	0100011001100011100001001001011001011000101001001110010111101011010010100111011100000101111101100111010101001011001000101011001101010110010110010111011000011000101101011100111011000110100001011010100001101011100001110010100111001000010	1118319.9999999998	499.0000000000003
10	1101010010101000101000001000000100000000000000010000000000000000000000000000000000000001000000000000000000000000000000000001001000000000000010100000000000000001001000100000000000000000100000000000000000000000010000000000000000000000010	169613.40000000002	100.1
11	0100100111000110101000000000000000000000000000000010000000000000000001000010000000000000000000000000000000000000000000000000000000000000000000000000000000000000000000000000000000000000000000000000000000000000000000000000000000000000000	61160.799999999996	55.50000000000001
12	1010000100111010010000111010101000101010110100110111001001011011101011100010000001000011100111010010101101000100000011111101010010011011100100000000011010010100111010000110111100001110110101101000101000100010110111101010111100111010010	1161285.9999999998	486.7000000000001
13	0111111001101100000000000000000000000000000000000000000000000000000000000000000000000000000000000000000000000000000000000000000000000000000000000000000000000000000000000000000000000000000000000000000000000000000000000000000000000000000	39804.200000000004	45.9
14	0111000100010100010000011101100010011111000111111110110001111000100101101010110011010011000011000100000101011110011101110001000000100000011011101100111111000110100100110010101101010010011010001100000100100110011010110000000011110111010	1132992.7999999996	481.6000000000002
15	1000110100110111010010000000000100000000100000000000000000000000000000100000000000000010000000100000000000000000000100000000000000100000000000000000000000000001000000000010000000000000000000000000000000000000001000000000000000000000000	135343.19999999998	93.89999999999999
16	0100001010001011100011000000000000000000000000000000000000000000000000000000000000000000000000000000000000000000000000000000000000000000000000000000000000000000000000000000000000000000000000000000000000000000000000000000000000000000000	40852.200000000004	41.1
17	0001101010010010110100001111011111111110011111001010010001111011101110001101110011101011110011110011001110111011101010010010010110011111000010100010001001010000011111110000111001111111011110110011111110111000000111101110111111110101010	1463402.9999999995	608.5999999999998
18	0001100111001110100000000000000000000000000000000000000000000001000000000000000000000000000000000000000000000000000000000000000000000000000000000000000000000000000000000000000000000000000000000000000000000000000000000000000000100000000	79137.4	50.6
19	0101110010111000100010000000000000000000000000010000000000000000000000000001000000000000000000000000000000000000000000000000000000100000000000000000000000000000000000000000000000000000000000000000000000000000000000000000001000000000000	87076.0	63.6
20	0010001000110000110010000000111011010010100001111110010100111111111101001100111011111100001111100100000001110110000101011000000010011000011011110001010110011010111100110100100100100110001001001011111111101000100011011010000101011100101	1154512.8	492.0000000000001
21	0001100110111101111000111110100101001110110010010010110101100000101011001100101110001000011110110111111000011100011100001011111011111110100010100010001001011000011111110000111001011111011110110011111110111000000111101110111101110101010	1389261.3999999994	579.1999999999998
22	1001000011000110101000010100110111001111110011001111000000101010111100011111110010111100100011110011110111110111010100000011110000101110111111010010110000001101001100011001001101001110011001001110011111101110011011110010100101001100110	1239247.2	544.4000000000001
23	1100010110101101111101100111110001111110011110111000101000111110111100101001010011101110110011111101000100111101010111000100110110100111000101111111000111010100100000010101010110111000111011101100100010100111111110100011010111110101010	1375232.5999999999	596.7
24	0001100111110100111100011111101011110010011100010011001011111000011110010111111100110001111100100011110101011111011100101101111011011110110001001001100000110100101100111111011010011011010101100111110101110101001001001010110111111111100	1474789.1999999997	615.0000000000002
25	0001111101011101100010011000001111010100000010111001000011010100110110001000000101100011001001101101110101011100100100100111010111101000101100010111111001010010001001011100110011111101001111010100010011110111111000010001110110111010100	1239391.6000000003	519.4000000000002
26	0010000001111101011000100011011000101001111100001110000011000011011001000000000001110001011111101110111000000011111111001100110000000111100010000010110111001000100100011100101001001110001000101011110111111001001000010110100110001000111	1042451.9999999999	457.9999999999999
27	1000001101011010000101001111101000101001110000111110111111000011010011000011011001111111011010110000011001100101101111010000011110110100011101110011111011010000010111111111111111001100011111100001100111100011010101001111011100010000011	1266527.0	565.3000000000001
28	1111100111011011001101010010011101011010101101011000111111011101000110001110010000111000100110111010110101110100101111100011000010111100110001101001110000001100100111100011111110101011000011001011101010001110110011101100000000101100011	1178991.2	545.0
29	1000010000011100010111001110001011111110011001010000111010011111000110001110010000111100100110110010110101110100101111100011000010111100110001100011110000001100100111100011101011100010000100100010111100110110000000001011101001000101110	1088194.2000000002	490.20000000000005
30	1100100010100011011110101001001011111011111100111101011001000011001111001110010011001001111011001110000011010111001000001000101011011110111000101010001000011111001111001111011101101101000111110101001101000011100101111000100111100000101	1212896.6	543.0000000000001
31	0011000001101101101000000000000000000000000000000000000000000000000000000000000000000000000000000000000000000000000000000000000000000000000000000000000000000000000000000000000000000000000000000000000000000000000000000000000000000000000	40386.399999999994	41.300000000000004
32	1111011010010110110101110011101011001010100100110111101111101101000100010010101001101110111110111101100011100100011111111000011000111111001010111110011111110111110100100110110001001101010001100101101110101011101101001111100101010011011	1364976.2000000002	604.8000000000001
33	1111101110010100001110000101100011000110010001000101111011101011111111010111001111101001110111001010100100100000100010110110101101010111001010111110011111111111001111001111101101010101001100001000010000111001011110110011010011110110110	1326658.6	572.7999999999998
34	1010011110101101111111011111101100110010011110010001010101101111110110010101001110000010101101011110011110001001111011000100011111000101110111101110110000010110110011001110101100011011111110101111100010111011110101100011010100110111110	1406594.0	610.4999999999999
35	1011001011101001000011000110001101101010110110100111001001011011101111100010001001000010110101010110101101000100000011111101010010011011100100000000001010110011011010001101010110101100011100100110010010111100001000010101010010011000010	1044057.0000000002	478.5000000000001
36	1000011001101110000100000000000000000000000000000000000000000000000000000000000000000000000000000000000000000000000000000000000000000000000000000000000000000000000000000000000000000000000000000000000000000000000000000000000000000000000	38276.2	41.0
37	0000110111110010100000000000000000000000000000000000000000000000000000000000000000000000000000000000000000000000000000000000000000000000000000000000000000000000000000000000000000000000000000000000000000000000000000000000000000000000000	39755.799999999996	41.5
38	0011000111010001001100000000000000000000000000000000000000000000000000000000000000000000000000000000000000000000000000000000000000000000000000000000000000000000000000000000000000000000000000000000000000000000000000000000000000000000000	40377.00000000001	41.800000000000004
39	1001010110001001100111101001010010001011101000001111000110101001010111100001111101101001001011101111100000011000011011000001111111101110101101111000110010110010100011110001001001110110001010000100010000001101111111111100001100000010101	1106656.4000000001	507.2000000000002
40	1011010011011110100111011100110011111011000000110011111010110000111011010000001001101100100011110100010100001001111001011110101011011110101000101010001000011000000001000110010010000111001100010111100000111011100010011100111001000000111	1024382.6000000001	485.1000000000003
41	1110001001011111000000000000000000000000000000000000000000000000000000000000000000000000000000000000000000000000000000000000000000000000000000000000000000000000000000000000000000000000000000000000000000000000000000000000000000000000000	41083.0	45.599999999999994
42	0011010011000101000001100000000000000000000000000000000000000000000000000000000000000000000000000000000000000000000000000000000000000000000000000000000000000000000000000000000000000000000000000000000000000000000000000000000000000000000	39408.2	41.1
43	1000011100100010011010011011001001001000110100001001001001010011001010101111001110010011000101101000000110000001110110101110111100101110100000010010001000001011100011100000011010100001110011001001101111011111111010000011000101110010110	1103446.8000000003	462.20000000000005
44	1001001101000010011100110011111000101011101000110000101110110101110001011111101000000100111101111001101100011101000011111011111101000010010110010101101101100010000011111100111100101111111011101001101101110011000100111101111110000111100	1349008.0	570.3000000000001
45	1110110110100000010110101100010000001111010001110111111100000111011101111010011111001101011011010110110101111110101110100111111011110100010111110011110111111001001011000111101110101011101000101010100001100110101001110001111101101000000	1315947.5999999999	597.1
46	0011100010101000000000101100000000000000000000000000000000000000000000000000000000000000000000000000000000000000000000000000000000000000000000000000000000000000000000000000000000000000000000000000000000000000000000000000000000000000000	40787.399999999994	41.7
47	1001100010100001011111110111001001110111001110011110100101110010100100101010110101110010101001101001010001100001101100100110000011111101001000100010000011011000101110001100001100101101010000011011100101001100100011000101100001101110011	1115509.8000000003	493.1000000000002
48	1011010000001001101100001000011010100101011001000001010000100110111011011011111000011011100000011100101111100111000101001110111010000100111000101101011111001101000111111001011011010011010100010001111110101110000110111000111010011110111	1263015.9999999998	520.1
49	0101111011001110001011001100110111001111110011011111000001101010111111101111001001110001100111000110001110000110010011111101010100010010111111001101101011011000101010110110011001010010001110001110011101010111111111011011111011011110011	1417084.5999999996	598.9999999999998
50	1010011111000010100101101001001100111010110010000101001101000110001001001101111110011000001010100000111000001100011011110000100000010001101010100011001001010000011111110000111100101011100011000111001000011001011110000110000100011000110	1013412.0	454.40000000000015
51	1001000010000010100000000000100000000000000000000000000000000000000000000000000000000000000000000000000000000000001000000000000000000000000000000000000000000000000000000000000000010000000000000000000000000000000000000000000000000000000	48083.8	36.8
52	0010000000011000111010000000000000010100001000000001000000000000000000000000000000000000000000000000000100000000000000000000000000000000000000001000000100000000000000100000000000010000000000000001000000010000000000000000000000000010000	175258.8	85.9
53	0101011001010101110000000000000000000000000000000000000000000000000000000000000000000000100000000000000000000000000000000000000010000000000000000000000000000000000000000000000000000000000000010000000000000000000000000010000000000000000	88581.4	62.9
54	0010110001110001110000000000000000000000000000000000000000000000000000000000000000000000000000000000000000000000000000000000000000000000000000000000000000000000000000000000000000000000000000000000000000000000000000000000000000000000000	39303.600000000006	41.2
55	0111010010010100010010000010000000000000000000000000000000000000000000000000000000000000000000000000000000000000000000000000000000000000000000000000000000000000000000000000000000000000000000000000000000000000000000000000000000000000000	43140.00000000001	45.800000000000004
56	1011100001011100110000000000000000000000000000100000000000000000000000000000000000000000000000000000000000000010000100000000000000000100000000000000000000000000000000000000000100000000010000000000000000000000000000000000000000001000000	132293.40000000002	76.60000000000001
57	1100101000111001101000000000000000000000000000000000000000000000000000000000000000000000000000000000000000000000000000000000000000000000000000000000000000000000000000000000000000000000000000000000000000000000000000000000000100000000000	72200.6	50.300000000000004
58	0101101000101011101111001110001110001110111110110001000110101011111000110000100000011101111100110001111000101001011010111011101111100101011100110111111101001011110010111111000011110101010001010000001101111110010011101001100101110010010	1285010.6000000003	570.5
59	1011100000101000101010000000000000000000000000000000000000000000000000000000000000000000000000000000000000000000000000000000000000000000000000000000000000000000000000000000000000000000000000000000000000000000000000000000000000000000000	37854.399999999994	41.400000000000006
60	1001000111001001011100000000000000000000010000000000000000001000000000000000010000000100000000000000000000010000000000000000000000000000000000000000000000000000000000000000000010000000000000000000000000000000000100000000000000000000000	108488.79999999999	77.3
61	0010000001000011000010110011001111100110110001101001001101110001000000101000001010010111010000100110110001000101111000111100100011000001010001110010010010100110011111010010101000010110000000101101110001010010011110110001111011001100000	1058182.0	447.3
62	1010001100010011001110101110101011011000000111111100001000001010011000011000000110010110111101011110001100001011110011000100011110000011100011010011010000100101011100010011011011001001001001000010100010100110001100110110000100000000101	922250.6000000001	445.80000000000024
63	1111001010000011111100010000111111101011001010100010011000110111011111010111101101010101000100110001001110101010100001100000111111110101001100010100011100010110010000101011010100000100101000110110001100011111001101110100000010010111000	1124651.7999999998	507.0000000000003
64	0011111110001110000000000000000000000000000000010000000000010000010100000000000000000000000000000000100100000000000000100000000000000000010000000000000000100000000000000000100000000000000000000000000000000000000000000000000000000000000	125831.19999999998	91.59999999999998
65	0111101111110101000000000000000000000000000000000000000000000000000000010000000101000000001000000000000000000000000000010100000000100010000000000000000000000000000000000010000001000000000001000000010100000000000000000001000000000000000	192172.39999999997	114.80000000000001
66	0111100010111111010011101110111100111000101011100101001111100010111100010010100100111100111101000001100000011011111100000010101111000010101111000000010000101101001011011101000011100010001100101011111100100111010101010100101110111100011	1225706.3999999997	530.7
67	1000011100111010011000000000000100000000000000000000000000000000000000000001000000000000100000000000000000000000000000000000000000000000000000000000000000000001000000000000000000000000000000000000000000000000000000000000000010000000010	113739.2	68.1
68	0101100010000111110000000000000000000000000010000000000000000000000000000000000000000000010001000000000000000000000000000000000000000000000000000000010000000000100000000000000000000000000000000000000000000000000000000000000000000000000	82074.6	64.30000000000001
69	1010010110001101001101110101110000111000111010000001011111100110001111000010010111101101111100011101010011111000100110011110101110011101101101010000011010011011110010001011111000000001101010111010111111100000111101100100010110100011010	1240728.4000000001	547.3999999999999
70	1001111011100110001000010000000000000000000100000000100000000000110100000000000000000000000000000000000000000000000000000000000000010000000000000000000000000000000000000000100000000000000000000000000000000010000000000000000000000010000	154798.0	94.7
71	1000010101100001010010100000000000000000000000000000000000000000000000000000000000000000000000000000000000000000000000000000000000000000000000000000000000000000000000000000000000000000000000000000000000000000000000000000000000000000000	39796.6	41.1
72	1011100001011110110010000000000000000000000000000000000000000001000000000000000000000000000000000100000000000010000000000000000000000000100000000000000010000000000000000001001000000000010000000000010000000000000010000000000000000000000	166708.0	100.2
73	1100111000110100010010001011100001001011000001110010010110100110000101011110000010010110110010000110110001011101101001011010000011111110110001010100011001100010010000101011011110101011110101010111111101001101000101100101100001011001000	1139763.5999999999	492.8000000000002
74	1010100000100101110000000000000000000000000000000000000000000000010000000000000000000000000000000000000000000000000000000000000000000000000000000000000000000000000000000000000000000000000000000000000000000000000000000000000000000000000	40642.4	40.900000000000006
75	0010110001010010001011000000000000000000000000000000000000000000000000000000000000000000000000000000000000000000000000000000000000000000000000000000000000000000000000000000000000000000000000000000000000000000000000000000000000000000000	39934.4	41.2
76	1000101000101001111111010100110111011001010001101110000110000111111000010010101010101011011100110011000011100111110011001110011110101001111100101011110000110100000000101011101110100101111111100100011001101101110000100100110111111001110	1302377.8	548.3000000000003
77	0100100111111000000000010000000000000000000000000000000000000000000000000000000000000000000000010000000000000000000000000000000100000000000000000000000000000000000000000010000000000000000000100000000000000000000000000000000000000000000	80035.79999999999	58.3
78	0101010001011101100000000000000000000000000000000000010000000000000000000000000000000000000000000000000000000000000000000000000000000000000000000000000000000000000000000000000000000000000000100000000000000000000000000000100000000000000	75962.4	53.9
79	1010000101010110111100111000001101000110110101011111010011111111110101010100100111010110111110111101100011101110011111111010111011000101011111001011001111010010010111010101100110011011001000110001101100000100000110110010100110101111000	1318499.0	586.3
80	0100000100000000010110111111100001110000111010010001010010111010110100100001000011101000111010100100110100000110100100001110101000111110100000001110011001001010011001001001010001000011011110001100000110110101010110010011001011001110111	1074141.4	443.5999999999998
81	0101110100010010101010010010011101011110010100001101111011101001111110000111001111101010110111001110100100101001111001011110101011011110101000101010001000011111001111001111010001010111101100011110010011001011110001111111101101100110110	1347663.2000000002	574.6999999999998
82	0101010010011111110101001111101101100001001110110110111001000001110110100011011001011011010101101000110110101001100000010100110001000000111010010001110101100001010001111011011010000010010010010000111110100110111001001100110100111110100	1187273.4000000001	512.5000000000001
83	1011101011000111100101001100011100100000111000101011010011101110110101010000100100111100010111010010010010000010000110011011001110110000111100101111010110010010000000111100111010111011011100010110010100010101000010001111101000010011101	1117471.4	497.50000000000017
84	0001011101111000010110001100011010101101000001011100100000010101101000010010000101111011100011011100100111100110011001000000110110000000110011100010110011111110011110111001111000101000100001101001001001011101001010011001101010101010000	1104421.6	480.3000000000001
85	0001001001101100000011011110011101110001000110111001101111101001000000010010101000101110111110111101010101001001001000100011001110001011100100100000110111100100101101001001110101110111100000011000000010010110000110010101010100011000010	1045306.6	476.90000000000015
86	0010001000111110110111110110100101001011010000101110010100100110100100001000010011001011000000110000111001001011100011100011100000000111100100100000110001000100000100110100100100100110001001001011111111101000100011011010000101011100101	1035745.6	441.80000000000007
87	0111001011111001001011001001001000111000010100010111010000001110100010101111001100010010111000110000000101100000110101011001001110011011010101110110010000110000111111010111110110101110101110110000110010000000000100001110110100110001111	1110617.4000000001	484.50000000000017
88	0101100111110001000101010101001000001111110011001111010111000101101100001001001000011111001101100111110010110011010001110011111111111111110010111101110101111001000001000011101110101011101000101010110101100111101100101010111011010011010	1332922.3999999994	576.2
89	1010111000100000011000010000000000000000000000000000000000000000000000000000000000000000000000000000000000000000000000000000000000000000000000000000000000000000010000100000000000000010000000000001000000000000000010000010000000000000000	123815.99999999999	67.8
90	0101110110010001001000000000000000000000001000000000000000000000000000000000000000000000000000000000000000000000000000000000000000000000000100000000000100000000000000000000000001000000000000010000000000000000001000100000000000001000000	151881.4	75.10000000000001
91	1010100000111010011000000000000000000000000000000000000000000000000000000000000000000000000000000000000000000000000000000000000000000000000000000000000000000000000000000000000000000000000000000000000000000000000000000000000000000000000	38510.2	41.300000000000004
92	1011100000011111100000000000000000000000000000000000000000000000000000000000000000000000000000000000000000000000000000000000000000000000000000000000000000000000000000000000000000000000000000000000000000000000000000000000000000000000000	41943.2	45.7
93	0000000011110101011000000000000000000000000000000000000000000000000000000000000000000000000000000000000000000000000000000000000000000000000000000000000000000000000000000000000000000000000000000000000000000000000000000000000000000000000	37594.0	36.6
94	0101001110100011001100011010010000011111100000110011100010101000101001100001001010001100101001111110111100110000101011010100100011100110001010100100100010100010100011110011000011111011011001010011111111000011110111011001110001100110010	1181364.4000000004	498.1000000000002
95	0000110100010000111110011111011001101000011110010101101011010010100000000110101011011100101001001100011001000110011111101001101100111100110100101110111001011011011011001111000010010100101000100111100011000011000010110000110110110010010	1139260.8	503.7000000000002
96	0000000100001110101000110000000000000000000000000000000000000000000000000000000000000000000000000000000000000000001000000000000000000000000000000000000000000000000000000000000000000000000000000000000000000000000000000000000000000000000	47722.0	41.599999999999994
97	1110111111101000000000000000000000000000000000000000000000000000000000010000000000000000000000000000000000000000000000000000000000000000100000000000000000000000000000000000000000000000000000000000000000000000000000000000000000000000000	58552.2	59.500000000000014
98	0001000101011111001101100000000000000000000000000000000000000000000000000000000000000100000000000000000000000000000000000000000000000000000000000000000000000000000000000000000000000000000000000000000000000000000000000000000000000000000	64065.2	59.60000000000001
99	0111000111110100110010001101100011001101101101100111111100011001101111111100101010110100011110110111011000011100011100001011111011111110100010100010001001010000011111110000111001011111011111110000100011010000111010110100111111111110111	1421774.3999999997	588.9999999999999
