SOLUCIONES FIN 

0	101001111110010110010000101000100011010111100100000000000100000110010010110111010010111100111100001110011010010100111011000101001110010000001000101010011101011011010100011100101001101100001101010111000010010011101101110111011000100000101	992467.0000000001	475.7
1	000110001011001010100101000000000000000000000000000000000000000000000000000000000000000000000000000000000000000000000000000000000000000000000000000000000000000000000000000000000000000000000000000000000000000000000000000000000000000000000	41552.0	44.9
2	101111011100111010011111110010000011111000101100111010110111101110110011010111000101111100100100010101011101100000010100101110110110001100011011111100100010011000101100010111110001010001101000010000101110011110010100111111011110100010111	1175139.2000000002	558.4999999999999
3	000111110110101100000000000000000000000000000000010000000000000000000000000100000000001000000000000000000010000000000000000000000000000000000000010000000000000000000000000000000000000000000000010000000000101000001000000000010000000010000	184040.0	92.80000000000003
4	000001101101011111000010010001010011011101000110011001011100010100001010100100010000001010010110111111000001000100101111111101000100000001111100101110110001010001011001100000111011011001010100111010010100010111001011110110110100100001001	1025492.4000000001	481.4000000000001
5	101001000110101001011000000000000000000000000001000000000000100000000010000000000000000100000000000000000010100000001000000000000000001000000000000000000000001000000000000000000000000000000000000000000000000000000000000100000000000010000	150492.0	92.6
6	011101010010110011100000000110000000001110110001000011111011110001001111000000101100001110010011000000110101100000110000010011101010110100100000011101001010101110101100010000000010100100011001001101101000000111110001000011111100010100010	937126.9999999999	433.9000000000001
7	011111000010010011000101000011110001101111101111111111111000110101110010101111111000001010010111111000101111111101011101000110110111000111110111111110111000000011110001000100000110000101101111100011011001101100111010101010100101111011010	1286695.5999999999	601.3999999999999
8	100011101101111000000000000000000010000000000000000000000000000000000000000000000000000000000000000000010000010000000000000000000000000000000000000000000000000000000000000000100000000000000000000000000000000000000000000000000000000000000	70175.6	63.900000000000006
9	100001001000010011011110000000000000000000000000000000000000000000000000000000000000000000000000000000000000000010000000000000000000000000000000000000000000000000000000000000001000000000000000000010000000000000000000000000000000000000000	73444.0	58.00000000000001
10	110100100000001011000011101011101111011010011111000011110001010010101001010111110100111101111011111010000101010111100011010011111111110001001110010101110111010000111100100010001011011001000011000101111001011111100011011011001110000111011	1232546.4	570.8999999999996
11	001100100101110111000000000000000000000000000000000000100000000000000000000000000000000000000000000000000000000000000000000000000000000100000000000000000000000000000000000000000000000000000000000000000000000000000000000000000000000000000	54281.2	54.800000000000004
12	011000001100000100010111111011101111000111000011110000110111110001001001000000110011110011111011100010011001101100011000001000011011100000000010100011000010100101110001001110100101101010100111000100110010101100001110101000001000100100111	946192.0000000001	461.7
13	001101100011010000000010000100100000000000000000000000000000000000000000000000000000000000000000000000000000000000000000000000000000000000000000000000000000000000000000000000000000000000000000000000000000000000000000000000000000000000000	41061.0	44.699999999999996
14	001011101110111000101011001001010000000100111111101100110011100011100101100111100000101100111100110010100100101001111010100011100010000101011111011110111001010001100101111011000000110110011000111101100110000100001100011000001101100001100	1050794.4	509.3000000000002
15	110101001110101111000000101000101000000011110110101100000101010110010001010110000101111111001011000010100001011010001000000100111010001011100110011010000111101111010110100110101110001011100000101111010011110011001010001111010010001000001	1006753.9999999999	483.8999999999998
16	001001100100000010111000000000000000000000000000000000000000000000000000000000000000000000000000000000000000000000000000000000000000000000000000000000000000000000000000000000000000000000000000000000000010000000000000000000000000000000000	47015.6	39.6
17	010100000001100011011101101011101101110000001000111100100100101110011100000100011101011110000010010010010110100010001000000011011110111011101101000110111100000001111100011011000011000000011110010001110100001001110101100010001001001101110	1009052.0000000005	468.30000000000007
18	010111000101011000010000000100000000000000000000000000011000000000000000000000000000000000000000000000000000000000000000000000000000000000000000000000000000000000000000010000000000000000000000000000000000000000000000000000000010000000000	98543.6	63.4
19	101101101001011111011100001011011010110000110001000111010000101000110001100101000101111001111001000000100100101110011110011001010110000111001000101010111011000000011000101010101110110011011100100010100111101010000000101110101100001100010	1013019.8	486.2000000000001
20	101011010000100010011100000000000000000000000000000000000000000000000000000000000000000000000000000000000000000000000000000000000000000000000000000000000000000000000000000000000000000000000000000000000000000000000000000000000000000000000	39803.799999999996	44.699999999999996
21	000001100100111100101100000000000000000000000000000000000000000100000000000000000000000000000000000000000000000000000000000000000000000000000000000000000000000000000000000000000000000000000000000000000000000000000000000000000000000000000	47865.6	49.400000000000006
22	110101001110101111100000011000100110101111011011110001011010101010000101110110011100100011000110000011111111111000100110001100100010011100011110110100100111000011010000111001111010101001101100111001011101001001010000011010001010100101011	1099890.0	524.8000000000002
23	101000010001001011010001000000000000000100000000000000000000000000000000000000000000000000000000000000000000000000000000000000000000000000000000000000000000000000000000000000000000000000000000000000000000100000000000000000000000000000000	56843.0	49.7
24	110100000000100100010100010000101010110101100110110110111111011010111011001011000000111100110101100100101111111000001011010111110111110010000000111010010001101100110001110110000011000010111010011011000100110110101101001000011101010000111	1059412.6	503.50000000000006
25	110101111011111110100011110100000010010100010111101100101100111100000101000111011001100101110111010101100011001010001101010100100010110011101110001110010010010011011011101100001010000111110010101101010111001100110111100001110010010011001	1136892.2	541.7000000000002
26	000000100101001010100001001011011110101000110000110011111110111101100000000011000010100111111000111111000101000101001010011100011011001100111001101000100110101110001011011100101110010010111000001100110010000001010111010001110011000101100	1041564.6000000002	485.9000000000002
27	110101011110101000010000000000000000000000000000000000000000000000000000000000000000000000000000000000000000000000000000000000000000000000000000000000000000000000000000000000000000000000000000000000000000000000100000000000000000000000000	54996.40000000001	53.2
28	010011010111110100000111001100111001001011111110100011100100011111101100110111000101011110100001110010000001100010101110101011001011111001110110010111010100001011000011000011100001001011101000100101101111111000101100011111100001100010110	1096473.6	535.5
29	100000010110010111010110111100111011001010000010010111100000010010100000100001010011010111101000101001100000111001100001010100110010000001001010101011100011000000000111100101111100111100001101011011111001100111001101001100111001010000110	1012664.8000000002	466.90000000000015
30	011000001011101101000111011100111001000001111010101111000110101000110001010011011100101100100100101000100110000111001001110111001101110010011001101110111011110110011000000101101101100000010000010010011111000110101110111000111001101000101	1074746.0000000005	510.09999999999997
31	110110001100001011001100110101110000110000110110100001001100010001001111011000010100110001110011100010101010010011111001011010011011000000101010011100000001100101010000101101110100100100011011110010010000001000101011000111111000011101111	1037567.2000000002	468.6999999999999
32	101011100001100010111000010011101011010111010101000111000101110110011101010001011100000101000000001010001001111111111010111110100100000110101001100011001010001010001001001011000010111111101101100101111111001110101001010001110100001001000	1072641.9999999995	512.9
33	101010011010101101101011000110110011011101010100111000111001111000110000101000010000011101101111001101001100110010100000001001000110001101010001101001111101101000100100110001010001011111010011110000010110101010010000000000101000101011110	1007153.2000000003	479.6000000000001
34	100110011110111000010000000000000000000000000000000000000000000000000000010000000010000000000000000000101001000100000000000000100000000100000100000000000000000000000000000000000000001001000000000000000000000000000000010001000000000000000	161348.40000000002	107.10000000000001
35	010100100111110010100001011110010111100110010001101111110010100100110000000010101100011111101101111100100100011010010100011100100100011111101011111010100111000010101010000001000010000101110000110010000110010000001111101100101101101100000	1037475.8000000003	495.3
36	100111010010011001110000000000000000000000000000000000000000000000000000000000000000000000000000000000000000000000000000000000000000000000000000000000000000000000000000000000000000000000000000000000000000000000000000000000000000000000000	42690.6	48.699999999999996
37	001000000101000001100111000000000000000000000000000000000000000000000000000000000000000000000000000000000100000000000000000000000000000000000000000000000000000000000000000000000000000000000000000000000000000000000000000000000000000000000	41462.600000000006	40.900000000000006
38	001011100001001000001110000000001100000000000000001000001100001000000000010000001000000000000000000000000001000000000001000000000000000010000000000000000010000000001000000000000000000000001000010000100000000000000000101000000000001000001	238023.00000000003	125.0
39	010000110101100010111000000000000000000000000000000000000000000000000000000000000000000000000000000000000000000000000000000000000000000000000000000000000000000000000000000000000000000000000000000000000000000000000000000000000000000000000	40544.6	44.49999999999999
40	101001011101111001010010001111001100010101001000100111101111111011100011101101110000001010111100111000101110010011000000000010010000011010101111000001010000011010000111001000010000000100101111001010011010100001111000000110011000100110011	956702.0000000002	468.9000000000001
41	011000111000001110011101011011101110111011010100000110011001101110110000100101000101011011111101101010000000000101011100110011100010000101011111011110111001010001100101101011000000111011111101001101010110111011010010100001111101101010111	1217810.4	544.8999999999999
42	000111101011100110001001011100111101001001111100100010000010110010001001110111110111101010011111110010100111101010100000000111011001100001010111011111100111110110101001001011100010111111111101100101111111001101011011101110111001000001010	1239033.8000000003	581.9999999999997
43	110110001110111100000000000000000001000000000000001000000000000000000000000000000000000000000000000000000000000000000000000000100000100000000000000000000000000000001000010000000000000000000000100000000000000001000100000000000000000000000	133611.8	89.4
44	000001010110101110100000000000000000000000000000000000000000000000000000000000000000000000000000000000000010001000000000000000010000000000000000000000000000000000000000000000000000000000000000000000010000000000000000000000000000000000000	72639.4	58.50000000000001
45	100110111110100111000000000000000000000000000000000000000000000000000000000000000000000000000000000000100000000000000001000000000000000000000000000000000000000000000000000000000000000000000000000000000010100000000000000000000000000000000	90214.59999999999	72.00000000000001
46	100100010101101100110100010000011110001101010110001011010110000000111110001011000111100010000101100110100110100010111110101110100110111000011010100100101110110010001001011101000010011110101100100010100110111000100000110010000011100101011	1029331.5999999996	482.0999999999999
47	101000100001100100011010010000000000000000000000000000000000000000000000000000000000000000000000000000000000000000000000000000000000000000000000000000000000000000000000000000000000000000000000000000000000000000000000000000000000000000000	41164.6	44.8
48	100100100110111111000000000000000000000000000000000000000000000000000000000000000000000000000000000000000000000000000000000000000000000000000000000000000000000000000000100000000000000000000000001000000000000000000000000000010000000000000	90787.4	62.80000000000001
49	001110000111100001010001000000100000000000000000000000000000000000000000000000000010000001000001000000000000000001100000000010000000000000000000000000010000000001000000000000100000100000000000000000000000000000000000000000010000000000000	152078.6	98.9
50	011001100111011100000000000000000000000000000000000000000000000000000000000000000000000000000000000000000000000000000000000000000000000000000000000000000000000000000000000000000000000000000000000000000000000000000000000000000000000000000	39273.200000000004	45.3
51	110100001010101100001100000000000000000000000000000000000000000000000000000000000000000000000000000000000000000000000000000000000000000000000000000000000000000000000000000000000000000000000000000000000000000000000000000000000000000000000	39432.99999999999	45.00000000000001
52	111111100100111010000000000010000000000000010000000000000000100000000000010000000000000000000001000000010000000000000000000001000000000000001000000000000000000000000000000000100000000000000000000100000000100000000000000000000000100000000	170097.59999999998	107.50000000000001
53	100101110101011110000000000000000000000000000000000000000000000000000000000000000000000000000000000000000000000000000000000000000000000000000000000000000000000000000000000000000000000000000000000000000000000000000000000000000000000000000	42987.00000000001	49.6
54	010100100111111000000101010001100100001101110110101100111001100111110010011001001011010111111100111001000110001001101010011111110100011110101111110010100111000010101010010001000010000101110000100010100110010000001111101100101100101100000	1042229.2000000002	509.39999999999986
55	101011001010100001110000000000000000000000000000000000000000000000000000000000001000000001000000000000000000000000000000000000000000000000000000000000000000000000000000000000000000000000000000000010000000000000000000000000000000000000000	64492.000000000015	57.5
56	110111100111000000001000110001000101001101010110100010010110110100000101110110110100111011100010001010001110110101100100100011000101000100101000000101110000100011110110111110111100111000001010101001000100110101101100111001001101110100011	1093782.0000000002	488.10000000000014
57	010101010111010000110000000000000000000000000000000000000000000000000000000000000000000000000000000000000000000000000000000000000000000000000000000000000000000000000000000000000000000000000000000000000000000000000000000000000000000000000	38926.00000000001	44.29999999999999
58	101001110011011101101111011101101110010100111110111010101110101110000011111010011110111100101011110011001110100100010111111011011011110100100101101110001100110111100011110111110001100101100101100100000110110101010011000011111111001000101	1248886.4000000001	607.9
59	010101001001010110000100101000000000000000000000000000000000000000000001000000000000000000000000000000000000000000000000000000010000000000000000000000100000000000000000000000000000000000000000100000000000000000000000000000000000001000000	116246.4	72.10000000000001
60	000001111100110011001111000001000011110011001110111001001101101010001000100101111011101111001101111010001110110101011111110100111100000010111101111101010111100110001111111100100101011110100000010010110101111111010010011000110010001111110	1243248.6	576.1
61	001100111111011000100000000000000000000000000000000000000010000000001000001000000000000000000000000000000000000000000100000000000000000000000000000000000000000010000000010000000000000000000000000000000000000000000000010000000000000000000	107507.99999999999	80.3
62	101000100001000001010110110000000000000000000000000000000000000000000000000000000000000000000000000000000000000000000000000000000000000000000000000000000000000000000000000000000000000000000000000000000000000000000000000000000000000000000	41978.6	44.9
63	110001001111010101000000000000000000000100000000000010000010000000000000010000000000000000000000000000000000000000000000000000000000100000001000000000000000000000010000000000000001010000000000000000000000000000000000000000000000100000000	147687.8	89.79999999999998
64	001101111110001100000000000000000000000000000000000000000000000000000000000000000000000000000000010000000000000000000000000000000000010000000000000000000000000000000000000000000000000000000000000000000000000000000000000000000000000000000	52926.2	54.00000000000001
65	111011110011001000111101011101010011001011001011101011100100111101011001011111000111010001100101111000101110010001100001011010010101011101001011010011011110100110000110101001010101010001010110011110001111111011010101000000110111101010100	1192767.6000000003	558.3000000000002
66	100010110101010001010100000000000000000000000000000000000000000000000000000000000001000000000000000000000000000000000000000000000010000000000000000000010000000000000000000000000000000000000000001000000000000000000000000000000000000000000	77871.2	63.5
67	000111100001001011010000000000000000000000000000000000010000000000000010000000000000000000000000000000001000000000000000000000000000000000000000000000000000100000000000000000000000000000000000000000000000000000000000000000000000000010000	99274.4	62.1
68	011100010010010000100101001100100000101100011010101001111110000101010100111101111111100011100110100101011010011010001111011100100001011001110110111101010101010101010101010101111000001111100001101111111001111001101100010101001011100100110	1178683.6	540.1999999999998
69	010011111110110000000011000010000100101111111010010101110011100001000000101101011011111100010101111111100100100000001011011000011101011011000000011110001010111101111010000000111110000010000001001101010010111101110100011110000111100100101	1068772.8000000003	498.59999999999997
70	100001111011110000000000000000010000000000100000000000000000000000000000000000000000000000000000000000000000000000000000000001000000000000001000000000000000000000000000000000000000000000000000000100000000000000000000000000000000100000000	106675.60000000002	66.4
71	110000001111100010101100000111110001010000110000001100100110101010000001101111110100001010101100101100110000100110010100110100101100000011111010010011100101100110101110110101101101000111110001001000010010110001010100111010110111001010011	1087456.2000000002	484.79999999999984
72	111000011001000111101011100000100000101101001101101100100100011011100111101000110000011101011001011110110000110101011010111101110110110001101010100111110111011001001110101001011001000001010111010101101111000001111100101101111010110010111	1203527.6000000008	547.2000000000002
73	000111110011111001111101100101011011010101110001011111100100001111101110101111000111011101101101011110110101011010111010101011100111101011000110000101100011110000001000111111110110000000010001011110011100101110000010000111100100111111110	1243362.0000000002	585.3999999999996
74	110010110010110011001000110011000011011101111010100011110101001011001110001011100111100111101011101101011010101111100011101111111010001010010110111100001110011101101111111000111000101101110011010100101110001111000101110010000100110110101	1225587.7999999998	583.8
75	010011000110101101000000001010000000000000000000000000000000000000000000000000000000000000000000000000000000000000000000100000000000000000100000000000000000000000000000000000000000000100000000000000000000000000000000000000000000000000000	73139.8	63.20000000000001
76	010110001001000110110100000000000000000000000000000000000000000000000000000000000000000000000000000000000000000000000000000000000000000000000000000000000000000000000000000000000000000000000000000000000000000000000000000000000000000000000	40232.2	44.3
77	100010001110001110011010001011100111100011010010011011011010010101110110101011011101001010111110111001010000000101011100010011100010011111101011011110111001010001100001101011000000111010011000011101000110000100001100011000001011010011110	1066505.8	509.1000000000002
78	010011011111010101101110010110110010100101110111110100000001100010110001111110111110101010111001010110100100011000011111001001101000010011001001001100000101010101010101010101011100001011000011001111100101001100110001101000100001101111011	1131196.2000000002	524.7000000000003
79	110001001101100011100000000000000000000000000000000000000000000000000000000000000000000000000000000000000000000000000000000000000000000000000000000000000000000000000000000000000000000000000000000000000000000000000000000000000000000000000	39009.0	44.9
80	010011010111110100000111001110111001000101101111001000101111010101111001110110100011100010010000110111001101110100010010101010100001101111110111000100011110011111101000000001011111000100111110011011111011101100111001100100100001100010110	1133685.2000000004	550.9999999999999
81	011011100111010101111011011111111001001001101111101110111110101110001111011110110110110100101011110011101111110000000110111011111111110100001110010111101011111011011001100101111011101000111001011011101100011110001110001101100001011101011	1333803.5999999996	649.0999999999996
82	000111011101001000110000000000000000000000000000000000000000000000000000000000000000000000000000000000000000000000000000000000000000000000000000000000000000000000000000000000000000000000000000000000000000000000000000000000000000000000000	39813.0	44.699999999999996
83	000011001010100011111011001110010000111111111100011101100011110000010100111011011100111000010010001111110011101111110100100101111111111100111100011101110011110101101010111110111010110110111101001111111111011000101011001011011100011001000	1341736.9999999998	624.4999999999999
84	101101110101100011111010111100111011111011101001111111000101110000000010000110011001011001111000100111001100110111100101001001100110001101110110101111011001000001110110101111110101001011100001011100101100101011011011110010010111111101010	1311592.2	588.7
85	111100110111000011000000000000000000000000000000000000000000000000000000000000000000000000000000000000000000000000000000000000000000000000000000000000000000000000000000000000000000000000000000000000000000000000000000000000000000000000000	41600.0	49.400000000000006
86	001111000100011100000111100000001111100100111001000000011100001011001011001110000011101001011110111100001100100011010010111101100101100101111110101110110000010110011111110100001011100110001101000011101101000100001100111010101101101010010	1133224.8000000003	513.4000000000002
87	010110010011101101000000000000000000000000000000000000000000000000000000000000000000000000000000000000000000000000000000000000000000000000000110000000000000000000000000000000000100001000000000000000000000000000000000000100000000000010000	128270.00000000001	70.3
88	101101010010001010001010001000000000000000010000000000000000000000000000000000000000000000000001000000000000000000100000000000000000000000000100000000000000000000000000000000000000000000000000000000000000000000000000000000000000010000000	104833.6	71.5
89	010000011001000100010011110000000000000000000000000000000000000000000000000000000000000000000000000000000000000000000000000000000000000000000000000000000000000000000000000000000000000000000000000000000000000000000000000000000000000000000	43010.2	45.2
90	010010101011100011110000000000000000000100000100000000000000000000001010000000000000000010000001000000000000000000000000000000000000000000000000000000000000000000000000000001000000000000000000000000000000000100000010000000000000100000000	155294.8	93.2
91	000011101001010001010110001000001100000000000000000000000000100000000000000000001000000000001000000000010000000000000000000000000000000010000000000000000011000000000010000001000000000000001000010001100000000000000000000000000000000000000	185429.40000000002	115.5
92	111111000010010111111000110010001000100010101100110011010100010000001001101010100101100110110111001001000010000111100101111100010000110010100000111010101000010011101111000000010101101100111010110011011111011000110010110001000010101111110	1102408.2	490.1
93	110000010011001100101010000000000000000000000000000000000000000000000000000000000000000000000000000000000000000000000000000000000000000000000000000000000000000000000000000000000000000000000000000000000000000000000000000000000000000000000	39702.59999999999	44.5
94	101000100010000100111101010001010010001011100001100101001000110010111011101001010001000110001000010111010010000010101111001001100101101001011101110000011010100010011000000100011001011010011001001101100010001111100011000110100011010000011	925796.6	438.9
95	111111100110100100000000000100000000000000000000000000000000000000000000000000000000000000000000000000000000000000000000000000000000000000000000000000000000000000000000000000000000000000000000000000000000000000000000000000000000000000000	45246.200000000004	53.5
96	010001000000011101100110000110001110000100101111000001100001010011001110000001010010011001000010011001101000111010100010111111001001000111010101000100011111100001101011100110011000001000011011111000101011000010101100110110000001010101110	976474.0	446.6
97	111011110011111000111101110101111100000000011100100111111110111110110000011010001110111011001011110111110010011010101111110101000000101010110001100010001000101101010110010001111001011011001010001011000100110110101101001000011111101000100	1148780.6	555.9000000000002
98	101110101001001000111000000000000000000000000000000000000000000000000010000000000001000000000000000000000000000000000000000000000000000000000000000000000000000000000000000000000000000000000000000000000000100000000000000000000000000000000	69839.59999999999	62.3
99	100110010101000110010001000000000000000000000000000000000000000000000000000000000000000000000000000000000000000000000000000000000000000000000000000000000000000000000000000000000000000000000000000000000000000000000000000000000000000000000	40028.799999999996	45.0
SOLUCIONES FIN 

0	010111110111101010011100111000001100111111101011010111000000111000000111111100101011101101101010011101101101001000011000110000100111111101011111001011111010101011110100111000101111101011111101011010000111110011100111110100010100110101110	1279420.6000000003	598.8000000000001
1	100100101011110010010010011011010100110000111111001001101100001001100101100000000011101101000001111010001000100101111011011110101100110111100000010000101101010101110101001111010000101111101000111001000110010000100111101101110110101010010	1119279.4	507.29999999999995
2	010100100110100000010111000000000000000000000000000000000000000000000000000000000000000000000000000010000000000000000000000000000000000000000000000000000000000000000000000000000000000000000000000000000000000000000000000000000000000000000	47559.2	49.6
3	100111100011101010010000001000000000000000000000000000000000000000000000000000000000000000000000000000000001000110000000000000000000000000000000000001000000000000000000001000000000000000000000000000000000100000000000100000000000010000000	152025.0	89.00000000000001
4	011101111001011110011011000001110110000101111001001001010011101111010100100001010100001001100001000000000001000101100010011110111100000111001100101101111011110100001111000000111011010000001100000100101100001100011111110101101001100010100	1005827.0000000002	478.50000000000006
5	110100001000001100100111100110110110100000010100111110000010101010000001111100110010100100010110010110100000101011010000100101110111010010100010000101101110110000100110110101101111010110010010000011110100100110000011001100000111101101001	1072690.6000000003	473.4
6	001001011011100100110000000000000000000000000000000000000000000000000000000000000000000000000000000000000000000000000000000000000000000000000000000000000000000000000000000000000000000000000000000000000000000000000000000000000000000000000	39759.799999999996	45.0
7	111001100010111101110101111101111101011010011011111001010011100100000110011000111001111011110101100111010100111101001000111001111111010001001101101011101111010101111101010111010000101111101000011111011101010011000110111111001011101011110	1361449.8000000003	623.0
8	010110011000111010101100011001111101101011010000110100101101110101110111110110111100010101000011110010100000110110010100110000111000111111111110111111100001010101011100011000101110101110001101011101001001011111110111011011001011001101100	1277825.4	588.0999999999998
9	101100001101100111010000000011010100010100001110111100101010001110111110001100011101110001101000000001011101111111000101101110011110000101111010001111111101101111011000010001000110010000011100001010001010001010010110110010100000001111111	1052804.4000000001	505.49999999999994
10	010011010100001110100101100011101010111101110001000011011010101100000011100111011111111001111110001110101101011100010000011110000010110101011010110110100001000010011110110110110000011111011110101001111101001010001010100010111101110000011	1170940.9999999998	547.0999999999999
11	000111111101001110000000000000000000000000000010000000000000000000000000000100000001000000000000000000000000010000000000000000000000000000100001100000000000000010000000000000000000000000000000000000000000000000000000000000000000000000000	100952.19999999998	84.69999999999997
12	110110001101001011110011001010011111011000100110000011110000010101111001111011100000110101111100011100110011101001110010000001111001101000100010100101101100111001010011001000011100010111010101011100010100010001110110110001100110100011101	1099351.2000000004	517.5000000000001
13	100100000111010110100101000000000000000000000000000000000000000000000000100000000000000000000000010000000000000000000010000000000000000000000100000000000000001100000001000000011000001000010000000000000000000000010000000000000000001000000	203543.19999999998	106.50000000000001
14	001001101000100001111010000000000000000000000000000000000000000000000000000000000000000000000000000000000000000000000000000000000000000000000000000000000000000000000000000000000000000000000000000000000000000010000000000000000000000000000	55707.0	48.99999999999999
15	000011101100110001101000000000000000000000000000000000000000000000000000000000000000000000000000000000000000000000000000000000000000000000000000000000000000000000000000000000000000000000000000000000000000000000000000000000000000000000000	40719.4	45.3
16	111000101001100110101001001011111010010011001001101001101011011000111000011010011001000100101100101101110110010010100111100111001001111111110101000010001101111111100100001110011111000001111011100001110010011101100101111110000100010110010	1146245.8	543.0999999999999
17	100110000101110110101000010110011000101111010001010010001010110001111101010100110011100001000110010100011100001110000010000001100010101010001010111110111011000110001100100010010101101101110100110110100101010101010111011111000001111111000	1156696.6	501.00000000000006
18	101000011101000011011000000000000000000000000000000000000000000000000000000000000000000000000000000000000000000000000000000000000000000000000000000000000000000000000000000000000000000000000000000000000000000000000000000000000000000000000	38335.600000000006	43.69999999999999
19	101110100100101011010000000000000000000000000000000000000000000000000000000000000000000000000000000000000000000000000000000000000000000000000000000000000000000000000000000000000000000000000000000000000000000000000000000000000000000000000	41644.0	48.79999999999999
20	011001110000000101101000000000000000000000000000000000000000001000000000000000000000000000000000000000000000000000000000000000000000000000000000000000000000000000000000000000000000000000000000000000000000000000000000000000000000000000000	41375.4	45.099999999999994
21	000010111101101010101100100100100100101010110100110011010101001011011001011110110011110101100011110001111110001111101001000110101011111001101011011001100110011101111011001101111110101111000110011101100100000111111010010001001110111101100	1310190.0	583.1999999999999
22	111101011000101111011011111011111100110111010011100111010111110101111000001101001000101010011001000100011001101111100110100000111100101111001110001011100111001101101111000010010111110101101011000001001100110011011111011101100101010111100	1267359.4000000001	592.2999999999998
23	100111101011100010000100001100000110111111011110101010100111001110100000001101010010011111101000100110010001100111000001010100101100100101000101000001110101001001111000111011101011001010011100101100110011100001111010010100001010101110001	1097619.6000000003	499.8999999999998
24	011011011010000010010000011000000000000000000000000000000000000000000000000000000000000000000000000000000000000000000000000000000000000000000000000000000000000000000000000000000000000000000000100000000000000000000000000000000000000000000	56249.399999999994	53.099999999999994
25	110011100111101100000000100100000000000000000000000000100010110000000000000000000000000000000000000000000000000000000000000000000000000000000000000000100000000000000000100000001000000000000000100000001000000000000000000000000000000010000	169589.2	103.00000000000001
26	100010001010110001110000000000000000000000000000000000000000000001000000000000000000000000000000000000000000000000000000000000000000000000000000000000000000000000000000000000000000100000000000000001000000000000000000000000000000000000000	67808.6	53.300000000000004
27	000111010101111010100111001101001111100110100000001100110001110110011011010110111111100010010100010111001001101010110101110101110011001101001001110011001100001100001101110100111110010000011011001001001010111001111101010101011110101101110	1235960.4000000001	555.9
28	000101100100001001000001100000000000000000000000000000000000000000000000000000000000000000000000000000000000000000000000000000000000000000000000000000000000000000000000000000000000001000000000000000000000000000000000000000000000000001000	80171.79999999999	44.6
29	000110111111011011100110111001001101010101010101100000000111110001101000001100010000111110111101011011100101011110000100101101111110001011101110111000011111100001000001101100110111111101101010010001010001001001111000000011100111001101100	1160224.6	545.5000000000001
30	000011001001011111001000000000000000000000000000000000000001000000000000000000000000000000000000000000000000000000000000000000000000000000000000000000000000000000000000000000000000000100000000000000000000000000000000000000000000000000000	59535.40000000001	53.8
31	001000101011011111000000000000000000000000000000000000000000000000000000000000000000000000000000000000000000000000000000000000000000000000000000000000000000000000000000000000000000000000000000000000000000000000000000000000000000000000000	40354.600000000006	45.400000000000006
32	011101111101100110111001001011111110010111101001000011100010001001100100100000010111101010000111000111110111011011111010111011010111001100010100010001110110101010101101001111001011001011100111011100100100001100011111110101101001100010100	1160317.6000000003	560.5000000000001
33	011010010011001001011010110101111101011010011011111001010011011101001001011101000010111001001100010000101111011101111000111101110111011100001101011101101101101111101111000110101111001101010101001001100101000110111000111110111111111111110	1433291.2000000002	607.2999999999996
34	100101010010000010110110101110001110010101101000110110111110010110010101100011110001010101111100011100011011101001110100011111100011011101001001110110001010001010011100001011110011000110111101000101001010010000101110110111001101001110110	1168272.2000000002	540.1999999999998
35	000111011111011010000000000000000000000000000000000000000000000000000000000000000000000000000000000000000010000000000000000000000000000000000000000000000000000000000000000000000000000000000000000100000000000000000000000000000000000000000	62956.600000000006	58.30000000000001
36	111100101101101010000000000000000000000000000000000000000000000000000000000000000000000000000000000000000000000000000000000000000000000000000000000000000000000000000000000000000000000000000000000000000000000000000000000000000000000000000	40933.600000000006	49.400000000000006
37	010110101001000100111000100000000000000000000000000000000000000000000000000000000000000000000000000010000000000000000000000000000010000000000000000000000000000000000000010000000000000010100100000000010001110000101000000000000000000000010	201413.0	101.2
38	100001001110001011001011000010001001100010101011101100100001000110110110000111010100000011001101111101011001011010001010110010001000101000001110011110100001001101100001011001001010100011110100101010001101101101110110101000011101011011010	1111666.8	481.29999999999995
39	000110110100101010000001101000011001110010101110000001110000011001111111111001000101000101001001000111110101001011010000100101110111010010100010000101100110110000100110110101101111010111000100101101011010010011110010111010111100100010111	1116669.8	502.1999999999998
40	011110111000111000100101011101010101010001000011011100110100100000010110011010100101000100011011011111100101101010111100110001100100011001100011001111000101011001101000000110001110001101101110000001011100101100111101010010001110001011000	1084302.4000000001	505.3999999999999
41	001101011010100011000011000000000000000000000000000000000001000000000000001000000000000000000000000000000000000000000000000000000000000000000000001100000000000000100000000000000001000000000000000000000001000000000011000000000000000000000	144001.8	90.4
42	111001100001001110110000000000000000000000000000000000000000000000000000000000000000000000000000000000000000000000000000000000000000000000000000000000000000000000000000000000000000000000000000000000000000000000000000000000000000000000000	41881.399999999994	49.1
43	010100100001000001100010100110111101000101110111100101010110101100011110111001010111000100100101101000101001000010000000001011000000001010001010111110111011000110001101100010010100101101110100110110100101010011011101100100101011100100011	1054378.6	475.5000000000001
44	000100000110010001100010110000000000000000000000000000000000000000000000000000000000000000000000000000000000000000000000000000000000000000000000000000000000000000000000000000000000000000000000000000000000000000000000000000000000000000000	39012.4	41.199999999999996
45	010010100001100100010110101101100011100010110111111100110000101110101101110001111000110010001111010100010000100101100001110011110000111001100111010110110111101000000000110110011111000010100011001100111100110011011101010001111000001011011	1111288.8000000003	519.2
46	010100110011001011100000000000000000000000000000000000000000000000000000000000000000000000000000000000000000000000000000000000000000000000000000000000000000010000000000000000000000000000000000000000000010000000000000000000000000000000000	64524.6	53.7
47	111111010111101000000000000000000000000000000000000000000000000000000100000000000000010010000000000000000000000100000000000000000000000000000000000000000000000000000000000100000000000000000000000000000000000000000000000000000000000000000	82966.59999999999	77.20000000000002
48	110001010000101100100100000000000000000000000000000000000000000000000000000000000000000000000000000000000000000000000000000000000000000000000000000000000000000010000000000000000001000000000000000000000000000000000000000000000000000000000	59803.2	50.2
49	010001101100001111010000000000000000000000000000000000000000000000000000000000000000000000000000000000000000000000000000000000000000000000000000000000000000000000000000000000000000000000000000000000000000000000000000000000000000000000000	39486.4	44.6
50	101011110000001111010000000000100000000000010000000000000000000000000000000000000000001010000000000000000000000000000000000000000000000100000000000100000000000000000000100000000000000010000000000000000000000000000000001000000000001001000	192102.80000000002	96.89999999999998
51	101101001011111000000100010011010110111000001101010100001000101111100001100010011000011001010100001111000001101000110111000100101010000010100010011101001000000001101001111000100000110010111001110110110011001011110010000010111000110101101	1024701.2	458.3
52	000110100011010000101100000000000000000000000000000010000000000000000000000000000000000000000000000000000000000000000000000000000000000000000000000000000000000000000000000000000000000000000000000000000000000000000000000000000000000000000	42196.0	45.0
53	011101111001111110011010000001110110000101111001011001010001101111010110100001001011110110000000101011100110100010001111110011111110001011011010100001101111010001101111010011111000000011000000010110000000001100011111110100101001100010100	1038389.8000000002	514.7
54	011110010010101001100000000000000000000000000000000000000000000000000000000000000000000000000000000000000000010000000000000000000100000000000000000000000000000000000000000000000000000000000000000000100000000000000000000000100000000000000	87828.0	63.4
55	101011010010011000100100000000000010001001001000000000000000000000000000000000000000010000010000000000000000000000000000000000000000000100001110001010000000000000000000000000000000000000100000010000001000000001001000000000000001001000000	251658.99999999997	127.89999999999999
56	000001100110110111001111000100111001111100111110001011101010010011110101111011000111110000110010100000010000010111011010111111100010101010101111101101011011011000110101010110010110011011100010000111100001011100101110111101000001000010111	1090491.2	544.5
57	001011011000110111000000000000000000000000000000000100000000000010000000000000100000000000000000000000000000010000000000000000000000010000000000000000000000000000000000000000000010000000000000000000000000000000000000000000000000000000000	85122.99999999999	73.0
58	101000011010011110010100011010000100011101100111000100111110111011001100111001110101001011110110000101110001111100110011110101011111000111101100100000001001100100000111000011100110111101100111001011001011011010110100110110110111010110010	1215183.9999999998	552.6999999999999
59	011001101111001100000000100000001000001000000000000000000000000000000000000000000000000000000000000000000000000000000000000001000000000000000000000000000000000000000000000010000000000000000000000000000100000000000000000000000000000000000	85410.6	71.60000000000001
60	111101011000101111011011111111111100110101110110111001001100001011011110111001110010000101100111101111000001101010110101111001111111010001001101101011100111010101110101011111010000101111111011100000001110110111011111011101100101001111100	1356321.1999999997	634.4999999999999
61	101100100100100010111000000000000000000000000000000000000000000000000000000000000000000000000000000000000000000000000000000000000000000000000000000000000000000000000000000000000000000000000000000000000000000000000000000000000000000000000	38584.00000000001	44.3
62	101110100011010100110100000000000001000000000010000000000000000000000010000010100000000000010000000000000000000000000001000000000000000000000000000000000000000000000000100000001000000000000000000000000000001000001000000100000000000000000	154457.79999999996	106.1
63	011010111110100001010100001011101001000011001101010000101001001100000000000000101101110001000111111110011110010010000000101001011000101000111101010110000010100101111111000010011101010011111000000100111111010001101111100010100110010110001	1061633.4000000004	474.3999999999999
64	001001101110111010010111000101110101101111111001000100010001001001101000110110111000110110110101101011101110010011100011011110011101100000000001111101100110110000111101111111010111110101011101111110010011000110001101001011111001010010001	1228148.8000000005	576.8999999999999
65	100111010111100011000100010111100110101000001111111000001010110111111000010001001100010011000110001101111011011101011101101001000110111011000000110111010010001011101110000000111100111011110111001111100110101101000111101000000000110110100	1120425.8000000003	536.1000000000001
66	110110101111010000000001000000001000000000000000000000000000000000000000000000000000000000000000000000000000000000000000000010000100000000000000000000000000000000000000000000000000000000000000000000000000000000000000000000000000000000000	60300.799999999996	62.50000000000001
67	010011000110110100010100011010100100011001100111000100111110111011001100111001110101001011110110000101101111010010010001011010010011110110111011011010001000110110101001001001000100000100000100011110110111001101001011110001010010101101011	1098451.0	515.6
68	011010110111111110001101001101111111011010111001010100101011110100111101000011011010011011111110100100111101100001111101100001101001010101010000111110101111110001011100110011110000100001000110111011110001110011011110010011010111111111011	1373587.8	610.3
69	010000011111101100100000000000000000000000000000000000000000000000000000000000010000000000000000000000000000000000000000000000000000010000000000000010000000000000000000000000000000000000000000000000000000000000000000000000000000000000000	60865.59999999999	58.6
70	101110001101000111000111101010111000100000011001101011101000010010101010101100010000010001001100000000101110011101111100111001100111011000001101010101101101101111101111000100101011001101010101001011100101000110110100111010111111000000010	1099984.4	510.70000000000005
71	000100001000101000101101111100011110001110010000010100011011111011010000110010110011001001001001111100010010110010010011110001110110100011011101101110100110011111100100001110011111000001111011100001110010011101100101111110000110010010001	1124031.4000000001	522.5
72	000001010100011001110001001100010111110010011110100011000100111010101001101100110110010000101111110100111111001110001111011000110110000001100011010100011100000010010001101001000010111101111110101101100000110111011010100110001001001101101	1103615.2	509.5000000000001
73	011000000110101011101011011010111110101000010111001010111111100101101111110111110101110111010100110011111101101011110001010110011101100110000000111011100111010001001111111111111110110101011000000100100101110010111010110110111001111101011	1365156.8	620.4999999999997
74	101011101000000110001100100000001000100000000000000000000000000000000000000000000000000001000000000000000000000000000000001000000000000100000000000000001000000000000000000000000000000000000000100000000100000000000000000000000000000000000	111138.8	84.69999999999999
75	000100000001101011011010010000000000000000000000000000000000000000000000000000000000000000000000000000000000000000000000000000000000000000000000000000000000000000000000000000000000000000000000000000000000000000000000000000000000000000000	41917.799999999996	44.1
76	101001101100001011011000010000000000000100000000100010000000000000000100000000000000010000000000000000000000100000000000000000000000000000000000000000000000000000000100000000000000000000000000000000000000000000000000000000000000000000000	94895.40000000002	84.8
77	011011011000011110001000000010000000000000000000000000000000000001001000000010000000000001000000000000000000000001000000000000000000000000000001000000000000000000000000000100000000000000000000000000000000000000010000000000000000000000000	113161.4	89.39999999999998
78	111010000101111011111110111111011111001111101010111001001101101111101111100101000011001011010100011110101010111110101001100111000101111111100100111100000111110011001110000111101011110001010111111111110110111111101101101111111001101110101	1455783.0	665.5999999999997
79	111000101011001000100010101010111111001001100001010010000011011001100110111111011001011000100101000011110011010110110011111110111100000001100001000000000000111011010101100100110010100000110111000100011010011010000111010000010100110100010	978780.8	476.7999999999999
80	011111111001100000000000000000000000000000000000000000000000000000000000000000100000000100000000000000000000000000000000000000000000000000000000000000000000000000000000000000000000000000000000000000000000000000000000000000000010000100000	118962.79999999999	63.0
81	010100100110101100010100000000000000000000000000000000000000000000000000000000000000000000000000000000000000000000000000000000000000000000000000000000000000000000000000000000000000000000000000000000000000000000000000000000000000000000000	39866.399999999994	45.1
82	101111011111011101010100000011111000000011111011000110100100011111000101010001010100001110101101000011110001101010010111110010110101010000100110100101001010111101010001100000110000110111101010011010101000000010001011111111000000001011110	1018991.7999999996	502.10000000000014
83	100001001011101000101100000000000000000000000000000000000000000000000000000000000000000000000000000000000000000000000000000000000000000000000000000000000000000000000000000000000000000000000000000000000000000000000000000000000000000000000	40466.0	45.3
84	001111000001001011000110000000000000000000000000000000000000000000000000000000000000010000000000000000000001000000000011000010000000000001000000000001000000000000000000000001000000010000000000000001100000000000000000000000001010001000000	246961.40000000002	108.00000000000001
85	111000111110000101110101011110111111011011011000110101001111111111101110011101001111011111100000101111101000011101011101111101110110001011100100100111110110001001001110001101000010010110111011111110110001111110011100001111101100000111100	1299330.4	628.1999999999998
86	101010000001101011101101011110011101000010100010010110000110011011000110000101111110010111110011100001111111001101111010100100110110111001010100000000001110000011010101101101001101111110000111111011011000010100111101010101110000110011010	1156129.4	539.1000000000001
87	111100011111001010000000000000000000000000000000000000000000000000000000000000000000000000000000000000000000000000000000000000000000000000000000000000000000000000000000000000000000000000000000000000000000000000000000000000000000000000000	40779.600000000006	49.300000000000004
88	110000101000001001110000010100000000000000000000000000000000000000000000000000000000000000000000000000000000000000000000000000000000000000000000000000000000000000000000000000000000000000000000000000000000000000000000000000000000000000000	39676.6	44.2
89	111000110111010101000010010000010111011000100110000011110000010101111001111010000111011111101111111001100010001100000100011010101011010011101011001001110110111000111000010100000100011100111101010100111000101110110100111100000010101001001	1060228.4000000001	511.6000000000001
90	101110000100110001001100000000000000000000000000000000000000000000000000000000000000000000000000000000000000000000000000000000000000000000000000000000000000000000000000000000000000010000000000000000000000000000000000000000000000000000000	51325.399999999994	49.29999999999999
91	111001100010011100111101010100111010101111111111101111001001110000010110011001111011000010100110110110101001100011111110101000010000110111000101001110010001101100010010000111111010001010010010101101000010110101111001000010101011001011101	1139536.4000000004	541.5
92	010110001011000111010011101110011110110111101111001101010111011111001010100001010010100111010011011100111101111000101011010111100100010011011010011001001011100011011001100110011001010010010111111010011111111000111000100000110111110010111	1240346.6	573.8
93	111110010000010110000000000000000111000000000000000000000000000000000000000000000000000000000000000000000000000000000000000000000000001000000000000000000000000000000000000000000000000000000000000000000000000000000000000000000000000000100	63912.59999999999	58.500000000000014
94	111001100010111100111101000110111101001011111111101010001011000101001001001101010100010101100011101011001101100111110010010000110110101100011101101110110011000000011010100010111101111100001010010011011101110011000100101110001011001011101	1165144.2000000002	546.4
95	010011010001111001100000000000000000000000000000000000000000000000000000000000000000000000000000000000000000000000000000000000000000000000000000000000000000000000000000000000000000000000000000000000000000000000000000000000000000000000000	39767.6	45.4
96	011110001001011011100000000000000000000000000000000000000000000000000010000000000000000000000000000000000000000001000000000000000000000000000000010000000001000000001000000000000000000000000000000000000000000000000000000000000000000000000	85945.8	71.9
97	010011100001111101010111000110111001001001010010110000111100000100101111001011110010000000100010010000000110111110001111010101111101001010010010011001000001010101101110000001000010110111001111101001000101000110100000000011111101101110100	1087009.4	483.6999999999998
98	111101011101011110001011000110010001111000110010001001011111101001101100111100110110110000101111110100111111001110110011111110111101001000100011110111111110011111110100110001001110001101110110001110010010110101001101000100110101011010000	1228678.4000000004	597.3999999999999
99	001110011110000111000000000000000000000000000010000000000000000000000000000000000000000000000000000000000000000000000000000000000000000000000000000000000000000000000000000000000000000000000000000000000000000000000000000000000000000000000	44497.8	49.6
