SOLUCIONES INICIO 

0	10110000100011011010101100010100001110101000010100011000101100011001010110111001100000111100100000011101001010110101011001001101010001011101101011101001110110111100010001101101110000001010110110010001011001001011010111001001000101011100101	1151866.6000000003	492.6000000000001
1	00111101000011001011100001010000101110101000010111100011110011000111111100001110001110000011110110101101001101010010011001001011000000111001001001100011000001011110100011000001010100101101010001011110010111001000000110100011111110001010111	1183967.0	493.5999999999999
2	00110010010101011011000000101110010100111111111011001110100101100010001011000011001111000111111110010111101110010011011110101011110110111001101000001011001000100101100011001111101110001010110010111011100110011100000000110010001011011100110	1242901.5999999999	546.0999999999998
3	10110111111111011111011000100001001110000110110100011100111110001101111101011111010111010101110111000011111100100101100001110110010001111001110100100100100010001101000100111011000110110010110001011110010011011111111011101001100000111001011	1314630.9999999998	586.3999999999996
4	11100010100010110001001010100010100010010010111110010011000110100100101111111001010000101001010001100001100101100111001010010011101100011110010001010001000100101101011000001001101011000101011010100001110101001010110010100000100101110001110	1088831.2	466.40000000000003
5	10100001111100011100010011010111011010000100110111111101001010110111010000101010101000100111101100100011110111010110000000111011110111100101100100101000111111110110101111101001001001110010101011110010010001110010100011100001110011000100101	1244115.4000000001	549.8999999999999
6	11010101110010110100100011000001001001100100100101101000000101000110100001101000100011101100010111010101110001101111111100011001001111001001010010000001011100010000110100110111101111100100100101000000001111011100000010110110111101011111100	1276631.8000000003	500.8000000000001
7	11011111000100000111011010110111101011110101010000101101111001001000011010100100111000011000001001100000010100001011100011100001001110010110111000001011011110100010010100001111100001101000100101000101010101000011010101000000011011001011111	1115685.4000000004	477.50000000000034
8	10110111010000000000110110010011001101100001100110011001100001000111010001001011101010010000001110110110000011111101011010001100111011110111101010010100100001110011100101101011001001111110001010111111111001101101001100101000101110011000000	1250957.1999999997	530.3
9	10111010111000101001000001011001111011111000111010011000100011011001011100011010001101010001111001011010110101100101010100100111110001000001111010001010010110101110110111111011110111110100101011110001101001001010101110110001100100011110001	1311526.5999999999	555.0999999999999
10	11100100001010101110011101100010111011010001111111011010111111010001101000110001010100100111000001010101111011111011011001100011010011100000101011000010001001100001010010000010111111001111110010011110011101100110001111111001110100111001110	1331207.6000000003	558.0000000000001
11	11001111111000101011110000101111010100001101110011110001110001001011100110001100001010000110110100001101111110011001011010011011010011000010101100110110101101000001000010000110101110101111000000010100010000100101011001000100111001000101100	1100362.8000000003	498.2000000000001
12	10101011100000110100010100011010001100100111001010111111111001101010110111000000110111000000100111011110000010000011100000011010000001100011101110111001101010101111010000100000000110110001011000011110111101110011110011000000010010000010010	1049330.4000000001	483.19999999999993
13	10101000101110000001001001001101011000101001011001110111100100010111001111011010011111010000010011101100100011011100001111011011110011000110101010001111111101000000010100010000011111100000010010010110111100101100011101000001001011110010110	1180812.6	512.4
14	11111101010011001100101001101101011010101100110010001010010110001011011011101000011110010100101000110100010010001111100101110000110111000001001100111100100000101010010001101010111110101110001100000111001010101000110101001001000001000101101	1076196.0	496.6
15	01010000001101011011011100100100111011100110101100000110001001100111101111111001001010111101110100001010101001010010100000010001001011100011100011100011001110111010110011100011000011010010100000101001010001011000110100000111101111001011111	1226815.4	503.7000000000001
16	10000100100101110011110010110001111111010101110010000110100000111101110001111111101000010000011011111101001100011001001010000100011011001000010100011010010101101100011010000001111111011001111011111100000000010101010000001001100111001100000	1157526.8000000003	506.7999999999999
17	11011001111111100101011010010000011011101101001110100000001011110001010101110110001111001001010010111100110000100000010111000110110101100100000110011001111011101011101101100000110111011000110111100001101110011010011001110101001110110001001	1267432.2	541.1999999999999
18	01010110000010101111000011000011111111011001000111001010111100001111111110111011100100001111000101000000111001100010010010010000011001110100000111100111010111001010010101100010110001000101010000100001100101110111110110100000100110010010010	1117892.7999999998	501.9
19	01010000110000010001010000010101011011000110010011110000101001111011110010110000011000011101010010011000110011101000000010101101101011001101111110101100010110000110000001011000010010001010001000010011111110110111101111010011111010011110110	1250246.2	493.79999999999995
20	00101111101000010001101000001000000111000111110100111100111010100001110100111001111100110111111101100011000011011110000011111011011010110100000110010010101110010101010000001111000001010101011000001111111011100000000010101010111100100011100	1208151.0	520.5
21	00001111010011110111000011110100000010000000000011111101010100010100011000101001100011001001010111111011111101101110111100100001101001111000000001100011001101100111110000101111001001100001111001011011000110010000010100000111000011001011110	1147576.0	497.50000000000017
22	10011000111110110101101011101011010101100100100110110100000010000100111000101111000110000010011110000100011000101001010110111010001001110110100010000101110010100000100011111101111001000111100000001111000101000110101011010110000101011100101	1123955.6	489.4000000000001
23	01000010011001011100100001011110110100111100011011111011110000011010100101000010001100011100010110110001101100100001011111111100011111010111001110001101001011111000101000110111101101110011010001111011011001010101001000101011011101000011001	1286431.4	547.9999999999999
24	01111010110010101111000010101100111110000100101011000001111111011001101011000101100011100000110111100010101100001111111101100010111110100100001011100000010110000000001101110011100101110101101010111000011001001001001111010100000111001100011	1168767.4	520.7
25	11001111110101000010110111001101111000111000010010010111010000011100000000010110100111010100100011011010010010010101001000111010010100110111100001010001011111001110111101110011110011011111111110011011100000101010100000010111111111111010100	1403926.4	549.0999999999998
26	10001111110010101101110001111111100100000101110101100101010001010100111101000110101100001011101111100110100101001011110100101101010001000001010111001000010111000010110000011101101000000101111100100111001010110000110001110001000010100000011	1048268.7999999999	502.4
27	10000010010100110110100000010010100111101011100101011111111000100100001010110001100111101101111011111110111001010100011010101111001011101110011011011111110010011100011100011010101100100000000011011000101001111101100101010011001111010010001	1261831.1999999997	551.3999999999999
28	10100000100000000101111001001000011010110010101011100100110010000010010001110010001011111001010111001110011111000111011011001111011000111011111000000110101011001111011000011011011110100111111000010011101001011100111100110010100111010101100	1305776.8	535.1999999999999
29	00001001100010000110111111011000000110101101011101101000000101101000111100011001110000110110100001011001110000001000010011110011001111001101100000111111000101010001101001010101100001101110100001111001000010110011001000110111001101101101001	1200487.4000000001	494.80000000000007
30	10010100100111000001101000100111001110011101001011011100011110001011001001100100110100100000110000011011101111101111111000010101011001000110010101111011011011000100001101000001111110110001001010100011001101011001101010011011111010000111111	1269385.5999999996	523.4999999999999
31	01110111000010001010010010011011000011100010001101000111010101110100001001101100101101101001011010110001111100100101000111101110110001111001110011000011011100101001011111000001011001001001110110110110001001000100111100100011100001000000100	1071556.6	502.6000000000001
32	11101100001000111111011110000010001011100100010010001011100010111111000010111001100111010100001010011000110111010001100101001001011001011110100101000000110001111111100111000000100000100101000110000001101010100010101010110000110001100101010	1076475.4	477.9
33	00011010101001000111110010110101111011111101111011001101011000000001011011111110001100011111010111000001000011001110001111111101111101100100010010111100001011111001011000101100001111010110110110110100000101100010101000000011010100100110100	1209008.4000000001	548.1999999999998
34	00011111110101010010011111101011010001010100001101111101010001100001111100011101100111011011010110100010011011011111111100010001101001010010010100001101001001101010000011100010100000101011000011101000100100101001110111111110110000100110011	1191646.2	531.9999999999999
35	11011101110111010111101001000011001101010101111010111000010111101111010110100001101110010111100101111100010010101010101000110101101001011011011010100100101110100111110111111101101001100001110101000101011110101001110111001111001110101000100	1344799.1999999993	594.1999999999997
36	11110110010000011101011111011001001111110111100011101100001010101100110010111010001110000010101000000001000010101010101011001101011111101111001000111111001111010001100001010000110001010101010001001011001011111010101110001111110100010111101	1282335.6	541.1999999999997
37	01001000110001000000000000111110010110010111100101001110101010011101110111001001001100100101110010010011100001010100100010000010111100101110010000011101100111111001000011111011011111101010110101100110101001011111111011001100000001100000100	1146587.6000000003	507.09999999999985
38	00011010001001110001101000100111100011100010011001000100010011101101100001101110010111001011100001000011011011011100001010001101000101001110110010111011000010011000111101011101010111110111011000100011111010101000101101010010100101000001110	1156482.5999999994	503.3999999999999
39	00010110010010010001010100010101101010110111000010010110101101000110000011011100001011010101100010111010111101111110000110001010011011000101100111010010001100010010100001011000101000010101000001010100110000101010100010011011100101011011111	1134209.6	471.30000000000007
40	10110010101010110011101101111100000110101101001111011111110110001001011111111010111000100111010011000111101100110001001010001000100101011110101011100111000101000101101011110110101111000000100101100010000110111000001001001100000100000111100	1140758.7999999998	537.8
41	10011010011000100111001101101011011111010111100101110001000010001000101001010010000111100010110000011101010111100101101011100101101111010001011110010101100100010011100001101100101010001010010000011000101001100011111100100011011100100001001	1134908.0	505.7000000000002
42	01010101000111011001000001001010011100000111111011111000001011110000100011010010001011101011101011000111011101110000100000001100110101010100110110101101100000101010100110001001110111111011101111111111010100011111110100010011110011011101111	1397827.2000000002	551.7
43	01001010101111100111001000000000011110011000010000111001011011110011100111111000100100100110011001010110011100011100111011001011010101101111101111001100001010000000010100101111110111010110110111100011111001011011011111101000110010101110110	1347740.4000000001	555.6999999999999
44	11100111100101101101110100011010110110100100101010001110000011010011101101010011110001010100101100011110011101000101001101000010000100010001111010000011100001001100111110011110001001000100100000111001110110010101010101101000111110000010101	1151672.3999999997	500.40000000000003
45	00101000010011100100100101101111111001111111000001011110010101101001111100111110001010011111110100111000000110001010011000101101111010010011110001100001000011000100000001101010101001000011011001010011010000010011000110000001001101011100011	1097950.5999999996	491.5
46	11011111000101101100001010100010010101111001000101011000100110000011111110000010000000110110001000011010110100001111001101100001000000110100011111101010000100111010110101101111101001010001001100101101101111111101110110000000011001010100011	1174288.7999999998	499.20000000000005
47	01011010011101000110110111101001011011000110000000011101110110111111100110101011011110110110110101100101111001100100001011001101111111110010010111000001001110001100010011000101100101111101011100001110111001110000010111100010010011010001001	1243687.0000000002	563.0
48	01010111100111111110101001101110011000010000000010101101101101101010010000111100101111100110100110110110101110111011110101000101011111001110000111111001101010010000110001100101001101010110111011011111001101101000010101011100101111101110000	1394998.0	584.3999999999996
49	10111110010001010110010001100001011110101110100000010011010010010100010000010111010011110100001011001100010100000011101101110000110100110010101100101000110000010100110110100111011101010000000000000100111010000110001011100000010110111110000	1103510.8	460.59999999999985
50	00101100010011101111000100010011001010001100110101001101001111101110001110100011001011100010001011110101000101101100010001101101100100010011001101110111100011101110010110000100001101000000000111101111010010001010001111110110000111000101100	1150326.6	506.1
51	01001000101010100000100010001000011110010100000011001100111001001101101100111111010111001011001001101110010010110010110011101111011100101001100100110101111010001110111100101110111110000110001110110100101100111010010011010001101000001011110	1238274.0	526.6999999999999
52	00010001011111011110100001010001001110001000001110011010000111111000101110001111010000000111110111000010000111101001110001000100011100111101100010000100000100101011100011100000000100100110001001001101011101010101000100001011011101001101100	1122235.4000000004	471.6
53	10111100001110011111010011101001111000001001011000111110010100010111110101110001001000100101000010011101100010110000101101110001001101100111000100100010001100101010111111001110000111101011100010101010101011000110011001001101001101011101001	1264058.6	529.6999999999998
54	01001110001101000000000010000001101000010001000111111001110000001101100000111000001011100001110110100000011010011011010110010011001100001100100011011000011111010101101100111110110001010011110111010011000011111010110001111011110000111010111	1253891.8	491.2
55	10110111111100110010000010110111001010011111010110111011010000010010010010001111001011001011010101111111101100101010010001000111101100100000100000110011011000010000010110101010111101000011001001000111011001011011111010010111100000101011111	1211201.8	524.8000000000001
56	11100101111011011011010111100001001010000011111110100111110111001111111100000101011000001011111110110100101111010101101111011000000101011111001111100010101111000001010011001011111001111100100111111010001101000011110111111101000101101001010	1363825.3999999997	607.3999999999997
57	00000011000011110101010100111100101001101000100110111100000000010101000001100001111011011000100100110111001011110000111101011100101011101010101101111110100101011100110110000001010000001011011110011001110111100010110011001011011101111010001	1305349.4	528.5000000000001
58	00000001110010100111000110000010011101010001101100100101001110100010001101001001101111011100010011011010001110101110001110100110010110011010000111101011101101101111010001011010010001111111010100001100101101100110111100101111100001100011000	1256454.5999999999	530.5999999999999
59	11100010100111101001011011101001100111001101100001011111100110100001110001111100101111111001101011111010001111101000110001011000101000111010101011000111000101101001000101111101000010010000000100000000011101000011100110010100001101111000000	1122266.4	519.5000000000001
60	00101100100101011110011100010111100111101000010010010101100000011010100110101110101001011011111000001101100011101110010001000001011001011111010101101100000110010011110010010011101000111000010101111011100011000101100100110000100000001011111	1111491.2000000002	498.1000000000001
61	00100010001001000010001110100100011000011110101000011110001001100101111011100011001010010111010110000111001110010111111001011001100011010010101000000001011111000010011011001110111110011101110011101100111010110101011011001001110000011000000	1192230.2000000002	511.59999999999997
62	00100100010100111110111011011011100111011110001001000001000100010011011111101101000110000011010111110110000111100100110100111110001010001001010000101010111010011011110100000000111011011010001101011011110010101111110100110111000010101000011	1184854.5999999999	527.8000000000001
63	10000101000100010101101011101010100011110010110010001101010111011111001011110110011100011111101001011100000101101010010100000100011000110000100110100011001011111111010010101111100001001010011010101111001111100011001011001101100101100100110	1236635.6	529.4
64	11010111000011010111001010101111011100011010110010100011010001111110100111111001101100101000111011100011001000000011111111111011111010101010000000101101011011111110000110010000011110110110111101010000110110111011101011101101101100111000001	1359014.4	587.0999999999996
65	01001010101101101001100110111100110000001000000010010001000000101100111010001010110100010011110110110110110001111001110100100111110010111010000100010010001101010001010110011100101100110010101101111110101011100100011000011001111100111000110	1237997.6000000003	505.9999999999999
66	01111110101110110011110111010011110011101011010100000110000011101000001000110011111101001011011110111001110000110011000101011100001001010100011100010010100111101111001111110110100001110111100101110110101010011010101110001000011001110011100	1319197.0	566.2999999999997
67	00111011101110001100110001001110110001100010101001110000001110000010111011001010011000100000010111001100001000000001010011110000011110010100100000011000100011011101100001110011100011001101111010010101110010010001010001001110110101100010111	1120294.2000000002	462.4
68	11111000001001010110100101100001001110001101100000110110101001011010100010101001100101110101001110110101111001001101001101010110110101011100101101111001111101011011000001001101110111010101010010101010101111010111100110101111111010000100110	1308706.0	560.5999999999997
69	11011001000101000000110000100100000011010001001011010111111111010111001101011111100110111010000010001100110001000100011111011000100100111001000111011000000100001110110000000010101001101111111110011110010110110110110111101011101110100100100	1270101.4000000006	524.4000000000001
70	00101111001101011011011111000000001101110001010011010111011110100100101011100001111011110011001000000100100111000111101000110010110100000110010010101110000010100011011100001111111010010000001011000111101000010100101000101111100000100010110	1079072.8	495.0999999999999
71	00010010010001001100111001111010110100011100010001100010011111101111101110101101110110010011111000111110010011001010011010111000100101111100000110100010111101110101011111111011101011011011100110001001010001011000111000100101100000011001001	1240951.9999999998	554.1000000000001
72	00001101010101101100101011111001001100001010011101101001001001011111010110000111100100011001000111011001001001110011111000101101111001010000100001001110000110110101010001010011011011100000101010110110100100010001000101100111000011110001000	1126528.6000000003	500.5000000000001
73	00111000110001101010100000010011001110101101010111101110110011101011101101011101101011000101101001010111101010010100110010100000011010100011011110101111000001000011100110000101011101100110001001010010101011001001000111101000011101101011001	1254565.6	529.8
74	01110001001001011010110110001101111011101100011110010100000001100100000110101010101111001000000100101010000100100010110010101110111100111010111001010001100011101100110110110011010001111001010110011100111001010001111100001011001001010011001	1191275.7999999998	510.2999999999999
75	10110001000110100100100101100110010001100110101110011010110001010100111110110110100110011110011101101111101010000100011110101010000001000100100100111100100111010111101010110011100010011111111011000100010101011011011000111011101000100010111	1229629.0	531.5999999999999
76	00100110011110011111000011001110101010111000100010011011100111111100110001010000001010101011000111111101111111010000001010010110111111111111000011000111000000110010011100011101010100111100000010000101011101101001001101101000010100111101110	1258567.2000000004	543.7000000000002
77	10101111100100001100011100111111010110001010001000100000100001011100111001111101000010111110000001001000000100011101001111101100101100011110111101111100110100111000010010001111110011110111001011010001001111000001010110011000100011011111111	1295211.0	530.8000000000002
78	11110011001000111110000011101111010011011000011001101100101011111011111010101111111001101011110010000000100101011000110100000000000101110111110000110111011010010100011000110010100010001001010111111110111101011100011010011101010000100010101	1183393.4000000001	541.3999999999999
79	10111010001001110001101010110111100010110000011010100010000101001101110101010110111111111010000010010001101101100011000001110000000010110101110110110101100100000001000010110101000100101101010110000110100001110101000101001010001101101101100	1136102.6000000003	488.59999999999997
80	10000001110001100010000111011011101010100001000001001011111111110010110000100100010111011010001110000101100000001100101100110000101000010111101101101011001110110101101111110000010001101111101001011010011001011000001100100010011000111110011	1215139.0000000002	500.90000000000003
81	00111101111100001100101101010111011100111110000000001110001100010101100001100000000010110010100011110100111101111000011110111111011011100000111100101111111111100100010011001101100100111010011000000101001111010010001110011010101010111110101	1308769.2000000004	545.2999999999998
82	10011001011001111111010100000001000100101101001101111001101100101101001011010101000110010111101001100010100111110101101111000010001000110001001000010001111101111000010111000111011011100110011011100100101100000110101000011100000100111101010	1204035.4000000001	519.9999999999999
83	10111100111111110110010101000000000001111000001000011011011010100001101001000010000010010110011111000101101000011000001010010010101001000100011011001101011010010111000100000101111000010110010010010100100010100111110001111000110000111111100	1154929.8000000003	468.19999999999993
84	01010100011000100000101101010011000010010100000111000100000100101001111010111101111000101100000010101110010011000011100011000010000101000110101001010011101001101100110110011000100001110010111110100000001101101000010000110100101011011100110	1105008.4000000001	450.3999999999999
85	10010001010011010010101111110101100111010101011010111110001111000111110000011100011001110101000100110111110010000000000000110001110010000000001111001111101010011011010000110011101110000001110110100000100001001000001000011010111101011010110	1155144.0	488.90000000000003
86	10101001111000100111001110001100000111011111111011000010011110100100110011110111011000111011110000001001111010001101100000110100010010100011101111001011000010111110011001000001000100001010111110110111011101111101100010110000001000001111111	1216628.0	533.0999999999999
87	00110110010011000100101011011101100101111111001010001111100011110011111110101010011001010000100100111110111101010001001001011111010001100110110001110000000010100100100101111001000000011100011000010100011010001101011000110111111110000101000	1201183.2000000002	522.1999999999998
88	11100111001110110010111100111000001000001110010001010101110101010010010000010100000100101000111100011101010111001010100101010001111001101101110110011111100010110000101001101111111011111010011010011011100011101111100010101111111001000110111	1336231.7999999998	550.0
89	11110000011100110010101010101010010101010010011100100000011010110011000000001100011101000101111010111111100111100001011111111100111111100111000011010110011010111011101001011100011000001000010100001101101101011010000010001011100001101100100	1169229.4000000004	522.4
90	11010010111110111110101110000000110100010101000110011011111101100001110000101000000010100010011101100000101000011101101000111110011100111011010001100000110101101001100110010100001001001010001011000101110101000110011010011100000110011111101	1186040.6000000003	500.9999999999999
91	01101110110101011111010100101011011111011000111101011010000101000100000100010011110011100100000000001100001011110101011000111111001101110011000001101000111111101011010000011011100010101000100000111001110100110001011001110010001100000010011	1080369.1999999995	503.70000000000016
92	10011011110100001010110010011101100100111001000011011111011001000000110001011011111111001010101101011110110110001010101100010000100010111000111110010111110011001100100010000110100000001111000111011011010110001111100011000101100001110000100	1141203.0	521.7
93	00111011000000100001100110111010110010011010111010101111101111111010011000110010111011101100001110000000001100110100101001110111111101010010111101010111110010001000000101100101100110100010011101101010011100010110111001000000101001010000101	1133846.9999999998	523.9999999999999
94	10011010010010110110111000010110101101000010111111010111010000010010011110110011100101010000001010000011111000110010000001110111111010111000101100101011000000010000101111001010000111000101010111001101101011001000000111001110111011110111111	1305896.0	515.6
95	11101111100111000100000101001000100110011001110101100000111111000000001011100110110110000000000100010010010110011001010110101100011101100011011000010011111100110011101011110010111110001101010101111101101110111100000011011111100010111111101	1380771.4	541.8
96	11001101101101000100001111000011011111110011110100110110111100001100010100111101100001110110011101101100010010011111011011011000110011100101011001011110001111011001101001110111011111000001000110011101011111010010010000001101100100100111100	1309420.4	573.8
97	11000001101111011001100100101111010010010111011101001010101011000111111101011011110110110000111111010011001101010110001001101010101001101001010001010010000110001100101101011011011001100000111100100011110100100000011011101000100001001100111	1153130.5999999999	529.7
98	00100001011001010111101010101110000000111100011000001110011111111000100110101010011000111101000111101010110101111001000000001101100110100001000011000010111011101111110011000101011000011111001001001001000001001100100010110101111100111101000	1265153.2000000002	513.9
99	00001101111110101000111111100000100010100111110010110111111010001010100000101101110110001010001100001011100101001111100101010111111010000011010000010100010110101010101111001100100001000000000001010101110110010000011011101011111110000101000	1180508.8	508.59999999999997
