SOLUCIONES INICIO 

0	000000111101010000001001100101111110100110011011001011000100110000111111111111110110000100011001001110001111000001011110011101100011001100001101011011010111011111101100011000000101100010010011010111110001111011011111100000001110111101	1341137.6	538.4999999999999
1	100000011001100100011010011000000011111101001101100000111011010011111001000110001000011010011000101100110101111001100010001010010110100001100010001011110010011011101010010011100011001101011110110110111101111100111001111101010011100011	1283282.2000000002	509.69999999999993
2	110110001101101111010111100110110111001010001000011010111011100101111010100010101000110110001111010101011011011010010001100010101110000011000000111000110101110000001110011000011110001110001111000001001111101101111101011001000101010101	1218671.0000000002	526.4000000000001
3	011110001010100010101111110101011000011101111010010111010110011011011111011010110011110011001100011100111101000000010100000000010010100011011010011110000111001110101000101001111111010010010001110111000100000011000100010110110000000011	1096414.4	503.3000000000003
4	110101101001001100000001001011000100001000110000000111101000000110111000001100111010111101101111010011011100001011100101100111011001001010110101001000000001001000000010000010001010000011101010000100110001101101011110101111110010100000	1066493.8000000003	448.6999999999999
5	110010000001010010100001111011100110111001101010010101011110100000011001011000011111100110111101110110100101101101110001011010101101110001110101010100100010011111001101010011110101110110001011011010001011101111110001100101111100000001	1302937.8	550.4000000000002
6	001011010101110011110111010010110000111101010010111100010100000110110100100010010010010100001110101110000010101010000001101110100100110001000101001011101000100111110010010000001001110001101110111000111100001010000101001101001011101000	1129874.4000000001	473.70000000000016
7	110000010111101011111010010000010100001110001101011100000001001000101101000100111101000110001100001010001100100110010110110001010001101011000001101110110011001111011101010111111101110010011110001101000011010011100100001010011001101010	1197743.4000000004	488.7000000000001
8	111010001110110001111010000010001111111010011111101111001111100101100110001111000011010001000111110110001010111100100001000111100110111010001010100111101000101000010011001000100111111110001001000000000011101010001110011100001000101001	1119901.2	508.9000000000002
9	011101000000001010011011100010110010001010010001000111111011010010001101101101011011100110111100000100110010000101111111100100000101101110110111001011100101111101000010111000010000110111011000110101000000101101001111011101011110100100	1239471.2000000002	512.2
10	100001010110110011001101111000001100101000000110100111010101001111111000011000100000001110110101101111110111011000110101011100011101110100001010001010111000101101001000010110011100001010000110001111011100100101100111111111001100101011	1250668.4000000001	515.6000000000003
11	101010100100101110110110111111110101011111101101010001011100110001100111101100000111010001111011011000111011001100001100001101000000110100011101010100101001101101111100100001101010010010101111111000110001000101101100010101101011101011	1303069.4000000001	545.2
12	101111001111111101100111100011000111101111111001110101000111111101110000010100010110110101000110001010110101000100010010110101110010101001111011110001001010001111000011101011100111111001011110100000000000111101100001101010101011111000	1323799.6	562.8000000000001
13	101111010010010001000100100001011111001110001110100011101101101001011000110100110001000001011111001110000000101001111011110011011010100000010101001001110110100110011011000011001011000001101001001111110101111011101000101010100010001000	1139327.0	492.8000000000001
14	011100101000010001010010000111100010101000110010101101101000100110100111000010111011111101001010111101001001011000111001010110111100000001101011101001000101001011111010110000111000110110001011110001001110010010110000010100011100100101	1131914.0	485.0000000000002
15	101011010000111001010110010001000011010001110000010100010111011110000111100000100000011010110011111001000011010011001000100110010000110011001111100001010010110110101011111000111001010100111111001010111000100000010000000000000111011110	1090267.5999999999	456.70000000000005
16	100101101011010000001111100101011110011100011001111010100111010001110111100110111100110100010100101111011101000001111110000010111000100011100000100011100010100100100001011010000011110111001111000001100000001000011011111011110011110100	1235616.8	515.0000000000002
17	011000111100111001000000111000010010000010011011111100010100110100001010011010000111100100010111001111000100110100100010000110011111100001000011111101001111100110011100110100111110111000100100100010110110101100011000101110100000001111	1131383.6	483.69999999999993
18	101011111000110100100000101011010010110110110101001101111110000110000010000000001011001011110011110111010010110011011010100110100001011000001110001111000000111100000100110000110110111101011011011011111011011111011000111001001010001010	1230110.6000000006	520.1
19	011011101000100010010110001111010100101111000111100101001111101100001011110010110100101011101011001011001100100001101001011100011101001000001100100010011001001011100000110110100001001001110110100001101011010001011000100100100111101000	1165063.8	494.3000000000001
20	100101011101000010011100110010101000011010010010101110101111100010011101011100101101111101111011110101111110110010101010011111111010111010011000011111101110100100010100101011000001111010110110110001011111010000100010110100101001000101	1248276.0000000002	557.3000000000003
21	101110001111011110111110010111111110010101011111001110100011010100011100000011101110100000100000001001111010001111001001100101000001011110111111011001100111010000101110000100001001111001101110111110111110110011111111100000000101101111	1322794.2000000002	560.7999999999997
22	010100100010111101101001011111011000110010001101101101101101111001011110001101010001110101111000011111110011100000110100011100010101110110011010011011111011100111001001001101111101000000110000001100111010010110110101011011010100011100	1287659.5999999999	552.9000000000001
23	001110101100110100101001111000010001101111000100101010110100100010110000010101001011101000010001011011101010110111110000100001111011100110001101110011111111110000100011000100111001111100110010011111011100111000101110001111010010010101	1253117.9999999998	524.4999999999999
24	111110100101010000111111101011111101001000001101010111010010111001101111111011101001010111001100010101100000101101100100011001011111001110111110010010011111010100100011101101011010000001000011100000000011110101011111010111011110000011	1272778.9999999998	554.1999999999998
25	111011110011000011010110111000000101000000011000110111011100001100101100111000011100111100000100101110100010101100100100001000110100000110111110111110111110111011011001010101000110000101110011000010010010011000110101010111111000001010	1176870.2	500.10000000000014
26	001001101101110001001011000110010101100110101000011000010010010010111011101001110100001100010101100000010010011001000110111010010100111010101110001000000010000110111011010111011000110010011111111010001101011110001010010101000001001011	1107017.6000000006	470.50000000000006
27	111100011111010111001000011011111100101110011000110011000101011110000110011000101111111001111001001101011111011011110111001000101011011101001110110110011100011111101010101101100100000000010101001100111110110110100101010111101010111110	1394613.8	584.8
28	111010111101010110011111111010011000111110000111111001111011011000001000001101101001100100011101001001000110010101001000110111110000101101110110010011101101000100011000110100011100111011000110101111110101000101100000110111110111110001	1336303.2000000002	552.0999999999999
29	000111111010100000011011000110010101101001001011010101101110000110100001110011101010100010001001110011011010100010011001110001011010000001100010010101100001111001000101000001101111100110100111000001111101010001000011001111110111010001	1210757.8	488.60000000000014
30	110100001000011111111111110110011110001001100100111000110111001011110011110010010010001100101000010111101011101011000110100011011001110100101000001000010000000011110110001111110010110000101110001111101101001001101100011001111100110010	1265827.0000000002	526.9
31	000010110011100010100100110111010101010111011111001101011001010110011000110100111111100011001100101010000011110000100110011111001001111101000010001101100100100010011010100001011001110110011011001011001010100001100110000110111100110010	1211544.6	509.00000000000017
32	111110100001111101100101110000101000100100111100100110000101111101100111010111101011111001111110011100010100111110000110011010001010001110100000101011001010101100100110100100000011110101111110001100010011001011110001000100111001011100	1253951.2	533.1
33	010011010101011110100001011010111110010011010001101101111111100000101111100011110110011111100101010000010111111100110100111001110100110010011101011101000011111010001100110100111110101001101000101011111101011101101010011101011100011100	1395278.4	585.1999999999999
34	111001011110101000111011101000111010100010010001100110100000001000111101001011000111101111100011010111010101110111000110101011010000110000000101100101101111010101011011111110100111001110100001001010010000111100110011000100101111000011	1231042.2	522.0
35	101001000101001101000110111011101010000111111111110100011001111101110110001101010000000000001001010010110110101101101100010000000100000101111011010100110111111011010111111101000000011010110110011011100100110110111011110000100010011011	1250102.9999999998	521.8000000000001
36	110110001101011101001010010110111011011101111010000001001011011001001111110010111101011101110100010001101110100100110101001010100100101110011001011010111100011111010100001001011000111101100001101111101000011011110011010110100100101101	1292560.0000000002	553.3
37	011010100101110100000011011010111100111000010011010101011000011011110000011010111011001111001010001000000011100011001100001001100101101101101011010101110101001000000100101101000001000111100001000110001000011010000111101010101001100110	1078521.0000000002	467.30000000000024
38	110110011011011001010010101001100000110000110010111100110110011111100001110100000100010100010111110110100000100100111011011101111010000111001010101011011011111000001011000011100111110111000111000111011010000010100011111010001111110101	1299508.6	529.1000000000003
39	101100100010101101010100110110011010111001001100110010100011101111011000100101001110110110010111101011000111110001010110101001111100010011000010100111100011101100101000000100110001001010110100100110001101101100111010010001110011010010	1200643.1999999997	512.7
40	000100010101011001000110011110111011110101001000000010011000100000110000101110101110010111010000000001100011110001001010000001100100001101000001100100101001010010111010110101101011000101011001000110001000100100100100110110001010000010	945162.3999999999	414.6000000000001
41	111010010101101010111011011101010110010011100000111000110000010100011110001101000101010011011111100110001011011001100110011010100100101101100110111101011100001000000010001101001101001001111011101001000001011011001100001000011011101100	1192954.4000000004	508.50000000000006
42	010011001110100100111100000101001010110110000010011010011011001001110010011000110001000110000010010000100101010101010100010000110011101100010100001010000111101001000011000101100001101011000000001001010011111101001110110101001001000011	1001188.4	427.0
43	011000000000101010110111010000111010101100110010000011001100100011111000001100101110000001101111100011010010001011000010011000101011111101101111011000010011110010111000010011010011100100011010001110100110010100101101100101101111011000	1251196.0000000002	494.3
44	000110001111000010110000100100011001110001101100100101100111100111110101100100001010101000000100001100001101011110101101001101001100111111101010100101111110000110101101001100011111001011001011110010110101000011101100101010111001101100	1290796.6000000006	518.6
45	001100110100110000101011100100110111001010101010110100101110101110010111111111111011000101110010001101111000110000000011101001011000001011110011011111001010001110110001011110110100101010010100110111001001111110111000101000110100110110	1297338.7999999998	544.8000000000001
46	000001000101000011110110110111011101000000100001111010101000100010001011100111011010001110100101110111110010011101011001100010111110010001001101010111011010110110101001111010101001111011100101111001100110100000000001001100111011110100	1299426.7999999998	526.0000000000001
47	111001011011001101000100111101001001111011101011011100111110001000101111011010100001100100111101110001011101000010001011001010001101111100100110110111100000011011000010111101101110100000000001101000001001010010111100000001010111010000	1153576.5999999999	510.80000000000007
48	010010111110001101100011110011110100111000101110010111010001111010000110111100100110000011010010011000010110110011011010111011000010000010110111110010000101110000010000100110001001101111000001001101111010101010101110010101010011010010	1171900.8	503.99999999999994
49	100001011001101011111001101100111100111001011110101001100000100011001010011010000101001011010101001010101101010100001110110110110110001100110000111101100001110100101001101011000100001010101100110101001111010101110101001111111010001101	1268477.0	522.8000000000001
50	111000010011010111100111000010001110011001100111100100010000100110100001101101000010001000001001001101010000110011010101101111000001100011111010001110110000100101011111100011001000000101100101111011100001011111111001000000101000111000	1140070.0000000002	474.1000000000001
51	111010100100101111011101011110011001100011101100010111110001101010001101010101010011100000101100001001100000101100101011101101011111001101110111001110011111111110001000010111110111010100100111001000101010001000000011011100011101011000	1282818.1999999995	547.9000000000001
52	001000011100111000001101011011011011110001011010000001000011101000111100010010001110000010100010001100001110110100011010011101011000101000010110011111011010001001011000110010100000110111100100000000100110010101001100110101000100101010	1026148.8	443.1000000000001
53	111011011000110100001100111110100110011011001010111110000001010000111000011010000100001101010000001110101111111011100001110101000011111101010000001010011100001001001101100110010000001001111111011110000101001011000110101101101000111100	1201566.0000000002	501.70000000000005
54	100100010110100100100101110111100101011000011010000111100100101000001110010000101010110010011010100100101111001100011001000100110000111011001101110110101111110100111000001010011101001101110111010111001111011011100100010100001100111000	1245857.7999999998	511.20000000000016
55	011100110010100100101100111010111000000000101001000111000001101000000000001011111011100101111011111110100110010011011001010000111100100111001111011110101010111101011000110011001010001111111100101001011011100111111101101101000010011110	1298029.2	533.2
56	101001100001111100100010010101000011101000111100100010011010000011010000110111110101100001101010010010001001100011000001110101111111001101000011110101111000001101100101001001100010011110110010111010010011000001000010100100010010010011	1066327.4	467.90000000000003
57	110110110011111101101111001011000010001111000110010110100010101000000000111101101010101110011111100010101111000000101101101011110010001000100101110001010000000001111111000000110010010001110000001000011110111101000001001010001101011111	1136263.4	487.8999999999999
58	111101010001101101000010100110100000111101101011011110011000010110100110110000010001100010011111011110110000011011000101010010101001011101110011111010101000100011011100001110000011111101010100111011110011000001111101010111011111000111	1311803.2000000002	535.1
59	101111101001000101110000001010110110000010011101010010011100000111100001011000001111100001000111100100111010011001000111101100111111001000011101010101011000101100001111000010100010101111101000001101010110001100110101110111011000001100	1158206.6	496.10000000000014
60	011010010000111100010110010010100011101101001011000000111101100100010011110101010000100010101111011101000000100110000101010011110001101001001000111011000101111111111110010011100100011101100111010100111101111100001101110011000111100001	1268503.6	515.0000000000002
61	010101010011110100010011001111100101110011101111001010110110000000010110011111111101101010010110101000100101001000110110110100110100110010001000110110110101000100100111001111000001100001001111000111000011101011101111001000110011111001	1296012.9999999998	526.6000000000001
62	111110001100100011110100001111101001011101100101011000000011010101011110000000001101101011011001000001101011100011110110010000111100100101111010110110011111101011010001110001010101011000100000100100110010100010100100000100010111110110	1170556.9999999995	498.6000000000002
63	100010101001000110100111010101011010101111010100101111001101011000100010010000110110001111001000000110110010110010001010101111000100101001100101011011011100111100001111010110110100110000111010001100100000001110010001100110110001101010	1167540.8000000005	491.1
64	101111101111101111110100000010000101101110011100110100011110100000111100010000001110111010110001011101011011111000111000001000011101101010010111111011110111110001000101110000010110111110011011101100001001111001111101001001010101111110	1377031.0000000005	566.9
65	110100111001100111011101100000110111111001101110101011100011011000111001011110011111110110100001110011111111110010101001111101110111000001010011010111001011000101010001110101111110101000101000110011000100101100011000000101111101111110	1391055.4000000001	581.5
66	101111100001010100000111100110010100001111101100001100101000110001001110111110110111011111110101001011010110101010000100011000110101110101000011111101000011110000101111111101001111001000101110100001011010101111110011000101000111111001	1351588.5999999999	551.4999999999999
67	110110100101011100011100110001110100111011000000010011000011101110100001000110100011101010100011100010010100111110101001110000010001111110011001010000011011001011010110011010101011111000001000001111101100100110001011001111011001010001	1192701.6	500.0000000000001
68	100110111100010100100001100010100010011100110000110111000110111100110000101110100111101000101111100010111011111010100101100111110110001000111101001110001001011110011011111000100100010101100000110110001101100110110110100110000100111001	1235229.5999999999	525.9
69	111111000101111110000111101010011010011010100001011110101100010110101010010100001101110101110010011001100010101001000001011000100100110110111101010010000011110110001010001001111100101010111100110011011101000010110101000101011011111110	1308500.2	529.9
70	111010000111101010000110000100100000110001111110100110111010111100001000011111000000101100100000010011001100101010010111110000000010110100001000111101001000000001010100010011100000011110000000010111011000011101101000110110110111100011	1093995.8	443.30000000000007
71	110011100011100001111110011110101010011000010010110001000110001100110011100110011011110110100110001111100010110100101110001011000111101110001001011011010111000100100100001111000110011001110110001010100001000110000110010001111101010100	1200592.0000000002	511.5
72	001001110101001011100111000101100010111001110010111101011100010110001011110010111100000011000100001000110111000100001100110111100100110101010010010110111000010111011000110010010111110100011110110100110000100010111101010101000100111111	1224325.2	508.40000000000015
73	000010001101101110011000001001001001011110011001101001000011000010011010000100110110000010010011011010000110110011110111111101110101101100011000001110010101011010110011110010101111010110100000101010011000100010010101000000010000001011	1039736.9999999998	461.90000000000015
74	110100001000111111011100011111000100011110011110000101100100010011001011101100100011011000100100001110001111010011011101101100001100011111100100000101101110111101111111101111010011111111110100011111110100011101111010011110011111100110	1470118.4	584.3999999999999
75	011111100001111010011110100100111110100011101111001101110110010110000110011011111110100010011001111010011101001001011010001100011100101100110001100100000100011111100100011001010001011100010100110010101001111001100110011011001110000100	1195137.3999999997	534.3000000000001
76	100100011101000011100011100010100001110010101110011000011010111001101110010101110101000111111110100100000001011111111010101101110010101101111101010110010110111110000111010000101001111001010110001101000101001101101010011001000101101011	1260305.0000000002	533.9
77	111001101011101111001011011001011111011011110101010001000101101101000101001001000101011000101001101000111010110000100011100100110110111000111000011010011101110101100100011111101111001011111010010100110010011101011111101110111011011101	1438708.2	572.5999999999999
78	001001010111011110111000100010001000000100101010011100010101111100110000101100100111011000001010000001000110110100100001000111011001100000101011110100011001000100011001111011000111110111101010110001011000001010101110110010001010011001	1137134.0000000002	468.5000000000001
79	111110000011110100010000011011111101011100001000111011000001011111101010011101100001110111010011001111010000110111010010000001000001011100011010100011010110000100010001100110000000011001101100111111010111110010100111010110111010100100	1212138.6	509.00000000000017
80	111100010110110011110101110111010001000011011000001100110111001011011110111110100101001010000001110100100101010101101011111010100000110001110010001010000100101101111110001110000001011110111000100100010111101111010110011100110111100101	1293958.0	534.4999999999999
81	111010000010100111110010110010100001000111100001001010000101101011010001100000000110011101101100110000101101000100011000011000101111010001100100001000111101110000000010010000101011000100111111101101011011101111111100001010001011001111	1169027.0	468.9
82	101010110101011011111011000110100010101011001110010101011010010001001101100101000001101011100110101011000111000111100010011111100100110100000111010110110000011110010101110000101110110101100100101011111100110011011010000110011110111100	1331133.6	541.2999999999998
83	100011100000011010010011111001110010000101110010111110111011111111100010100001010110010110110010011001100001010100011001001100000010000100100010001100001011100101010000101001100010101100110100100010001111100111101011011101110010010100	1149023.7999999996	481.2000000000003
84	110010011101010100111100100000001100000101000000100100110001001100001001010101101100001011010001111011101101111100101100001000100110111100111000011110100100010110001011010111110010110101011000010010110100111011100010001101011110100111	1205616.7999999998	486.6000000000001
85	000111101011000010101000101101011110001101100111001110001011010110110111011111001000110110100110100001010110010011100101100111111000110111010001010011010100111111110011101010101111010000111111110010111010011000110000101010100100100000	1248409.4000000001	550.3
86	110110100001111001001010100100011110110010001000111011101100110100010000010100000001011111101000010010011111110011101011000010111101100000100010000001110101110000110100000101100011011100101111001100110001100110011000011000101000001100	1065484.9999999998	469.7000000000001
87	111000101100000100001111110100110111101111001100110111110110001100101010010000001110111001000101000101101111101001100100000010100101000000110111100001000101001111111111011001111110000011101011111010111111110010101000010010110110000110	1259760.8	531.0
88	111011100100111011001111011111000001111001000010100110000111101101001110101110010101001000011110001100110101100011110100011010010110101100111100110011100111000111010000000111000001011001010110110101010001010010100011111111010111100110	1264028.6	533.5000000000001
89	111011101001011101111111100001011100000100001101101001101111001000001000110111110000101111110101100111111001001101011011010101100100001100010100110000101011101100011101010110011100111011001010010111100110001101010010000110111001000000	1210437.4000000004	537.2
90	011000010101010111000111101001100110101011000011000100011011110001011100010000111110010001111101110001100111101011010101101110010001101001101110111101001001111111010010111100001110010100001010111011110000001100011001010100110110100011	1250322.2	529.8
91	011110111000001101000101010101000101011010101011101100001101001110011110110111111101100101100010101010110001001011000011011110001111110010111111010111011111101100100010101010001111001001111110010111101110110001100111001111010000001101	1321386.2	572.5
92	100110001000111010110000100001011111111010110010000110010000100100001101101110001011101011101000011001100011001000000100111110101101011100001111100011111000111100010011100011010001110101001010110001011110001000110110001000111100010000	1154215.2	491.20000000000016
93	111001000110011010111100110011100001110010000111111110111011001011010000011000110100011100100011011101101111100101111101111011001010111011000000010111011011001000011010101100110010010111001101101001011110101011110101110011111111110101	1456224.2000000002	576.7999999999997
94	011011110100000101101100000100110111100111000111010010111110000111111110000101001101011010100001011111001010000010010100101101101110100100011110111001110111011010110111111101010000011101011111100100100001111111010000111010011111001011	1365428.2000000002	556.9999999999998
95	100111011100111001100001101010000100110110010111110110001111100011100100000011000110100110001000010001000011000111111011000100010111100110100011010100111100001000011110010100100000011101101111100011011100010001011100001010100100001111	1100618.9999999998	476.9000000000001
96	111010101100001100001110101010001111011011000110000011100001011110011100111000000010010011010110001001001010111011100011010001001101011111001111001000111001110100110010001000111100111101010110010001000010000110011010001001111010111011	1233231.5999999999	501.40000000000003
97	010110101101100010111111110011101010011101110101101101000110101001011110010010111011011100010010011110100100100110000000110110010110101001000011101001100111011001010101110101000101010001001101010111110100010010000110011011011101001010	1239839.8000000003	530.6000000000001
98	111111011101100111000100101101011101111100000101110000010001100011001101010111001000100000110101101100111110010000011111000000000110001001001001001000100111000111010010100001001010010011011110111111101011110000011101010110110011000010	1168662.8000000003	497.8
99	001100100111110001001110111100011111100000000001101101100100010111111000100110111101010010000100111000011110011101101101111111000100010111010011011001100000101101100110110100001101111011101000001110001011100110000110010000110100011000	1196301.6	518.1
