SOLUCIONES FIN 

0	0101110000010110111010000000000000000000000000000000000000000100000000000001000000000000000000000100000010000000000000000000001000000000000000000000000000000000001000000000000000000000000000000000000000001000000000000000000000010000000	134740.6	82.9
1	1101001110101101100000000000000000000000000000000000000000000000000000000000000000000000000000000000000000000000000000000000000000000000000000000000000000000000000000000000000000000000000000000000000000000000000000000000000000000100000	75331.0	53.300000000000004
2	0011011111101111010100100011101010011100001101011000011110100111110010010010100011110111011100001010000111110001011001001000111111111011001101110101111111010011101110101100100101011001011000101000000100100000011101011100011001100111101	1223847.2000000002	548.8999999999999
3	1110010111001100001101010100101000001101111111001011111101101101000100100100000011111011010001111011111000000101000101000100000011101101100011001001101111011010111010110110100011011000000011100101101100111001000100111101010000000011000	1056995.2000000002	507.5000000000001
4	0001100101010010000111110001100011101101110000000010111110010100010110001010010011111001011000110111101100011000101101010010011110111110110101010010010010001000001100100111000001000111100110000010001000110000111100100110100101100101011	1043427.8000000004	471.99999999999994
5	0111100100101011110000000000000010100000000000000000000000000000000000000000000000000000000000000000000000000000000000000100000000000000001000000000000000000000000000000000000000000000000000000001000000000000000000000000000000000000000	81476.79999999999	70.5
6	1010111110101110100000000000000000000000000000000000000000000000000000000000000000000000000000000000000000000000000000000000000000000000000000000000000000000000000000000000000000000000000000000000000000000000000000000000000000000000000	42869.600000000006	52.9
7	0101100001110000010101101000001100000010111111101101001001101001000101001100000011111111110101011001101001101100101101000110010110010101001010100001100010110000100001010101100110100001001001010110011101011000000000000010011011100010110	996644.0	452.69999999999976
8	1110011101110010110000000000010000000000000000000000000000001010000000000000000000000000100000000000000000000000010000000000000000000010000000000000000000001000000000000000010000000000000000000100000000000000000000000000100000000000000	134539.2	96.39999999999998
9	0010010011010011001100101001011110001111111111010011111110001001100110000101011001000100101100001100001010101011111101001010110011111101010000010000011111100100011100011011100011010001100111101111000111100100010110101101110100011000000	1140764.8000000003	525.6000000000001
10	0111000111111100111010111011011110110110101000111011111100110101000101101011101011000010111110100100111011011100110000110011011111110100111010010011010011101011011011101101111101110000011000110100010110101001010001001100011101000011110	1252189.0000000002	585.1999999999997
11	0101010100111001110000110000000000001000000000000000000000100010000000000000000000000000000000000000000000000000000000000000000000000000000000000000000000100000000000000000000000000000000000000100100000000000000000000000000000000000000	103936.0	79.4
12	0101011001011011111000111101100101001110011010010110000111100110111011101011001001000111000101000000010010111101011011010000100011111010001010010101000010100100111110101101100001001011100010111110011110101010011010010100111001100100100	1140455.0000000002	516.6999999999999
13	0010000010011010000110100010100101010100110111100000010110011001111100011110110111001000101100000011111111101010100111101110100100101110011101100101101111000101110111110001001011011000100000100100011001110110001010100111100110001001101	1134286.4000000001	513.0999999999999
14	1000110101100001100001110011111001101100110100010101011000100000011011101100101001101011010100010010011001100100101011101101110010010110110000011110101101011100000011100010001011001011010001100110011010000001000001010001100001000101001	965110.4000000003	466.0
15	0111100110111100011011011011101110001001100101101001111001100011001111100101101001111101011010100101111001111010101001011110111110100011011101110010010110110000010100101011111011000100000011101101101011111000110100001011011101000011001	1244354.8000000005	575.9999999999995
16	1101101100110010000001101000110100101011010000100010010000000111110010100010011001110010000101001101110001110001001101110010001010101110100000001111001010101001100010110000010010010110001110101101001011000100111101001011001110011100010	1074388.2000000002	461.09999999999985
17	1001010001111001011010000111010111100100011001111001110000000100001000001110011010100100010000110010110110011011101111000000001000101000100001000111111011011111111100011110000011011010110111010010100111110110010000101101001101000110000	1134464.2000000004	495.3000000000001
18	0000111001000011000111100000000000000000000000000000000000000000000000000000000000000000000000000000000000000000000000000000000000000000000000000000000000000000000000000000000000000000000000000000000000000000000000000000000000000000000	41234.00000000001	45.3
19	0110010010001010011111000001000000000000000000000000001000000000000000000000000000000000000000000000010000000100000000000000000000000000000000000000000000000000000000000000000000000100000000000000000000000000000000000000000010000000000	113304.8	74.9
20	0000011100010011000111110010100001010001010000111001100100000011010110001000010011111001101111100110011001110010101000110101011110100110100010101010111110000011011100000111111100011110000010000100101000010000011011011011111000101000101	1046658.8000000003	472.5
21	0000100011010100111000010000000000000000000000000000000000000000000000000000000000000000000000000000000000000000000000000000000000000000000000000000000000000000000000000000000000000000000000000000000000000000000000000000000000000000000	35293.4	39.1
22	1101101110001000100101000000000000000000000000000000000000000000000000000000000001000000000000000000000100000000000000000000001000000000000000000000000000001000000010000000000010000000000000000000000000000000000000000000000000000000000	98504.20000000001	76.4
23	0000111110011111100000000000000000000000000000001000000000000000000000000000000000000000000000000000000000000000000000000000000000001000000000000000000000000000000000000000000000000000000000000000000000000000100000000000000000000000000	70956.8	61.699999999999996
24	1101100011011110011001000000000000000000000000000000000000000000000100100000000000000000000000000000000000000000000000000000000000000000000000000000000000000000000000000100100000000000000000100000000000000000000000000000000000010000000	136735.2	84.60000000000001
25	0011111100010010010001001000000000000000000000000000000000000000000000000000000000000000000000000000000000000000000000000000000000000000000000000000000000000000000000000000000000000000000000000000000000000000000000000000000000000000000	42897.8	48.9
26	0000101110111001001100000110011010001000001001011010010000101111111111011100000111110000010110110001001101011010101110100101011111111110000100010011011011100100001100100111000001000111101110000010001000110000111000110010101000000100000	949644.0000000003	469.2
27	1001011001010000100111001101001111011001010110100010000101101011011101111111110000111110011110100110101100110101110100101100101000111001111001000010011111111101110111010101110011111110000111011101111100110011011110101001000110001111010	1361849.8000000003	594.4999999999997
28	0101111011101110000000000000000000000000000000000000000000000000000000000100000000000000000000000000000000000000000000000000000000000000000000000000000000000000000000000000000000000000000000000000000000000000000000000000000000000000000	46764.200000000004	52.9
29	0001110001100101000111000000000000000000000000000000000000000000000000000000000000000000000000000000000000000000000000000000000000000000000000000000000000000000000000000000000000000000000000000000000000000000000000000000000000000000000	40119.40000000001	45.0
30	1000010110100001011100011111111111010010100000010101011100011111000000010001111110010100000010010001110101111000110111001111111100011000011000110101100111110100100110000000010111110101111011110110000000110011010100001100011101110011100	1209555.0000000002	518.9999999999997
31	0100100000101011111100000000000000000000000000000000000000000000000000000010000000000000000000000000000000000000000000000000000000000000000010000000000000000000000000000000000000000000000000000000000000000001000000000000000000000010000	105423.59999999999	62.3
32	1110101110111010001010100101100011100101001101110101010000000000101100010010010110011100010101111001110111110100100001101100011111101011111011111111000000001001010001011010011000011011101011101000101110011000000011101110110100000110110	1121241.6000000003	521.3999999999999
33	0000011100010101111100000000000000000000000000000000000000000000000000000000000000100000000000000000000000000000000000000000000000000000000000000000000000000000000000000000000000000000000000000000000000000000000000000000000000000000000	46439.2	48.9
34	0011000010001000001001001010100000000000000000000000000000000000000000000000000000000000000000000000000000000000000000000000000000000000000000000000000000000000000000000000000000000000000000000000000000000000000000000000000000000000000	38210.4	39.699999999999996
35	1010111111000011001000000000000100000001100000100001000000000000000000000000000000000100000000000000000000000000000000000000000100000000000000000000000001000000000100000000001000100100100000000000001000000000000000001000000000000000000	188292.00000000003	114.49999999999997
36	1110101100001100110111010110110001000000101101111111110101000100100110110011101111111001100011101110010101100111110110010101001000100001111011001001111010110110001010000110001110110100010110111001100001001001110101000101000010010000011	1045996.4000000001	523.9999999999999
37	0101111000001010100110000000000010000000000000000000000000000000000000000000000110000000000000000000000000000000000000000000000000000000000000000000000000000000000000010000100000000000000000000000000000000000000000000000000000000000000	84704.8	68.00000000000001
38	0010011011111111000000000000000000000000000000000000000000000000000000000000000000000000000000000000000000000000000000000000000000000000000000000000000000000000000000000000000000000000000000000000000000000000000000000000000000000000000	41238.8	48.0
39	1111100000000010000111110000100010101111110000001110101011010000100001000111100000110010110101000010011111110100011000000111011001010011011000000001101001001101110111001101010010001010000100100010111001111011000101000110100100000010000	931207.6000000001	446.0999999999999
40	0101000101110011000000110110011000000001111001010100101010111011100010000010000100011101100011011010111010001100101100001000101010101110110110000010010001000110001111010000111000000001011001100010101111010101010010100100000111011000010	999263.8000000004	445.09999999999985
41	1000101111001111101110011100010010000110111000010101101100101110101000010001011110110110100101010111011110011010101000001010101011110011111000110001100010001110001111010000111000000011011000100010101111010101010000001110000101010011001	1090718.4000000004	507.39999999999986
42	0100010000100011010101100100000000000000000000000000000000000000000000000000000000000000000000000000000000000000000000000000000000000000000000000000000000000000000000000000000000000000000000000000000000000000000000000000000000000000000	41456.8	44.9
43	1001100000011111101010000000000100000000001000000000000000000000000000000000000000000000000000000000000000000000000000000000000000000000000000000000000000000000000000000000000000000000000000000000000000000000000000000000000000000000000	52782.80000000001	57.900000000000006
44	1110001100000010011010001100000000000000000000000000000000000000000000000000000000000000000000000000000100000000000000000000000000000000000000010000000000000000000000000000000000000000000000000000000000000000000000000000000000001000000	93181.80000000002	62.30000000000001
45	1100011101011111011111010101001111111001101000100101101011101100100000001111010110110101111110010000101010010000101011110000110111110111001000000001000001110111001110001010101111001101100001110101001011011011110110110100101000100010011	1140409.0000000002	537.6999999999999
46	1000001100010111111100000000000000000000000000000000000000000000000000000000000000000000000000000000000000000000000000000000000000000000000000000000000000000000000000000000000000000000000000000000000000000000000000000000000000000000000	41953.200000000004	48.9
47	1101111000101011001000000000000000000000000000000000000000000000000000000000000000000000000000000000000000000000000000000000000000000000000000000000000000000000000000000000000000000000000000000000000000000000000000000000000000000000000	39456.0	49.1
48	1101101111100011100000000000000000000000000000000000000000000000000000000000000000000000000000000000000000000000000000000000000000000000000000000000000000000000000000000000000000000000000000000000000000000000000000000000000000000000000	42871.8	53.6
49	0111010000110100010111111100011011101110000101001101110101000000010101110001110110111101100001100100000111000111100101000000001010000110111001110101000011110010111011100010101100101110010000000101100000010100101011110100011110000010001	1040404.8000000004	482.1999999999997
50	1101100010101001100100001010000100000000000000000000000000001000000000000000101000000000000010000000100000000000000000000000000000010000000000000000000000000100000000000000100000100000000000100000000000000000000000000000000001010000000	214068.6	111.7
51	1111111101110101100001000100101000110110000111001100101101110100010011100000010100011111101010100101011010000001100101111010100101001001100001110001111000100101110111011000111001100011100101001010100000000111100110111110110010000001000	1050571.8000000005	503.00000000000006
52	0111110011100011000110100000000000000000000000000000000000001000000000000000000000000000000000000000000000010000000000000000000000000000000000000000000000000000000000000000000000000000000000000000000000000000000000000000000001000000000	97605.6	70.9
53	0101101100111100011111011101011101001011111100100101110110100000100101011000001110000010100111011010000110101101011100100011010100101000110110011100010100101111011001100100001110100010000000111100111100000110101100010100111100110100000	1109613.6	511.5000000000001
54	0011000110011011011100000000000000000000000000000000000000000000000000000000000000000000000000000000000000000000000000000000000000000000000000000000000000000000000000000000000000000000000000000000000000000000000000000000000000000000000	42398.00000000001	48.1
55	1010101011011101010000000000000000000000000000000000000000000000000000000000000000000000000000000000000000000000000000000000000000000000000000000000000000000000000000000000000000000000000000000000000000000000000000000000000000000000000	39332.4	48.4
56	1110011001100010010000110000000000000000000000000000000000000000000000000000000000000000000000000000000000000000000000000000000000000000000000000000000000000000000000000000000000000000000000000000000000000000000000000000000000000000000	39874.6	48.59999999999999
57	0001111100110100000100000010001011011000000001110011001010010110101000010010110001101000100101001000001010100110100100101001110110001100011010110001110100000001001101111001100100011010000000101011110100010010011001010000001011001001011	954913.6000000003	416.09999999999997
58	0110100100010011100011000001000011111000010000100000010101010111010011000001101110110010000011101011100011001110001111010010010110100100100101001010110111110000011010101001111000101101101110001001111101100010101001010000100101101101010	1113554.4	474.00000000000006
59	1011101110101011100000000000000000000010000010000000000000000000000001000000100000100010000010010000000000000000000000000000000000000000000000000000000000001000000000000010000000000000000000000000000010000000000000000000000000000000000	132687.0	102.39999999999999
60	1001001101001010101001000000000000000000000000000000000000000000000000000000000000000000000000000000000000000000000000000000000000000000000000000000000000000000000000000000000000000000000000000000000000000000000000000000000000000000000	37163.8	44.400000000000006
61	0011100010111111010101101101100111111001001011000000011011110111100000111111010011000110110011001011010111010110110011111101000011101111101101101101111010101111001111010011011101100000100110011000101001110111000100101011110100111110111	1341809.0000000002	591.9999999999995
62	1110001110110110010100000000000000000000000000000000000000000000000000000000000000000000000000000000000000000000000000000000000000000000000000000000000000000000000000000000000000000000000000000000000000000000000000000000000000000000000	42998.4	53.0
63	1010100110000110110101101000011111100110011110110011001101000010101101110111011011010000110100110000101001100110101100110110000110011100110100011011111011110001001010001010001001000100010101101110001101100111010100011111010001110011001	1176444.2000000002	526.0999999999999
64	1111101111011100001001111000011111101010011001100101100101011010110000011110001010111100110010011101101011100101101111001101100000111110010001110111111100000010100110010100100001011011000010001000000001001011011000110101110101000001111	1067133.7999999998	519.6999999999999
65	0010011111011000011110100111010101010011000000011100110111000101101110111011100110100101001111110101110101000101111001011110110011111101010000110010000110011000110110110001111010101010010101001101001001101110011110100101111000001101001	1206592.4000000004	552.3999999999999
66	1001101101101101100100100000100000000000000100000000000000000000000100000000000001000000000000000000000000000000000000000000000001000000000010000000000000000000000000000000000000000000100000000000000000000000000000000000000000000000000	104424.79999999999	90.1
67	0010011010101101111010011001000110100110011101111000100010010111111110010010101110010010101000101110011110100101110000111011111100110111110101001000010011000100100100011000010001010101100110100101111001011000111100110100010110010110001	1145531.6000000003	522.4999999999999
68	1001100111111010011011000000000000000000000000000000000000001000001000000000000000000000000000000000000000000000000000000000000010010000000000000000000000000000000000000000000000000000000000000001000000000000000000000000000000000000000	94152.0	83.7
69	0101101100111100011001011101001111001001111100101101110100001011111011011111000001001110011000010111001101010110100110011100011001010011011000000001101001001101110111001101010010000111010010110100101101111110111001111010101100110100000	1214118.0000000005	547.1999999999997
70	1100010110110111011000001101101011111010100010110000101100011111111111110100000011011111110101011001101001101100101101000110010110010011100101011100110010001100001100100100100011100101101101011101111001111111011100101111110111100000000	1250620.8	568.3999999999996
71	1100010010000010111011111001001110100011101011001000101100100101111001011110011101100010010001100011110001010000100101011011110111001000010000101011110011110001011010000101001011100000110110010001110001001111101110001000111110111010001	1185727.8	506.5999999999999
72	1011101111010111010101101100010110111100110000011011000100110110010011111011000001011001111010111111001101011111011011101101110010010110110000011010101100001100000010100111101101110011111000110100110110100100010110101101110100001111010	1255937.6	572.9999999999995
73	1001011000110001000101100000000000000000010000000000000000000000000010000010000000000000000000100000000000010000000000000000000000000000100100000000000000000000000000000000000000000000000000000000000000000000110001000000001000000100000	201539.4	97.8
74	0001000001001000110011010010000000000000000000000000000000000000000000000000000000000000000000000000000000000000000000000000000000000000000000000000000000000000000000000000000000000000000000000000000000000000000000000000000000000000000	38145.6	40.1
75	0100000100010000111101101001000000000000000000000000100000011010000000001000000100000100001000000010000001000000000000000000000000000000001000000000000000000000001001000000000000000000010000000000000000000000000000000000001000000000001	199346.4	116.39999999999999
76	0011001111101011000000000000000000000000000000000000000000000000000000000000000000000000000000000000000000000000000000000000000000000000000000000000000000000000000000000000000000000000000000000000000000000000000000000000000000000000000	37138.600000000006	43.8
77	0010010011100011001100101001011110101111111110011001011110111110001111011111101011110100101010010101000001101101011111100111010111110001101111001001111101110011110010111001010000100001101100010000101011010111010101111010110110011000000	1242865.0000000002	585.0999999999995
78	1100000101010011011010001000000000000000000000000000000000000000000000000000000000000000000000000000000000000000000000000000000000000000000000000000000000000000000000000000000000000000000000000000000000000000000000000000000000000000000	42422.0	49.50000000000001
79	0011000100110101011101100110001101110110101010100001101010100011100000111111010101101111110101100011111101111010110101111110101011001011001011111111100001101011111111011110010111110010110011111110000011111011110101100001111111100101011	1471234.2000000004	628.3999999999994
80	1010111111111100100000000000000000000000010000000000000000000000000000000000000000000000000000000100000100000000000000000000000000000000000000000100010001100000000000000000000000000000000000001000000000000000000100000000000000000000000	135497.4	97.19999999999999
81	0100110110011011110010101111101110011001101000100101101011111101101000001111010000110101111110110000110001011010101110110111111111110100000100011011001011101100100100011011100111010011100111101111000111101110010110101101111101001010011	1333284.6	591.7999999999995
82	1000101110010010011111011111110010001101111100100101110100001011111000101100011001101111111110000000101001010110011001111110000100011100100101000000101110101100011011100111011111001111110001000011111100110001001110011111111001011001000	1266087.6	560.9999999999998
83	1001010010101010001100001000000000000000000000000000000000000000000000000000000000000000000000000000000000000000000000000000000000000000000000000000000000000000000000000000000000000000000000000000000000000000000000000000000000000000000	37942.0	44.400000000000006
84	0100010000001001011010001000010000010000000000000000000000001000000000000000000000000000000100000100000000000000000000000000010000000000000000000000000000000000000010000010000000000000000000000000000000000000000000000000000000000000000	95621.4	71.10000000000001
85	1111000111111001000000000010100010000000000001000000000000010000011100000000000000000000000000010000000000000000000100000000000000001000000000000010000000010000000000000000000010000010000000000000000000100000000000000000011000100000000	263178.6	134.4
86	0001001011100010100010010100000000000000000000000000000000000000000000000000000000000000000000000000000000000000000000000000000000000000000000000000000000000000000000000000000000000000000000000000000000000000000000000000000000000000000	40351.0	44.1
87	1110111001010011010111000110011110110000000111110110110010011101000110000101001010001001011101001011001101101011001111110101111001100000010001010010111000011101000011100111000101100010111101011000100001011111100000111111010101101100111	1204067.8	531.0999999999999
88	0110101110100111100000000000000000000000000000000000000000000000000000000000000000000000000000000000000000000000000000000000000000000000000000000000000000000000000000000000000000000000000000000000000000000000000000000000000000000000000	40781.600000000006	48.5
89	0110000110100000010101100000000000000000000000000000000000000000000000000000000000000000000000000000000000000000000000000000000000000000000000000000000000000000000000000000000000000000000000000000000000000000000000000000000000000000000	34947.8	39.9
90	1100010100100001010011010010000000000000000000000000000000000000000000000000000000000000000000000000100000000000000000000000000000000000000000000000000000000000000000000000000000000000000000000000000000001000010000000001000000100000000	129842.6	70.8
91	1111000101111110000000000000000000000000000000000000000000000001000000000000000000000000100000000000000000010000010000000100000000000010000000000000001000000000000000000000010000000000000000000000000000100000000000000000000000010000000	153038.59999999998	92.39999999999999
92	0000001000110010001100110110000000000000000000000000000000000000000000000000000000000000000000100000000000000000000000000000000000000000000000000000000000000000000000000000000000000000000000000000000000000000000000000000000000000000000	49680.0	48.8
93	0000010101000111010111110010110000111101100110001001000101001011011100101110110111010010101101010001011000001010000100010001011100111111011000011110101001100111100110110001111011101010010011101011110010111101110100101100110000110101010	1214504.2000000004	531.5
94	0100011111001101000000000000000000000001000000000000000000000000000000000000000000000000000000000000000000000000000000000000010000000000000000000000000000000000000000000000000000000000000000000000000000000000000000000100000000000000000	62053.0	52.599999999999994
95	0011000101100111010111011111101110011101100101101001111001100011001011110101111011111100101001011100111011101111101010100111001101110001000100011110010011111010111001110101110011111100000010111011101011001111110101101011100011111010000	1377282.4000000001	617.2999999999995
96	0110100111001100101001100000001001100011011000100100100011001011011011100100011000001100011001110100111010001110100000101100100010000100111110011001000011010101100111100110001110001011100111100000111110011110000000100011000110000100011	994132.4000000003	454.6999999999999
97	1110111001000011011000101010000100110101111010011111110110110110111100110011101000101111110100110001110011010011100000001101100101001100011000110111101010010011011001101011011110001100001101101010111001000001110010000101111111011001011	1255234.4	548.9999999999997
98	1011101000110100111100000000000000000000000000000000000000000000000000000000010000000000000010000000000000000000000000000000000000000000000000000001000000000010000000000000000000000000000000000000000100000100000000000000000000000000000	106975.59999999999	79.1
99	1101111100011111111110101110001001101001101111101111001010010101111101111110011110100100111001111001100011110100000101101100011001011101111101010111000010111001110011010000010000001110001010011110111110000100001000001010110101001100100	1150723.0000000007	565.5999999999996
SOLUCIONES FIN 

0	1001010011100100011100001100100110011001101010101010101011111011100111100011001111100101110010100011001000100011010011000001000000001101111011101101100001110110101010010011000011110100000100110111111101101111010001101011111011111100010	1280484.6000000003	534.6999999999998
1	1101111111001111000000000000000000000000010000000000000000000000000000000000000000000000000000000000000000000000000000000000000100000000000010000000000000000000100000000000000000001000000000000000000000000000000000000000000000000000000	93306.80000000002	79.70000000000002
2	0010100000110010000110111000000000000100000000000000000000000000000000000000000000000000000000000000000000000000000000000000000000000000000000000000000000000000000000000000000000000000000001000000000000000000000000000000000000000000000	61490.399999999994	53.2
3	0110001011100010101000001001001000000000000000010000000000000000000000000000000000000001000000100000000000000000000000000000000010000000000000000000000000000000000000100000000000001000000001000000000100000000000001000000001000110000000	248413.59999999998	105.3
4	1011101111110001111110111110010111100010010000011100111101100111001100110001101010101000001000011011101010011011001101000010110110111100100011010111001010011111000110110001010111111011100111111000100010010101010001000011110101001001110	1184488.8	549.2999999999997
5	0011010111110000110001010010000111000000101110111111111111100111100100010000000110111011000100111001101000010100100100010000100010101010001010011100000011000110100010010000010010010000011011100001000100000100010100010100110111000111011	973941.1999999998	432.8999999999999
6	0101010110111000010101001101011001010001001000000000001001100111100010110010110011111111010000111011111010010011110001110001110100000100010001001010000000011000001001111100000110100110010010101001111010001100111011010100001111100100110	1071760.8	464.2
7	0100110111011000000110110010100000001000100011011111101100000101011011101000100110101001011101001001110100001001010011010000000110100011110111100110000110101000000011011001001001110110000001100010100110011100011010011001101100111101100	1116364.0	474.39999999999986
8	0110101010110000001010111000000111100101001010010001011100110111011101001000001010010000100000000100110000001000111010110001110001001000011101001001001000011110011000100010101111101000011011001000100010100100101001100011010011101000100	961660.8000000002	426.1000000000001
9	1101001011101010110101100110100100011011111111111100001110011001000010001101111100101100101100001111000101100101011101110011110111101011100110110010100101000100000110001110000110010110010110100000101000010010000000011101000011001110111	1082919.5999999999	514.7999999999998
10	0101000110011111010000000000000000000000000000000000000000000000000000000000000000000000000000000000000000000000000000000000000000000000000000000000000000000000000000000000000000000000000000000000000000000000000000000000000000000000000	37795.8	43.9
11	0010101101100101011111110101011011001010000000011111100001100000111110111000010100100011010000010111001101101001010110110000011111111011111111000110111001011000101101100001110101111111101000000110110111001111100001111100011000111111000	1317248.4000000004	563.1999999999997
12	0110100110111100110100000000000000000000000000000000000000000000000000000100000000000000000010000000000000000000000000000000000000000000000000000000000000000000000000010000000000000000000000000000000000000000000000000000000000000000000	71438.40000000001	66.3
13	1110011001001101011100000000000000000000000000000000000000000000000000000000100000000000000000001000000000001001000000000000000100000000000000000000000000000000000000000000000000000000000000000000000000000000000000000000000000001000000	115622.6	80.60000000000001
14	1011011010011111001000000000000000000000000001000000000000000000000000000000000000100010000000010010000000000000000000000000000000000000000000000000000000000001000000000010000000000000000000000010000000000000100000000010001000000000000	178310.0	100.39999999999999
15	1111110001100110101010100100010011101001011111000101011111001111010010000010001011010011000011110101100011100001001000010100101101011011111110000110100110010111110100100110011011111000011000010101101011000010110001111011111000011000110	1134439.2	521.0
16	1100000111010010001011100000111101001001000011010100011001100001111010100001001101010000001011101001101010110100011101010101100101010011011011110111001100000110000100010110111001011111010100011000100000110011111101001011001100110000010	1083456.4000000006	486.19999999999993
17	1001010000100011001000101011100100010110100000010100011110100010000100001111011100010001001111110100010110000010100000110111001000010111111000111001110000000110101010100000010110111101011111101110000001011001011000110010000111101000001	1052995.2	455.59999999999974
18	1000111010111000011001000100111111101001001100100110011101001110011101000110010101101100010000101101111100011100100001011011100101101101010011000010001111101010011000001100011110001010011011001010010010110100111111111011011100100010110	1170686.0000000002	522.1000000000001
19	1101110110011001010000000000000100000000000000000010000000000000000000000010000010000000000000000000000000000000000000000000000000000001000000000000000000000100000000000000000100000000001000000000000000000010000000000000000000000000000	126739.4	89.80000000000001
20	0010010100100110000111100100101110111000000011110100000010110101001010000010000000100011010000010111001101101101010110110000010111111001111111000111110100010000000010111001101001100100010001110000010000001111100100111101101111111000111	1143066.0	472.69999999999993
21	0100011001101101010010101011001100010110100011001110001110111001100011100001010011010101100101000111100001110100110101101010010011011001001001111101001010100110011101101011011110001000111000010111010001010101010111100111111000000011101	1136720.2000000002	514.4999999999999
22	1000010110110110000000101100000000000000000000000000000000000000000000000000000000000000000000000000000000000000000000000000000000000000000000000000000000000000000000000000000000000000000000000000000000000000000000000000000000000000000	43120.0	49.1
23	0110111110101001001101001000011101010001010100011101000010011100101100010110011111011110100110001101110011100000100001101010010110101111010011010001100101111001100000001010110011100101110111111101000000011110101101100001111011010101111	1232858.2000000004	528.1999999999999
24	0000000111101011111101101111100001000010001111001101011110011000101000110000100001000111000010000110101011111011100101011001011111100011100010101011100001101010000110111111111100001100000011011100110101010000110101100111000001001001000	1075702.2000000007	505.19999999999993
25	1011110110100111100000000000000000000000000000000000000000000000000000000000000000000000000000000000000000000000000000000000000000000000000000000000000000000000000000000000000000000000000000000000000000000000000000000000000000000000000	42827.8	52.900000000000006
26	0000011101000110010100111010101100110100011111111010101011111110001010011101011000000001000110101000011110011010011010001111011011110111000011011000011000110000111111100010010011010100111101000000000111001000100111010011000111110000110	1104408.7999999998	502.3999999999999
27	1000111010111011100101001100100100011111111111111111100101110010000111110111000101101100110001100101111100111100100001011011100101101101100101000100000010100111010101100110001111111001111101010110101111001100110111110000111111111000001	1371847.4000000004	597.2999999999995
28	0111011001001101110001000000000000001100000000001001000000000000000000000000000000000000000000000000000000000000000000000000000000100000000000001000000000000000000010000100000000000010100000010000000000000000000000000000000000000000000	153879.6	102.1
29	0011100111001111000101001100001001100011111001101110100011110001101101100110000011111010011011111101101010111011001111100001011001101101101000111111101000101001101101110100100000101001100110001111011011000100010110010100101111111101101	1322526.2000000002	563.7999999999998
30	1011100101101011001010100100010011101001011101100101011111001100110011011111010101001111010001101101101010110010101001011100101110101010110011111010000000111010111000111010011111001001111111101000101011111101010110101011110010010110010	1293216.2000000002	580.2999999999993
31	1011100100100011110001111111010000010000001100100011011010111111110101000110001011000001101001101100001101100101101000010100101100100101000010000111111001001000100110001001010000100000000011111101110010100110011001000100011010001111111	1067468.4	466.9
32	1011100011111001011110000000010000000101110011001110000011110011111111011010000111000010100101100100100001010110100011000010000011100010001100111000010010110010010001100110011011100011011000101110110000000011000011100000010100011101100	1005539.2000000004	452.49999999999983
33	0110110010001101000101111111010110110011111011101101010111000111110110000001111000011000101100001111111000011100010111001010101000010110011100101111001100000010010110001001111010111100111100101110111000101011100111010101011101001001001	1243042.4	557.5999999999998
34	1111110010011010101000000000000000000000000000000000000000000000000000000000000000000000000000000000000000000000000100000000000000000000000000000000000000000000000000000000000000000000000000000000000000000000000000000000000000000000000	49104.0	56.99999999999999
35	0110011011010001000101111010010010100110001000111011011110010010000110001111101000111010100111011001000110111000001111100000110001001110010110001101000111100010101010110111010001001110011101100000111111000000111001000111110000000110101	1055377.5999999999	492.19999999999976
36	1001010010110000011110001011011100110110001111011000110111110101100011011110001100011101010011000011001000000011010100010110000110010111101101011100000000000000000110111110011001110001101011000001111100000100010111100000010101110011000	1089735.8	486.09999999999997
37	1001111011000100111000000000000000000000000000000000000000000000000000000000000000000000000000000000000000000000000000000000000000000000000000000000000000000000000000000000000000000000000000000000000000000000000000000000000000000000000	39527.600000000006	48.300000000000004
38	1111000101100110110100000000000000000000000000000000000000000000000000000000000000000000000000000000000000000000000000000000000000000000000000000000000000000000000000000000000000000000000000000000000000000000000000000000000000000000000	43128.00000000001	52.99999999999999
39	0011010011010100101010111110001101100011000111100001100101011110100010100001010110101000010001001101110100100110011101001110001110001101011010110110011110011010101110101000110100111000111010110101000000110001111101110100011100100000000	1091148.2000000004	507.79999999999984
40	0001010000011100100000000110010000000000000000000000000000000000000000000000000000000000000000000000000000000000000000000000000000000000000000000000000000000000000000000000000000000000000000000000000000000000000000000000000000000000000	38340.0	40.00000000000001
41	1011000010100011101100100000000000000000000000000000000000000000000000000000000000000000000000000000000000000000000000000000000000000000000000000000000000000000000000000000000000000000000000000000000000000000000000000000000000000000000	40883.0	48.300000000000004
42	1011100010110110100111101111110110010000100110000001110011111001000110111011011100110100011111011111110011010101101110010111001111101101110101111100010011101110000100000001110111010001111010000111111111101011110101101101101100000101111	1300304.8000000003	596.9999999999997
43	1000101100000101010011100000000000000000000000000000000000000000000000000000000000000000000000000000000000000000000000000000000000000000000000000000000000000000000000000000000000000000000000000000000000000000000000000000000000000000000	38880.40000000001	45.199999999999996
44	0110000101111101110000000000000000000000000100000000000010000000000000000000000000000000000000000000000000001000000000000000000000010000000000000000000001000000001000000010000000000010001000001000000000000000000000000000100000000000000	157118.8	94.7
45	0001011100110111100100000000101000100000000000000010000000000100000000000000000101000010000000000000000000001000000000000000000010000000000000000000000000000000000000000000000100000000000000000000000000000000000000000000000000000001000	152225.6	101.99999999999999
46	0001001101100101010100100000000000000000000000000000000000000000000000000000000000000000000000000000000000000000000000000000000000000000000000000000000000000000000000000000000000000000000000000000000000000000000000000000000000000000000	39599.8	44.4
47	0100110010000011000110000111011011111100111100010111101001011101101000100001000010010101101101010100100100000100100010010111001010011101000001011001101111011001010111100100101010110010101001101001000110110111000010011101001011100010000	1102268.6	489.2000000000002
48	1100000111111110100100010001111100000110001100111100000111010110100010101000001111010110101010111101100101101110100001111100001111100100111101000010101110111010101111010011101001101011011011101110101010110110111010011111111110111011000	1427082.7999999998	587.7999999999995
49	1111100011001101000111001011000100011100001001111110110111000111001110001010010101101111000011000001000110010010001100000010100000000001111011001111011001110110101101100001101011110100001111011110000110000001111100110001101000100101101	1099951.8000000003	495.9000000000001
50	1100101000000101001110110000000000000000000000000000000000000000000000000000000000000000000000000000000000000000000000000000000000000000000000000000000000000000000000000000000000000000000000000000000000000000000000000000000000000000000	42750.00000000001	49.599999999999994
51	0101000010101010001000000011001111100010110100101001101010000001100000010100011010010110101000100111000111110101100110110000101000011101011010101010100100000100011001100001001000110101011100100011100010010000010111110111011011000010011	1023666.0	443.8
52	0100101000011011110100000000000000000000000000000000000000000000000000000000000000000000000000000000000000000000000000000000000000000000000000000000000000000000000000000000000000000000000000000000000000000000000000000000000000000000000	39189.0	44.8
53	1101101111011100001000000000000000000000000001000000000000000000000000000000000000000000000000100000100000000000000000000000000000000000000000000000000000000000000000000000000000000000000000000000000000100000000000000000000100000000000	109461.4	75.10000000000001
54	1000100011011101011100000000000000000000000000000000000000000000000000000000000000000000000000000000000000000000000000000000000000000000000000000000000000000000000001000000000000000000000010000000000000000000000000000000000000000000000	67887.8	57.49999999999999
55	0111011000001011000100001100101010110110010000100100000010011110011001111100010010010110100100110111010100000111011000011110010001101010101000010010011110111000010000001000010011100000000101101101010001010111111001000011011011001000000	982032.2000000003	445.50000000000006
56	0101101101101000010100000000000000000000000000000000000000000000000000000000000000000000000000000000000000000000000000000000000000000000000000000000000000000000000000000000000000000000000000000000010000000000000000000000000000000000000	51210.4	48.8
57	1000011110110011100101110101011100000110100011000010100111100010101010000010000000111011110000010111001101101101010110100000010111111001111111000111111011100011010100001100100001010011111101010110111001001100111000110101100011011010001	1178788.0	521.9999999999999
58	0111010100111101000000101001000110100100010100010111010101001100111101000110010100010011110001011110100001011001011111111000011110110100100101111111011111100111101000110101001010010111011000111000110110000110111000010101010111010001101	1200061.6000000003	529.6999999999999
59	0010100101111001100100000000000000000000000000000000000000000000000000000000000000000100000000000001000000000000000000010000000000000000000000000000000000000000000000000000000000000100000000000000000000000000000000000010000000000000000	87141.2	65.8
60	1001111000001110010101011110011000101100100100110100110000010000101010011110101011110110111010110101001110000010110010111011110100000111010111011111010110000010110000011000111110001001110101111000001100111101100110100001010101111100111	1224065.4000000006	529.1999999999999
61	1111011001110011100010010000000000000000100000000000000000000101100000010100000100000000000000000101000000010000000000000000010000000001000000000000000000000000010000000000001100000000000001000000010000001000000000000000000010110000000	315673.2	155.29999999999998
62	0010111111100110111010010000110001011110010001100111110000001011100100111000100101101101000100001100001101010100001001011000010100100110101100001010010000000101100100100010000001011101000111101001100111101001011101010001101111111010101	1141899.5999999999	471.99999999999994
63	0000110011011001100111011010101010000101110001100010101001111001000000100001011000010000100011000100001101111001010100100001010111000000100101000101011011111110011000000010010001110011000000001111101010001010110111010000101010011101110	1035419.0000000003	440.3
64	0011010011100000111110000000000000001000000000000000000000000000000000000000000000000010000000000000000000000000000001000000000000000000000000000000000000000000000000000000000000000000000000000000000000000000000100000000000000000000000	77211.4	65.80000000000001
65	0110011110011001101000000000000000000000000000000000000000000000000000000000100000000000000000000000000000000000000000000000000000000000000000000000000000000000000000000000000000000000000000000000000000000000000000000000000000000000000	47706.200000000004	53.1
66	1111100011101110001101110000111101000110100110111100000111010110100010001000001111110100011010010000100010110001001000010100101101011011111110000110100110010111110100100110011011111000111000100110011001011001101011110001011110111111101	1315273.8	537.0999999999998
67	1110001101010000011100000000000000000000000000000000000000000000000000000000000000000000000000000000000000000000000000000000000000000000000000010000000000000000000000000000000000000000000000000000000000000000000000000000000000000000000	44120.00000000001	48.7
68	0100101011100000110000000010000000000000000000000000100000000000000000000000000010000000010000000000001010000000000000000010000001000000000001000000000000100000000000000000000000001000000010000000000000000000000000010001000000100000000	198351.2	102.19999999999999
69	0000100001111010110000000000000000000000000000000000000000000000000000000000000000000000000000000000000000000000000000000000000000000000000000000000000000000000000000000000000000000000000000000000000000000000000000000000000000000000000	30981.4	35.2
70	1101001111010100000000101000000000000000000000000000000000000000000000000000000000000000000000000000000000000000000000010000000000000000000000000000000000000000010000000000000000000001000000000000000000000000000000000000000000000000000	73177.20000000001	61.900000000000006
71	1011010000100000110010001000100000000000000000000000000000000000000000000000000000000000000000000000000000000000000000000000000000000000000000000000000000000000000000000000000000000000000000000000000000000000000000000000000000000000000	38788.40000000001	44.6
72	0110001011011010100110100010111100001110010001001000110111101101011100101101001110110010011000011000101110001100101101101001101010110001010100100111111101010011110010111110101000111101111111110100100101010100000001101100001111010011011	1264824.8000000003	541.0999999999998
73	1110001110011010001111000100010111101001011001110100110010000101111100011100010100110101011110110101110100111000111110101011101010111001010000110111111101010011110111111000111110111101011111110100100100000110000011101110000000110101111	1262266.2000000002	573.7999999999997
74	1100100001001100100111100000000000000000000000000000000000000000000000000000000000000000000000000000000000000000000000000000000000000000000000000000000000000000000000000000000000000000000000000000000000000000000000000000000000000000000	42509.200000000004	49.70000000000001
75	1101100111000100110000001000000000000000000000100000000000000100000000000000000000001010000000001100000000100000010000000010000000000000000000010001000000000000000000000100000000000000000000000000000000000000000000000000000100000000000	167031.99999999997	108.00000000000001
76	0101100101000100111000110010110010010101010110001000010101000110011111001101111000110101010001101101110000100110111100101001001010100100001000111001100100110100011100001111010001011111101110011110011011000110111010100000001111110100101	1199641.0000000005	504.99999999999994
77	1011001101100100011110110010110001001011010110001010100111100000010110010101011010111111001011011010100000110110111000111001011001110010010001111001110111101110101000110100111100001110101111101101000001001001001110011101101110100001000	1187172.6	538.3999999999999
78	0011101100101111101000010000000000000000000000000000000000000010000001000000000000000000000000000100000000000000000000000000000001000000000000000000000000000000000000000000000000000000010000000000000000000000010000000000000001000100000	178697.0	92.7
79	1111000101011011001000000000000000000000000001000000001000000000100000000000000000000000000000000000000000000000010000000000000000000000000000001000000000000000000000000000000000000000000000000000000000000000000000000000000000000000000	73923.80000000002	71.49999999999999
80	1100111000001110110010000001000000000000000000000000000000100000000000000000100000010000001000000000000000000000000000100000000000000000000000001000000000000000000000000000000000000000000000000000000000000001000000000000000000000000000	104176.6	85.79999999999998
81	0110001101011000001110100000000000000000000000000000000000000000000000000000000000000000000000000000000000000000000000000000000000000000000000000000000000000000000000000000000000000000000000000000000000000000000000000000000000000000000	42923.0	49.0
82	1111010010111010100101110000101111101010111001010010110000100011010011001111001111011000110011110101001101001100010011110111011001011110010111111101100011100101111100001111000010101011010010011000010001111101001011110100010001011110110	1224925.2000000002	556.1999999999996
83	1101100111001011110011010011110011011001101100111110001101111100100010111001011000111110000100000110011011101110101110010101001011111001010110000111100000011111000100101011011110011111111100011110111010111101011001000111011001001100101	1288969.6000000003	584.5999999999993
84	0011010000001011010011100111010101101111000000011001011111011100011000001100000011000011001001110011111001011100101001011111001000111111001010100000111010001001111010011101101100010001100101100010000001001011110011100101010101100100110	1088413.9999999998	489.79999999999995
85	1001100001111101010111111100110111110010100010010010111100101100110011011111010101001111000010000101110001100001111101010100110110001101111111011001010101101101110100010101010110101101110010110101110101000110110101011000101110111010011	1313872.0000000002	575.7999999999997
86	1001000111101110101000000000000000000000000000000000000000000000000000000000000000001000000000000000000000000000000000000000000000000000000000000000000000000000000000000000000000000010000000000000000000000000000000000000000000000000000	60584.00000000001	57.1
87	1101001111101101000110111010110011010011001110000101010101111000100010111011011000111111000100000110011111101110100110000111011001110010010001111011110111101110101000110000111100001110001110010010000010110010001010101110001100111100101	1192647.0000000005	543.8999999999999
88	0011110000010001011100010000000000000000000000000000000000000000000000000000000000000000000000000000000000000000000000000000000000000000000000000000000000000000000000000000000000000000000000000000000000000000000000000000000000000000000	39040.600000000006	44.1
89	0011110101101001101000000000000000000000000000000000000000000000000000000000000000000000000000000000000000000000000000000000000000000000000000000000000000000000000000000000000000000000000000000000000000000000000000000000000000000000000	41439.0	48.5
90	0100101111101110110111111111101110101000000010010010111011100001011000001001110011101001010010100110100000000100010011101011010111100011111011011000010110010001001111000101011100101110110101100001110101111100110110000000001011101001010	1158659.4	520.6000000000001
91	1011011010011010101000000000000000000000000000000000000000000000000000000000000000000000000000000000000000000000000000000000000000000000000000000000000000000000000000000000000000000000000000000000000000000000000000000000000000000000000	39038.8	48.0
92	0100111101001010011101010011000100000001000000000001101110110010100000111110100000101010000010011101111100111011011010111010000101100111011011110100100000000010010110100111100101010011101100011000001100111101101001000111100011111010001	1135717.2	483.3999999999998
93	0101101110011101111111100111010101011011001110011000110101000101111110010111101001001111001010100111100110000100010111010110011110010101010110001000110101111111100011111000011011100100010111110011100011001000000011010110110001100000001	1127365.4000000001	554.9999999999997
94	1001101100110101011000000000000100000000000000000000000100000000000000000000000010000000000000000000000000000100000100010010000000000000000000000000000000000000000000000000000001000000000000000000000000000000000000000010000000000000000	117125.4	88.69999999999999
95	0000111100011000010011001100000000000000000000000000000000000000000000000000000001000100000000000000000000000000000000000000000000000000000100000000000000000000000000000000000000000000000000000000000000000000000000000000000000000000010	76932.2	63.400000000000006
96	1000100100101111011100000000000000000000000000000000000000000000000000000000000000000000000000000000000000000000000000000000000000000000000000000000000000000000000000000000000000000000000000000000000000000000000000000000000000000000000	41744.80000000001	49.00000000000001
97	1010101110110001001001000100000000000000000000000000000000000000000000000000000000000000000000000000100000000000000000000000000000000000000000000000000000000000000000000000000000000000000000000000000000000000000000000000000000000010000	87157.8	62.2
98	0100011110010100110011000000000000000000000000000000000000000000000000000000001000000000000000000000000000000000000100000000000000000000000000000000000000000100000000000000000000000000001000001000000000000000000000000000000000000000000	96496.8	71.3
99	1111001110000011010010000000000000000000000000000010000000000001000000000000000000000000000000000000001000000000000000000000000000000000000000000000000000000000000010000000000000000000000001000000000000000000000100000000000000000000000	101998.0	76.2
