SOLUCIONES FIN 

0	111000011101011010010101001100001101111100011101110001110111011111100001001010111010001000010000011001101001110110110110001100100110101010110110000001011110110011010110000110100011101000001111011000001111100100011011101110000111010000	1213212.3999999997	521.0000000000002
1	110111000001010010100000000000000010000000000000000000000000000010000000000100000000000000000001000000000000000000000000100000000000000000000000000000000000000000000000001000000000000000010000001000000000010000011000010000000000000000	181495.39999999997	93.20000000000002
2	001111101100010100011000101001110101100010110111001110111110011000100110010101011111011110001010010000100011000110101011100000011111100001010100110010111001100001100001001100000100000110100110110001111110101011111101101000100110101001	1217389.0000000002	510.5000000000002
3	010001000111100010000101010111001101100111110110000001010010010010011100100100011100111010000110111111111000111001011111111110111101110111000011101111001011001101101111000111111100001100010100110110110000000111111110111000111010100110	1345975.5999999996	559.0
4	101111011101100000011000000000000000000000000000000000000010000000000000000000000000000000000000000000000000000000000000010000000000000000000000000000000000000000000000000000001000000001000000000000100000000000000000000000000000000000	108811.79999999999	76.70000000000002
5	010111100011011000001000000000000000000000000000000001000001000010000000000000000000000000000010000000000000000000000000000000000000000000000000000000000000000000000000000000000000000000000000000000000000000000000000000000000000000000	72867.6	63.7
6	101111001010010100100000000000000000000010000000000000000000000000000000000000000000000000000000000000000000000000100010010000000000000000000001000000000000100000000000000000000000010000000010000001010000000001000000000000000000000000	169437.6	94.50000000000001
7	010001110011011100000000000000000000000010000000000000000000000000000000000000000000000100000000000000000000110000001000000000000000000000000000000000000000000000000000000000000000000000000000000000000000000000000000001000100010000000	163870.8	77.5
8	100010000101011101010000000000000000000000000000000000000000000000000000000000000000000000000000000000000000000000000000000000000000000000000000000000000000000000000000000000000000000000000000000000000000000000000000000000000000000000	41986.6	41.10000000000001
9	100010000101001111101001101011111001110111011110110001111001110110100011010000111111110000101011001000010111101100011000010010111100101110010001001011110010001000110100100000101100110011100010000111111110110001100010010111110101111101	1315726.4000000004	534.3000000000001
10	011100100000110101100000000000000000000000000000000000000000000000000000000000000000000000000000000000000000000000000000000000000000000000000000000000000000000000000000000000000000000000000000000000000000000000000000000000000000000000	40836.600000000006	41.400000000000006
11	111010000010001100001100100000000000000000000000110000000000010000000000000001000000000010000000000000000000000101000000000000010000000000000000000000000100000000000000000000000000000000000000000000000000000100000000000000000000000000	134205.4	90.69999999999999
12	011010010010000001011001000000000000000000000000000000000000000000000000000000000000000000000000000000000000000000000000000000000000000000000000000000000000000000000000000000000000000000000000000000000000000000000000000000000000000000	42133.0	41.50000000000001
13	000011100010101001010000000000000000000000000000000000000000000000000000000000000000000000000000000000000000000000000000000000000000000000000000000000000000000000000000000000000000000000000000000000000000000000000000000000000000000000	37189.399999999994	36.7
14	000110000111111101010110110000111100101100010010101101001110100110100001010000111111000010111000110001011110011101000000111110111001000001111100111010001000000001111100011001111011100100001001110100011101011010011111110111000010011011	1235107.1999999997	517.5000000000002
15	000110110011100000001010010100000110111011011000110101101010111100011011000100110001100100000010000000111111111010111001010000001000000100100010010110101011011001000000101111110010100010110111101001001010010000111000100011010101010110	1095869.8	453.40000000000003
16	010011111011011110011001011111011001011010111111011010110110101111000100111110001010011101101010010000111101110010011101001110111011110010011110000100101111111111001111011100100100000110100110101001111110101010111101101010010101110011	1431200.4	607.9000000000001
17	100110010010100000000000000000000000000000000000000000000000000000000000000000000000000000000000000000000000000000000000000000000000000000000000000000000000000000000000000000000000000000000000000000000000000000000000000000000000100001	65591.0	31.500000000000004
18	111000010010000001000011001110010011100110010000110010011110111111110001111011000001010110000100111101000010010011001010001110010110100001101010010101110111010010010110100110111100011010001011010110011011010011111110111000101101111101	1331709.8000000005	514.4000000000001
19	000111011110101110011110100101000111100010110110011110111111001110100111100100111110001011111100111000010111011011100001000001101001011110110101010100010101111110101000001100010010011000010010100100101101001111001101001000001110001001	1204841.8	538.9000000000001
20	011011111001011011101101010001111001101001101001010111001110011001011111111110111111001101111010001011000110101010010110011010001010110111101000100110111111111111010010011011111000011011001101011011110100011111100100010001011101101000	1422747.2000000002	605.0999999999999
21	011100001010011101001010101111111001101001110110101110010010111111101010110010110001110000101001001000010111101100011000010010111100110000100000001101110010101011000001011011110110001011110011011111100110000110101110111101110011110001	1344563.4	543.7000000000003
22	110100111111001101100100100001110011100111111011100111001111101101111010101011001111111010010110000001011100001000101100001111101010111001001101111100011011101100111001001011100110001011111101011011010001110000101011000000101111010010	1334593.2	573.5999999999999
23	001001110100100001010100000000000000000000000000000000000000000000000000000000000000001000000000000000000000000000000001000000000000000000000000000000000000000000000100000000000000000000001000000000000000000000000000000000000000000000	83964.8	58.8
24	100100101000110111000000000000000000000000000000000000000000000000000000000000000000000000000000000000000000000000000000000000000000000000000000000000000000000000000000000000000000000000000000000000000000000000000000000000000000000000	40084.6	40.9
25	011010101111110000000000000000010000100000000000000000010000000000000000000000000000000000000000000000000000000000000000000000000000000000000000000000000000000000000000000000000000000000000000000000000000001000000000000000000000000100	87765.0	63.699999999999996
26	110101110001110100000000000000000000000000000000000000000000000000000000000000000000000000000000000000000000000000010010000000000000000000000000000000000000000000000000000000000000000000000000000000000000000000000000000000000000001000	94192.6	58.800000000000004
27	110001101100110110110111110000001001011001110001110101101110110001000000110110101100000111011011011100011011001101101000011010100101001110110110000001000101011101001100011100011000001110011010001100011011011001101010001100101011010111	1205908.9999999998	507.7
28	000011011111010111111111101111011001011010111101010011101000000111110000011101011010100111011110000110011011111110110110001100100110101010110110000001011110110011000100011101011101010110101010111110100111110100100011101011110100011001	1392557.6	592.5
29	011100111111000100011010100000001000000110100101100010011010101001001101101001001010111101011101100111111000110100000010110011010100101011101000001011000110000111101110001100110000000000101111010010001010110010010110101111101000000000	1061793.5999999999	470.4000000000001
30	001111001000100111000000000100010000100000000000000000000000000000001000000000000000001000000000000000000000000000000000000001000000001000000010000000000000000000000000000000000000000000000000000000000000000000100000000110000000000000	150640.4	88.8
31	011110101010111000000000000000000000000000000000000000000000000000000000000000000000000000000000001001000000000000000000000000000000000000000000000000000000000000000000000000000000000000000000000000000000000000000000000000000000000000	57963.59999999999	54.7
32	111110011001100101010100000111001011001001000011011000110100101010011111011000100000100111100011011100001100110011011110101100110000000111001100111000010010010001000101011100101100100110110100011111000111001011000010110000101101111010	1205427.4000000001	490.4000000000001
33	111111011000100011111100011101010001000101100001110110111110111010000000100110010101010001101101111010101010101111101010100000011101100100010101100110111111001011000010001110111100010111111110101000110010010010111001010000000100111010	1222329.0	532.8999999999999
34	011011100001001101000000000000000000100100100100000000000000000000000000001000000010000000000000000000000000000000000100000000001010000000000000000100000000000000010001000000000000010000100000000000000000000001000000000000000000000000	180472.00000000003	106.49999999999999
35	110011101111000000000000000000000000010100000000010000000000000000000000000000000000000001000000000000000000000000000000000000000000000000100000000001000000000000000000000000000000000000000000000000010000000000001000000000001000000000	147437.80000000002	81.00000000000001
36	011101100101001001111111100101010011011101000011011001001001000011011110011001100011001111111111001001011100001010111101010001101101010000001101100100001000111001011010101111100111010110101110100101110011001101001011110100100001000000	1183757.0000000002	531.1000000000001
37	011111000000101110011101000100110001110111011110111001111001110110011010011111111101100101101011111001111110100111000110000011001100110110110000011101011111111100111001001011110010011101110100101001100001100011101101001001000011100000	1296888.8	578.1000000000001
38	010100001110101110000000000000000000000000000000000000000000000000000000000000000000000000000000000000000000000000000000000000000000000000000000000000000000000000000000000000000000000000000000000000000000000000000000000000000000000000	41527.0	41.400000000000006
39	100110010101101100000000000000000000000000000000000000000000000000000000000000000000000000000000000000000000000000000000000000000000000000000000000000000000000000000000000000000000000000000000000000000000000000000000000000000000000000	38679.0	40.900000000000006
40	110101111111000000100000000000000000000000000000000000010000000000000000000000000000000000001000000000000000000000000000000100100000000000000000000000000010000000000000000000000000010000000000000000000000000000000000000000001000000000	136470.6	81.8
41	111001110110000101000000000000000000000000000000000000000000000000000000000000000000000000000000000000000000000000000000000000000000000000000000000000000000000000000000000000000000000000000000000000000000000000000000000000000000000000	41761.6	46.00000000000001
42	001101100110001100100000000000000000000000000000000000000000000000000000000000000000000000000000000001010000000000000000000100000000000000000000000000000000000000000000000000000000000000000000000000000000000000000000000000000000000000	65786.40000000001	55.400000000000006
43	011011010111001111001101000100001100111100101110111011001001101111111010000111110001101101111110001100100010011001001000111100101100011010100001111110001101111011101011110100001100101001111111001001011001111111010111111000100011101101	1398977.2000000004	578.6999999999999
44	111100110010110110000011110111100010100101100111110001000010010101100100001111100110111100100100000010000001011100010101101000100000101100100001111111001111110110010011100000001100000010011000000000100000101010010000000101010011000011	939067.1999999998	433.20000000000005
45	111101100000001110110000100100011010101101101110000010111101110100011001101010001000101000001101110101111110011000110101011001001011010101100101100101000000001110100010111010111101000011100001011001100001011111011000100101100011001101	1168346.8000000003	495.6000000000001
46	011010001000000111001110110001010001011000101100110110110101010000111001101101001010000101000110011010100000010101100111011111011101000111010111110111000110000101111111001000110010111110000100101001001001001110110110011001000111011110	1243911.6	506.0000000000001
47	010101011011000001100001110101101000110110000111010010101010100011111010000011011000111000011010001001001010011101001010110000110001000000111111001001101000010010011000010000011000101110000011011100010111011000110100100001001111100111	1095777.4	451.0000000000001
48	010001001111001011011001110000010111101010100110101011101011000011000101001101011010011000000100110011011110011101000000111110111111010001110100111000101001110111100000000001100000110001010010000100101101101100010100100011010011101101	1154433.6	488.8000000000001
49	000111011010110001000000000000000000000000000000000000000000000000000000000000000000000000000000000000000000000000000000000000000000000000000000000000000000000000000000000000000000000000000000000000000000000000000000000000000000000000	39387.399999999994	41.0
50	100000010010000011000011001110010011100110010000110000011110111111110001111011000001010011010101000011010100011110000001000101011100001000100101001111010001000001001110111001100111100100000010100001010010000010110010000010001111111101	1103152.4	437.7
51	111110011001100111010000111110110000000010000101001111000101101011010000011001101010001001000000110010110001000000100001101010000010110010111011001101010111000000010101010011110011010000100010000110010101110100100011001011101001111101	1124956.7999999998	450.30000000000007
52	000111100100110011000111101000110011111110001000011000100101100011010010001001001101011011110001001101011100100111111110001110110001101011010011010001011011010010101000010100001101010011101111001001010111011000101011100101001011001110	1232215.2000000002	516.4000000000001
53	111110110111000001000000000000000000000000000000000000000000000000000000000000000000000000000000000000000000000000000000000000000000000000000000100000000000000000000000000000001000000000000000000000000000000000000000000001000000100000	123967.20000000001	67.5
54	011110011010110011011111010101100111100101111011100001111011100111011000100010000111111100001001011101001100001111100001101000010110100101000100011010011011101111100001011010100111111000011010100110010001101111110011010010101101100100	1294449.8	551.3
55	000101001010011100110011100001001110011100011011100001001110011100110100001100010011000000100011000010000000010110110110110100001100110110110000010100011111010110110000100011001110000110100011000000110001010101100100110100001010011010	1035116.4	437.3000000000002
56	101110101110101000000000000000000000000000000000000000000000000000000000000000000000000000000000000000000000010000000000000000000000000000000000000000010000000000000000000100000000000000000000000000000000000000000000000000000000000000	73338.4	59.1
57	101100011110111111100101001001001101011001111101100100010010001101000010110100100010100111110111000110010110001110111011010001001110011011100100101111001101100010000111001001000100001000001111110100001111111110000001000010011011110001	1210593.4	516.0000000000001
58	011101110101001011101111100101010001011101000011111000101001010011011110101011000010010000111011001110010101100000010001111110111101011000111011111000000111000001000011110010111110101111100100100000010110000000001011110100100001000000	1072889.0000000002	503.1000000000002
59	101100000000101001101110000000110111110110000001110110110100010011000000011000111111010000111010000100110011001010001000100110010101000001110111000000111000010011000000111111100110100100100001000110111001100010110111101000111100010000	1108019.9999999998	454.9000000000001
60	110100010000110100100100000000000000000000000000000000000000000000000000000000000000000000000000000000000000000000000000000000000000000000000000000000000000000000000000000000000000000000000000000000000000000000000000000000000000000000	39807.8	40.9
61	100100100011100000110100000000000000000000000000000000000000000000000000000000000000000000000000000000000000000000000000000000000000000000000000000000000000000000000000000000000000000000000000000000000000000000000000000000000000000000	40917.4	40.699999999999996
62	000010110110011110000000000000000000000000000000000000000000000000000001000000001000000000000000000000000010000000000000000000000100000000000000000000000000000001000000000000000100000000000000000000000000000000000000000000000000000000	100270.40000000001	68.5
63	001001000010011000000100000110000000000000000000000000000000010000000000000000000000000000000000000000000000000000000000000000000000000000000000000000010000000000000000000100000000100000000000000000000000000000000000000000000000000000	84580.4	54.5
64	111011010010010011000000000000000000000000000000000000000000000000000000000000000000000000000000000000000000000000000000000000000000000000000000000000000000000000000000000000000000000000000000000000000000000000000000000000000000000000	41962.8	46.0
65	111011011110111000101010010011000010011010100000110001001001010111010000011100100010011101100010010000111101110010101100001111101010111011001101110110111010100000001001001001011111000111111000100001001001001111010101001100111100110000	1209540.6000000003	507.6000000000001
66	101110110100001001010000000000000000000000000000000000000000000000100000000000000000000000000000000000000000000000000000000000000000000000000000000000000000000000000100000000000000000000000000000000000000000000000000000000000000000000	60880.2	53.7
67	110100000110100000011101000000000000010000000000000000000000010000000000000001000000000000000000000000100000010000000000100000000000000000000000000000000000000000000001010100000000000000000000000000100000000000000000000000000000001000	183931.2	95.1
68	011110101001101100000000000000000000000000000000000000000000000000000000000000000000000000000000000000000000000000000000000000000000000000000000000000000000000000000000000000000000000000000000000000000000000000000000000000000000000000	42657.0	45.800000000000004
69	101111110001000100100000000000000000000000000000000000000000000000000000000000000000000000000000000000000000000000000000000000000000000000000000000000000000000000000000000000000000000000000000000000000000000000000000000000000000000000	41441.40000000001	45.900000000000006
70	011110011010000100010000000000000000000000000000000000000000000000000000000000000000000000000000000000000000000000000000000000000000000000000000000000000000000010000000000000000000000000000000000000000000000000000000000000000000000000	51661.600000000006	46.20000000000001
71	110110111000101011001010001001110110000101110000101100111111100011100110101000001010111011010110111100111111001011101111010011111011101010110001111100100010001010100101011011100010101010101101100111100100000001110111010011100110100111	1290626.7999999998	554.7
72	001110001000111001100000000000000000000000000000000000000000000000000000000000000000000000000000000000000000000000000000000000000000000000000000000000000000000000000000000000000000000000000000000000000000000000000000000000000000000000	40830.8	41.1
73	001001001101011001011011110110111010111001101100100001101000111111010111010101100011110111100000110101101100101111100000010010101010101010101111000100110010011010111110011101101101000101010001001100111011101100010111111110010100011101	1325184.2	557.3999999999997
74	110110011101001010010011100011111100110000100011100011011110110000001101101001011010111101011101100111011110000000110001101100111110001010000011101111001011001101101111000111111101001100110100110110110000000111111110111000111100011010	1353575.4	557.6000000000001
75	100100011010011110000010011000000000000000000000000010000000000000000000000000100000000000000000000000001000000000010000000000000000000000000000000000000000000000000000000000000000000000000000100000000000000000000100000100000000010000	172701.19999999998	89.20000000000002
76	111000000110010001011100011010101100000001101100000011110011100000011000010001011101100111111111110000110000101111001010101000000001011011010011101001011001010011011100111010001010000010001000111100111100110111001010110010001100011011	1141114.6	473.7
77	011111100111010100000000001000000000000100000000000000000000000000000000000100000010000000000110000010000000000100000000000000000100000000000000000000100000010000000000000000001000000100100000000000000000000000010000000000000000010000	229729.59999999998	121.30000000000001
78	110110011001000010010001111011111110100000100001110111101111011010001111100101101111111111110101100110100011100001100111111100011101001001101100000111111011110001111000111100100000001110100000100010111000000001111110101000111000011010	1261833.6	553.5000000000002
79	010000110001110000000000000000000000000000000000000000000000000000000000000000000000000000000000000000000000000000000000000000000000000000000010000000010000000000000000000000000000000000000001000000000000000000000000000000000000000000	60078.40000000001	40.50000000000001
80	000110111011010001000000000000000000000000000000000000000000000000000000000000000000000000000000000000000000000000000000000000000000000000000000000000000000000000000000000000000000000000000000000000000000000000000000000000000000000000	39229.4	40.8
81	110000011001001010100011100001100100100011111001011100011010010110100101101010100011100110110001110011001101101100001001110011001111111011111101011011100100001110001001101110011100011101110100000000011110000100000001011110010101011101	1211586.2000000004	511.0
82	101110010001011110101110100100000111010010110110011110111111001110000111100100111110101011111100111000010111011011100001000001101001011110110100001011000110000111101110110011101010011100011000001110011011110011011011000000010010011110	1257840.5999999996	545.1000000000003
83	111010111101010000100000000000001000000000000000000000000000000000000000000000000000000000000100000000000000000000000000010000000000000000000000000000000000000000000000001001000000000000001000000001000000000001001000000000000001000000	191122.2	94.0
84	110100101100010000110010000001111000010000010000110100011101111000100001011001011000011001110010001001011101011001010010011010010111000001110000000101010101010001101010110010111011111101001100101100000101101111110011110010110010100100	1146499.4000000001	463.0000000000001
85	010110000101001001110000000000000000000000000000000000000000000000000000000000000000000000000000000000000000000000000000000000000000000000000000000000000000000000000000000000000000000000000000000000000000000000000000000000000000000000	42112.6	41.300000000000004
86	110101010100100101000000000000000000000000000000000000000000000000000000000000000000000000000000000000000000000000000000000000000000000000000000000000000000000000000000000000000000000000000000000000000000000000000000000000000000000000	37938.799999999996	41.1
87	100000111000010110101100101001000110000010110100111000001010111100011001000100001001110000000101001000001111101011001101100100111110001010000011101000000110001101001000010010010101000111101010101011011101001110101110100000001010110000	1069244.8	444.0000000000001
88	011100111000100110000000000000000000000000000000000000000000000000000000000000000000000000000000000000000000000000000000000000000000000000000000000000000000000000000000000000000000000000000000000000000000000000000000000000000000000000	38661.200000000004	41.400000000000006
89	010101111100001110101110001001000101111010101110101011101011000000100110100110010101110101010000010001011010100110101111011111101111000111100011010011111011000000000111010001111000100011100001111001000000111000111000000101111101101001	1239543.6000000003	518.6999999999999
90	001010111000101111001001110011111101001110100110110000100110000010110110000111110100111100000100000010111111010110001011010100000000011110010001000010100101111000111000010011010111010110100111111101010101000101000100110110010011001000	1156715.4	494.7000000000003
91	111100001001001011001000111111000011011001000000010010000001001111011010000101010101011111111100001110011011011110000101100111110101011110001111000011011111000011110111001011000101010011011001100000111011100000000011110110010100011011	1210277.5999999999	514.5000000000002
92	001011001011010100000000000000000000001100000000000001000000000010000000000010000100000000000000000000000000000100000010000001000000000000000000000000001000000000000100000000000000000001000000000000001000110000000000000100000000000000	204318.6	108.10000000000004
93	100001010010111110000000000000000000000000000000000000100000000010000000000000000010000000000000000000000000000000110000000000000000000000000000000000000000001000000000000000000000000000000000000000000000000000000000000000000000000000	91861.40000000001	68.4
94	001000110110111101101110100011100011100110001110011101000011101011110101110010001100111100101100001011100011101001001110000011001101110100001100101010101111011001110000111010100101000011111111101000110111110000111100000001010001110001	1241112.7999999998	531.7
95	010011011101010100000000000000000000000000000000000000000000000000000000000000000000000000000000000000000000000000000000000000000000000000000000000000000000000000000000000000000000000000000000000000000000000000000000000000000000000000	39357.4	41.50000000000001
96	011000101111111000000001010001111010111000101000001101111101110010110101001011101000001011101110101011001110011101101010110000110001000111100111011011111011010000000111010001101000100011011001111001010000101000011110000010100010101011	1155208.4000000001	504.1000000000001
97	111100000110011100000000000000000100100000000000000000000000000000000000000000000000100000000000000000000000000001000000010000000000000000000000000000000000000000000100000000000000000000000000000000000001001000001000000000000000000100	149028.6	82.00000000000003
98	011011111100011100000000000100000001000001000000000000000000000000000000000000000000000000000000000000000000100000000000010000000000010000000000000000000000000000100000000000000000000000000000000000000000000000000010000100001010000000	202673.40000000002	98.89999999999999
99	100001110010001110100001000100000000000000000010000000000000000000000000000000000000000001000000000000000000001000000000000000000000000000000000000000010000000000000000000000000000000000100000000000000000000000000000000000000000100000	134733.80000000002	77.2
