SOLUCIONES INICIO 

0	010000000011011000000001101100100100101001011111000001111111111111101011101010101110010010111110010100001000111010101101100101101101110011100000111010010011000011101010101100101010110111010101101111011110010101001001001001100011111010	1661945.6000000003	537.5999999999999
1	000001010010100001011001110110011101011011111001100010100000001110101111110000010010000110010110011110101111001110011011111010100011001010100110111111000000111101101100010011111001010011110000100010011110001111000001001010011110000110	1507214.6000000008	508.90000000000026
2	011110001011101101101110001001011110010111000001101101111010001001111110000111111010101111101011111010000101110100001000110000001110100110110110111010001100110011010111111111011001011101011101010101101101001100100011111111111100000000	1715669.2000000004	580.3999999999999
3	010011110110100011011111100010001011110010000001011001000101001111010110111110110110101011010110001110100011111011011110100100011111110110111001000001000010011100000100010011000011010111110001010000010110001001010110000000111011101110	1537340.6000000006	515.8000000000003
4	010100101000101011000110000001101001111001111101100101001100111001100000001010111101011100010110110101101111010101010100101111110110000001101000111110111010011100001100111000101011010110110101110100001001100001100111010011011001010010	1556866.2000000004	523.9
5	101100000000000101000110110001111101101111011000100100000001000000111101110111010001001010001001001110001001110001111110000111010000110111000111111101101001010111110101000000000100011011010001101001000011110110111000110111010111111010	1582620.6000000006	498.2
6	010010110111111110000101101101011001011001100101111111101111111101011110000010100110111001100001001001111011101110100000111001111010010100110000000111010101010110010111000100000101000010001100111101110110010010011001101011100011101110	1603079.4000000004	542.1
7	000010110011101010001000001010110000101010010001010110110000111010000101000010100011000110100000100010001001010011000100011111110110101100000001100001110010111100001011101111110010011101011100001111010100001111110100001100100101111111	1504518.0000000002	464.20000000000016
8	100111000111110110100110100100111011111010100110101011011010111000101000100111010101001111111110011100101101011110111010111011010000110110101011100100100110010010010001101100000000011100010010011111001000001001001000010110101111101100	1572716.0000000005	536.8000000000002
9	000001000111110101001000110000001010000001010100100100111101001011011111001001000101111010101000110101010101010011100010101011000110000110101100101010000100000000001110111101011010110101010011000111001100000111111111110111011101011001	1561830.000000001	486.6
10	110011110101000001101010110111000110001111001011110101010000001111010110101001010011000010111100011100111100101111100110001010101011011100001100110001010101100000100110001010011100001110010111001001000111001100100100000011000001111011	1460995.2000000002	498.70000000000005
11	011100110010101001001010101101010010010111110010010001000010100010011011010101010100111100000001101111010100000100111100111101010000110100001100001110100000010010101100111110100111111101010100111101001001011101001001100100101111000001	1484569.6000000003	489.90000000000026
12	110010011001011010100100101100101001111010010101010010011111100000110001100001001100001110001011100101110111010001100010101100001100000101110101100110100101011001010101001000101000111001010001000111111101001100111100111110001111101000	1553058.2	503.80000000000007
13	100100110111010111100111010010110100011101101001000000101010101000000000010100111111000101101110010100001011000111001001110001001101001111000111110101010110111001011101010111100010100111110000101001111101100001101000101100110101100110	1562617.0000000002	516.1000000000001
14	000111000110001010001101000100111110001010001111001001010111111110000100101101111001100110101110111001111110011000101011110110100000111011001110111100011110010111000111100011001010000111110001001010100110000000011100111100111001100010	1570726.4000000006	531.5000000000001
15	100000110100001100000110001100000001101110001001110001001101101101100001110100100000000101101100101100110001101100101111111111010000001100010001100011001110001101011000000010111110010001011000010111011000010011101111110010111100001001	1436334.0000000005	466.0000000000002
16	111000111010100001100000100011110000001111001000101011000010000111011111011000000010111010001111001110110010101000001110011011011011100000010100011100011000001111001011000111111110000110111011101011110001110101001101000111111110111000	1662391.8000000005	520.0
17	100001101111100000110001111100101011010111011011100110110101100100001010110000010000010101101001011000111110110011011000110110000110010001101000001100000001100111111011101000010001001110011111110100001011101001101100011011001100010011	1480578.800000001	497.7000000000001
18	000111000110101100110111001000010111001011100011100010110101111001010111010101010011000101011011001100000010101101011101110101110100001010011000100010001000001000110100011111010100011100100000011100101111111001000011100001000011101111	1470391.4000000006	487.9000000000002
19	001101010101001001011001000100111000100010010000111101111110101111001101000000010011110101000100101110000110001110101000010100110010011101000111001111001100111110010001100100010110101101111011000101010101101000000110000011001101010001	1439563.6000000003	482.5000000000001
20	110000010000110000011111111000110001100111100011101100110100000100010001010110101111000001110010111100001100100111110100110001001001110011100111111111010110110100011011100101001011110000111110111001000100101000110100100100110100100110	1507012.8	508.6
21	111001100011010101100100011111110001111011011011001101010010100010100101110001011001100010101010111000011101101101000001001111110100010111001101000110000001001000111011011101010111110101000110010100001100111100101001010010100101000100	1458669.0000000002	509.8000000000002
22	110000101011111111011000010111001011101010010011111100010100101100110011010011111101100010111010010011110010100010001011011111011011010010000011101001010000110000010011011101111110010101100110001001010100110111000011000011010110100111	1562606.6000000003	529.5
23	100010001000010000011011000011010010001100001001100000001000010100110100101100010010101110010110000000101110000111100000100011000100011001100011010111000011100110100100111010010011000100000101010000100011111111000110101001000011110110	1296111.6000000006	409.7
24	111001011011110110111101100011100010100011011100100000111001111111110010010001001000000101000001011101110010010101100010000110000011001111100101001101000011111000001010110010111110000111000001011100010010000100011100111100100011001101	1431474.6	488.40000000000015
25	111001001110101000010110110001001010011011000111100011010101010010111111111110001111010110010000010111000000101000110000110101000101100000010001011001001001111110111110101010110000001110001100011111011110101110011010000011001000001100	1458519.6000000008	500.90000000000026
26	101100010001101101011001011111110001000010111111011010110000110101100110111000001000010010101010000100101001101111100111000111000001011111011101010111101010011101000110010001110111001011010011001111111110011100000011111111010100011001	1648436.6000000003	546.7
27	011110001111000110110001001110001011110001101010101001000100000001001011010111100110110010101111001110110100001011101000011111101100000011001010000111101111101010101010100110111100100110101001001110101101101111010011100111101100111101	1695197.800000001	542.5
28	001010111011111010010101111011010101111010001101100000111010011101110111011011110011111000110111111111001101110001010000010111101000010100101111111111000110111110111100111100100100110010000111010010101000110000100001011011010001100100	1621685.8000000003	573.1000000000001
29	000110011111001001000110101011110010110100101011110010001011101010000110010000010111001100000010010000101110001100010001101010000001011010100110010110101011001111111010010111011010000111101001110111000101111100111111000110011110011110	1623778.4000000006	511.5000000000003
30	011101110011100000111010101111010000001101101101111101100100100010100110001110110011001000101101010001100011001001110110000101010110111100011111110111000111001011101101011000010101001001010111000010100010011010001100111111100101010001	1540107.6000000003	523.8000000000001
31	011010001101001100101111001001001011001011100000110111110110101110101001010011011001010000111100100111111111001110010101101000000000111011000011010110010101111011001011111110011100111110001001000010011101000110010001011111111010001011	1641779.0000000005	542.0000000000001
32	000000100110001011101111011010100001011100000111010000000011000010000110000010000110011110100110001110110000011111001111110011001001000010110101101101001001000110000111010010010000011000001111000011111110101100000110011010110101000001	1352399.6000000003	450.5
33	011000000001111001011110011101000000110000011111001010100011111001000100010110110000010010101100000111010101010101000010111011011010011110010000011111100010000010110110111100011111111010110100110100010110110010001101101111111110111011	1683816.4000000006	517.6999999999999
34	000001001001001010111110011011001110010100001111101001101001100100101001001000010011110000111001111001100111010101011101101101010010011001001110101010101100100101001010110011110001011001111000011110000110001010010001101110010010000111	1426191.0000000007	488.7000000000004
35	011010001001100010111111100001101001011111111010000000110101110101001111011000000000010111100110011000001111011010000000001110111110000101000111001011110110001010001111101111110101010110011100001011111011001000101010100011011000100011	1516373.8000000003	512.2000000000002
36	011100010111111100000001110101010110101100010110001101101011111011000111101100111111111101110110100000101011000111110011110000011001000111100001000111110001001101100110011000000011100100101111010010011111010001111010011011111100010001	1639221.800000001	552.5
37	100001001000100101011010110101111110000011101100011101001101010010101100100101000111100000111000100000111111011000010110100110110111001100100011000110101000100010111100011010001101000000011111111000111001110001011111111010000000010001	1401712.0000000005	485.30000000000024
38	011001101100110101110111000101110101100100000111110001011001110010110101010101001111011011000111000110000000111001101011001000100000011111001000011010010100111010100100100100110011001001011000101111110111111101010100110111000011110001	1564960.2000000004	519.0000000000001
39	110110000000001010111111110101001100010101010111100011010110010000001110010011101110111000101110011001001001001000001111110011111110100000111111000101100111101100110000100010110101000111101011011110101110101101100011001111100011101001	1655661.2000000007	542.7
40	001001100110001100000110110000100000100010101111011101110000000010011101010001010000000011000110010111000101000101101110100100001011010011000011100011100111001110010101100110001011110101000101111001100110111110001010000100000000111110	1371206.8000000005	450.20000000000016
41	110111101011000011001110010000000110111111100101001000101111111110101100110110100000000011110101010011001001100101110110000000010101000011111101101101100110011000111100001011100010101100111111000111111100000111010000111111110111010101	1675512.2000000007	544.0
42	011101011001010100110010101011010110111101110110010001001101001001110100101000011000000100001111110101001100010110111111101010010001001011100111010011001011101010110010010000110000100110110111111110100010001001111110010010111100000000	1504639.0000000007	517.9000000000001
43	000100010001101000111110000001011101001011011110000110011110100110100111111110000010111011000001010000110101011111010110100110111101110101111110100110101001001100110101000000100111100011101100100110111011100101000111000100110111001110	1624429.0000000005	532.6
44	101111110110111100100111010001111111101110110001111011000111110110111110001010101001011000010101100101010110100111100001100000101101000011110000000011110110110101011100100111100110010110000100101000010001101001111110111001011010000110	1567442.6000000006	546.7000000000003
45	111011010111111100110011001011001001001001111110100100100110110010001010100010001100110100010011101011111111011010000010011100101110010101110011001111000111011010110001111100111101011101010110010111010000101000100110011100011110011000	1644424.9999999995	553.0999999999999
46	000110101001010000001110000011110010111101011011001111101110101001110001011011111100000101011100101101010110000111101101101000110110010000111001011000111000100011100100110101001010000100111111101100000101001101110100111001100100010010	1502717.1999999995	513.9000000000002
47	011100000010101101001100010110000010100100100111100110001001100110110001110001100111100111111010010111010011110110010001100110110111010000000101001001000100110111011011110011100101000110001010100011000011010110011111101100100100010101	1474659.2000000002	494.30000000000024
48	111100010111100101111110001001001001011010101010111100011000110001010010110010010010101010111010010100011000010100101100101000001010000010101110100011001100000001011110101011000110111111001011111000001111010010000100110110000011111110	1496527.2000000007	490.3000000000002
49	100100011101100000010001110111100111100100101011111101011000100001111010111110111001001001100100111010101001111011010110110011001111011100010001101001111100011001111111110110001110010110010111111010011110011010001100100010111000111011	1738172.0000000005	571.6
50	101110000010100001010100001001010001000011000010110011111101001011001010001110011100000000000111010110111100110111110010001000111001100011011011001100110011010010110011001000011001111010010111111011100101010111100000001000010111111111	1564184.6000000006	489.4
51	101011111110000110110011111111001111110001101000100100011111110100111101100000001111011010000010000110010111000110010001001000001011100011110101000010110000111000010110001111001111101110101100110101101110101100011100001010000100101101	1525052.7999999998	523.2000000000002
52	101100010010000110000001110111000011010111110100000011001000001011001101000010100000000000010011000100001100001100011111011101101010010000011010001111010000111100100010110011001110001001111001110100010000001010111110011000011011010011	1360895.2000000002	437.70000000000016
53	110100100000001101100110000110100011011001110000001101110100000011011101011011010100011101111110100110000011000010100001100010111101111000000101101001010111110011001011110100000011101101010001111101110100001011010100010101001111001000	1517831.5999999999	500.2000000000001
54	101001001000001011101111000100110111011100010011000111000111100110110010100011010100011101100001010111001110111111111100111011011111010000100110101100101000101111011101111101101001101110110000001111111111111100000101011011000111100100	1731278.0	574.0
55	101001011010000100100100100001101100010101111011111100001111101101000001000001100001100000100100100010000001101001000100010011000000000010110100100100011100001101001000101000110010100000111101111110011100111010001011000100000100000100	1164679.8	403.50000000000017
56	110100111011110011010100001001011110001000001101110101101111001010100111000010011010010001110110011001111100001110011010011000110110110110110001110010100100111101100100111000101001000101101010100011001010011000110100001001010101001010	1459845.6	503.30000000000035
57	011011101011100010010111100100100010000100111101101011100001100000010010111011001011000110110100101111011110010010111110001101101111100101010010000111000001111011110010100110101011111101000000110111111001100010000101111011001011100111	1620618.0000000005	535.2
58	110110000001000101111010001101000001110101000010110000100110010001011001011110101001101110000011110001101000110111001010110001001111000100111011010110000101011001110011101110011010010110000000110001110010101000111001101101010001000010	1401879.4000000006	480.20000000000005
59	001111111001010011101000000000101100101011000011011111010011100100011000000000001101100111110111101110000000111010101001010110010111110111011100001000000000110000100010010101011111101101011010011010011101111101000000100111010011100000	1469983.2000000004	493.6000000000001
60	010111111000000010111010001011010000000011010000000010011110101000001001100101111111110001001110011100001010101000001011111010111010110010100111011001111100001001010001010011111100110011110101100001011111101011101000101101010010101101	1570569.8000000003	510.39999999999986
61	011110100011101100100010000000011001111000001110010000100101111100110010010100111011001111100110000001000001111011000100001110110101110010001101110000000010111111111100011001010101101100110101011101011000100110011100001110100000111100	1492158.6	493.4000000000001
62	001011101001000101010001101100110110100100110010100101110101110111000111000000011110100111011101001100001111111111111011110000110111010011000001011110001000010100101111110000010010111011010111001010011001011010101110111110111001101111	1711670.2000000007	551.7
63	110010111001001111101100100100001110000000100100100101100100011111110110011010011000001010010110111001101000011111000001001100000010110110011000010100010110100100011110010001110111101000000110100011001011101000100110010010100110100011	1384141.4000000001	466.1
64	100000110000101000111011101101011110110110100010000011111101100110000100101010111110010110010011110101001111001011111111101110010101100101011011110111011101010001001100110111110011010001100110110010110110011111011001011011000110011100	1711347.6000000006	572.3999999999997
65	101011110011110110100011110111111001100000100001101000010110110100111010011001010011111101001101110100111110000010111101100011001010011111001110101011110001001111100110000100111001111111010101011011000011110110000001011001100001111001	1669018.8000000005	563.9999999999999
66	010100011111111011111001100010000001100001110001111100000101011111010000011111011101000110011101110001110101100010010110010010000101001111001100111011101100000100010001110110100100110110001011000001111001101111001011011000100100011111	1533333.4000000008	514.6000000000001
67	111011110110110110011100001001000110111101000010100001000001101111000100100100010111111101100110010011111000000101000110101100001110110010001101010010001100011011011111101001001100000010001100011110101000111101101110010000101100101011	1491014.8	497.5000000000001
68	110101001100111000001100101000011110001000100111101001010011001001111011101111111010001100000111001010011110010001100101111001101101111111111100010100010110100110101111100001111011011001100001110101000001110010110111000010111011111010	1708177.600000001	551.4
69	111000001111111111100011011001011000010011111100011010110111100001000001110111000111101001001101101110000100001001100111000011001001011010010011001010011011010001011010010010010100110110011001010010110011000101000011001101011001101011	1513638.4000000004	508.9000000000001
70	100111100011001000111010100000101101100101111100101101111110110010101100000100101001011111010100100111110000101111110011100100011110011010101111001010100101011100101110100110011001011010100110111011110000110110110000101000011111000001	1608770.2000000002	544.6999999999999
71	001000011000110000110100110000110100110010101111111110101000111101011000011011010010001101010001011111111111001110000001110011010100010001011001101010110011101111110100100110110010010010001111100101010000111110000001100100101111110100	1607922.4000000001	522.8000000000002
72	100011001000110110100101110110111100001011010010010000001100101001110101101011010100010110100111111100010101101000110000011001010010110010100010100111111000000111011101110001010001001100001010101010100111001101111110000101011001000001	1437868.8000000005	489.2000000000001
73	011000001110001010100101000100001110001011011010000110010111010001100111010101101110010001111101110100010101110100000100111110011100111010101100110000111101100100111110110101111101100000001100011110101110101001011110110001001011100110	1602738.4000000006	524.9999999999999
74	101110001110110010001011010110101000101001011000100111000100010111111001010100011000010100000110100110101010110111011011100001000000110001001000000110111010010010110000110011001100000010110100010101010101100110110001100111001001111111	1453392.0000000005	469.8
75	110011011111001110101100011011001010001010100101110110111000101000000110010101000100111001001011011011000100101011010011111111000111001001011001101111000110100110101101111110001101010101100010110011011111101001000111011100010101011110	1654864.2000000007	545.3000000000001
76	010101111011100011111111100100001111010001000111000000101001101110001111000001111110001101111111111000001000110001111101110010110011011011010010101000010110100111001001110110100101100010001110011101110110001001000000101111110000100001	1517836.0000000002	529.9000000000002
77	000111100101011101101111111000101111000111111011110011101010100011100101000010010000100101110000011110000010000001001110010001001010111100010001100011110111110100111111101010100010100010110000101100010110101000100100011000100100011001	1439711.3999999997	497.90000000000026
78	101010101000011011010111001111101100001100001101110110111011111010111011001000010000110111010011100111110001101010111101111111100011000111001010000101101110000101110010101000110111101110101011110101101001101011100010000101111010011001	1720164.400000001	573.6000000000001
79	100100101110100000111111100010000111101001011001101111110111000000110000011001000100100110111100101100101010101001111000111011101100110101101000001111111010010000110111100110011110111111001011001011000000001001101011101001000101101010	1567286.6000000003	526.5999999999999
80	111110100100111100100011010111111100110001100010100011000111000011000100101011001001111110011011111010101001010100011100101011101000110011110110000000001010010100010110011001100110110100110111000101011001111111100110010100011011001000	1570659.5999999999	529.4
81	110101001001110101010100000110111100111001001110111011001100011110001000000000100100000001110010001111010111011100101111011101101010001101101000011110010010101110000101111011111001101011000110000000010010111011001000111110011110000010	1487086.2000000007	504.1000000000001
82	001100011111101011000000000110101001011000100011001000001101100011101111011110100000100011001001111000101110011010000111011101000010110000001111001110001010100001011100011100110110100001000011110011010001111101011101111110001000100000	1433490.5999999999	487.8
83	001010000011111111101001110101011010011010111011101011111011010010111000110000011011011101011001001101000011110010111000100110001000110100100001110100111101111011011100101010111100111011100101000110101110011110110001011011110111010110	1753704.0000000005	570.7999999999998
84	000011111100100000001011011110110100110100101001101000101010011010011001001111101010110101101111101010100010010111111100001010000001110000110011001110100100111110111001011100000110011110110010000110011101001110100010001111011010111110	1636425.0	527.7000000000003
85	100101011111010001100011110000001100110111100101011101011000000000100101111111111000111000010101110001011010000000100010110100001010011010101111101001110010100011000000111011100100110011111001000011111101110000010001010001101000100111	1434369.200000001	488.5
86	000001011010111111000111100010011000011010010110010011111100010100000111000110010101000011110100010100001110101000001010001011000111000001110110111111111111110101111001000000011111000010101111010110001111001101000101110100010001111001	1564776.2000000004	512.0
87	011100000000001110111111000100000001101100001100101001010100100011000001011011100100100001101101000000111110000101000100110111101110000010000100011011010101011001010000010110110001011011010010000101011101000001000101010111010010101100	1332281.4000000004	438.0
88	100111101001101011011001011011000111010001110101011011100010110010110101110100111001110010010100001001110010111010100101111011101101101011101011001010110000100100011110000100100101000011100110111111001101101001010001111001010000000000	1464846.2000000002	529.1000000000001
89	100001101101110001101110100100100100001100110010000110111011000111010001111001101110100000000110101010000001001001010000000101011111011111011101110011100100101011101010001110001000101010101101010001110010100100101001100010011000100100	1369185.4000000004	473.00000000000006
90	110100100110000110100101110011000110110101010100101111000011010000010101000101100001101110001111010011010100100011010000010111011101101010011010100001100100111000000110010111111011110010101001101111011000011011110000001011011100011101	1536601.0000000005	500.50000000000017
91	111000100011101000111010001001000111111100111100010011101010110101111011101110101000111111110111011111100011111000001010010101001011010110110011101101101101111010010011100001110000111100100010000000100010111101111000111010010110010001	1606118.6000000003	556.2999999999998
92	000101101001001111010110010101100010110000111010011111100101100110011101011111001100001001101000000010101100010010001010000110001010101101010111010010001010110100100000000001100101010111110011111001001111111101111001111101111111011011	1697138.0000000007	523.1000000000003
93	111010011110011010011001110001111001110000111101101011000111110100101101010101010101011110101001101100000100011010001101010001010001000111101010010000011111110110101000101000110101101110011001010100100101010000111111010001100111110100	1595206.000000001	529.3000000000001
94	001111110011011101001111010000111000100100010111000111001111111011010000101100000111111001111110100001111100110100100101101001001000010011010011100111100010000111111101111110001000100011100101000001111100110011101111000111100110101001	1649677.8000000003	548.3
95	001100100110111000001000101001110011110010001100111010101101011001100110100111000101111111000001101100000101000010000000101110011101111101001010000111010000010001010001000000011111000110000110110101000001001111011000110000110001100111	1356932.200000001	457.19999999999993
96	111101000100101010010111001101010010110110001111010100100100001101111011010101011010101110011101011000010100111001000010101000111001010001100010011111011011010100110011101000101100100100101010100111101011010111111010000001011011011110	1622389.6000000008	528.9999999999999
97	001010110101110011011100101000001000000111110010000011111110000010110011110011101111010000100101110100001100010010011100111100000111001000010111100111011000011111000011010101110111010100000110100101001001101000000010110000000100001110	1340211.0	470.10000000000014
98	111000010010001111101001001110100000001000010101001110100000110100100110111110000010010010100010110011101000001111111010100111110010110001001011000001110000000000100110010010111000111100100100100011111001000000100111101010001111000100	1349867.4	454.1
99	011011010100000001011010011011000100110100101010001110011101001000000000001101100100011010001110011101010110100101010110100010111000001011010100100011110000000000101001001101101111000111000111101100100010000101000111001110000111001101	1363877.6	448.60000000000014
