SOLUCIONES INICIO 

0	01110010000110111001100111111100000000000000010001110010111100111111101011101100000100001100000011110001100000101111111100101100001110011100000001110111010010101110011000001001110101100010001000101110111110100001010101010111100010101100	1003755.6	494.80000000000024
1	11101101001001000011001101101000110010111000000011001110100100101000011101110111111110110110010001010000100111011001010001101100110111100110100000001100011101110111010101111001100110001110000100101101011001100000011001101000001111001101	996418.2	509.8999999999999
2	00011101101011011010100100010010011010100001111111100100011110100000000100011001010100010110111111010010101011110101100111010001100001110010100111001011110100000000000001100000001001011000100110101001100000110110101000000000100000100010	750288.8	445.0999999999999
3	01110001001111111101011000000011100100000111000101101100101101110000001001011010110010111101010100111111011111110000111111011000001101110111110011010100111001101000101010010110011011101001001101110011100010010000001010110100000011010011	967327.9999999999	529.3000000000001
4	10010010010111011001000111101001111110100110101111011001101001100110100010001101011000101011111101011101000110000010000100000010101000011111100100010100011100100000011111001000111110001110001010001000111101100101000000110000111101001000	952951.0	489.29999999999995
5	00001000111100110101110100110001101110000000000010010010000101111011101000110100001101010010001000110010001100101011100100101000110110010011100100010110111011010111000000001101100101101011100100011110010000010111111111100110110100010000	974612.8	473.9
6	11010111001000010101011010001100000001100100110011001001100100010110101110011101110110111000010010011100010001111001110011111110000111000111100110010000101100001000110010001100011010111101100101010010110010110001111100110010100111010110	1011618.6000000001	500.50000000000006
7	00101101111010011010111110010101000011101001010111010010110110000011111101011111011100100101101000011100100010100001010010000100110001110011011110100000010100100011000101101101100101001111010011101001100000001010111000010010110010000001	898654.6000000001	491.6000000000001
8	01111111011100101101111011100000011000101001011110110001011100011001001010101111001111110010101000001010100010101101001001011111101111100000100011110110000111110111010111011111001010010111000101000100011111010010101101101101000010010110	1041906.2	554.1999999999998
9	01110011101111111100110110111001100100110111011001001101010111001101111111010011101111110010011110110001100111100101101101010000011000101001011111010111000011000001011111110111110110111001111101101010011001001000001011110100101011010100	1139943.8	600.6999999999997
10	00101100111111111100111111010001010011001011010011011101101010100001110011001110010001011101011100100001010000000010100100101100010010000001000110110001010111000010001001000010011000101101010000111000101011000100100010100111100101001100	890299.3999999999	463.40000000000003
11	10011000010100000110011101110000011000000100011110001101101010110101101001101110010110000111000010011011001111010101100101011110110101101000011100101111000101110010111100100100000111101111000100111001000011101000110010001011011000110111	1016691.7999999998	506.00000000000006
12	11101110001011110101001110110001010101011100000000011110000110010111111001011000001100011010010100100100000111000010010101110010101001101111101011001101000111101100100101000100111000000111100000101110110110100001010001111111001000010010	934769.8	491.1000000000003
13	00100111100111111110111101011111001011100001111100100100011100010110001110101110100010011001110001011101111101000111011011000111011001101001101000110011001110111101001110011110111011111000000101010101001111101101101100000010010011111110	1164562.1999999997	585.3999999999999
14	01000101100100000011001110101101001011111011000110010000010011100101101000100000010001010000000011001010111011000011100111110110111001001000000000100111100000110000000110110100011101100010101000001011100011101101011011011000000101110000	886462.4	445.70000000000016
15	11000001100011000111000100100111001111011000001000000010011111101101111101000000100011111110010001000011001010000011100010110110010000100011000101110001011001000111001000101100111000110011111110001000100001110001111110001001110011111110	1053980.6	481.6
16	10010111110110100101100010101001011001011010101001100100111111111111101001011000011001011110100001001100011011010001010111000010110110101001011001000011100100001111111100110101110011001001111000001000111000111100100001001100010101100110	994182.0000000002	523.1000000000001
17	11000001010100001100111101100110100001101111010110110110011011001100011000110011101010000101011111101010000111001101110011111101111101110110011011111000000001101011000001000110011000101111110110001001100101000101001100101110110010100111	1032321.2000000001	537.6
18	10011100101010100111000101000011001100101010100100000110110110110010100111110111001100101101110111111010001110100110111100011100000100010101010101101010000110100000110101110100100111111001010110001010111000101100101001101010101001011011	1034016.0000000001	520.7
19	11110010001100010011011101010001000011000011010001000010011110011001001111010101011011100000101100001010110101000010100101010000111000111111111000011111010110110010001100110001100011111110011010110100101101111010111111011100001010010101	1040546.3999999997	517.0000000000001
20	00001111111000110101001100110000111010011111101001011010101000100110100110111001000101110111010010000101001000010100011000000011010001100000001001011111101000101001001010111000100000010001100011110001111101000100001001010101110011011110	975894.7999999997	470.4000000000001
21	00000000010111001101000111111101110010111111101101000011011011111110001100111100000100001110101010001100100101110001000100010011111001000110111101001111111100010101000110000000010111000011011111110000011000100010000110010011011111000011	1008401.3999999999	512.4
22	11101111000101110011010000101010110000111100010111001011000001111110011011000010110100000000001001000100010000010111100101001111111101110101000110011011010100100111011110000001001001111111101010100010101010101011101100010101111111111100	1189730.6	529.5
23	01011101011100001010000110000100111011100111101011011011110010011111101011110010000111001110100001110111010101011000001100001100101000000010011010100100001011001011100100100110010110110111111100001001001011000100001100110111011000110010	1000479.4000000001	507.4
24	11011101111010011111100011000100001100111010110111001101011110100011101001111000111001101101101100110001101000111100000100110111111000100111110111001100110111011101010010111100101110001000111100110000010100101001010110010001010111100000	1061590.6	560.7999999999998
25	01111101100110101100101001011100001111001010000100011101101101010000111100101011000110100110001001001111011001010111000100010010011000100000111011101101011011001000001111000000111001011011000011110110011000001001101111100010001001101001	966441.3999999998	500.29999999999995
26	01110011111111111100000110000000010000110010000001111011111110011001000100110001011111110000011111011011111101111101001001000100001101110010011100110101000100110010011100110111001001110001010101000011110001110111001110111100101010111001	1111503.6	547.3
27	10001001001010100010001110000111011000100001111011110110110101000111000000110111100010111100011011010010000111000101111001011010000000110110000010111110101111001111110111110010100000011110101000011010011001001011101011001010011000110010	1013404.2	510.1
28	11011010110011001101001110000000000101111010010001100101001001101000110100101101111100100000111010111111110010110100111001010010011011100001001110001010110010100010010001110001011100000011100101110100000010010101010100010110110001001001	912547.2000000001	480.8
29	11101010011100001011110100011110101111000101001011111100011011010001101111001010001101111000000000110111110100110001100000000101100111011010001100001011100010001010110110100001000100010110000111000111001001110101100100101001000011011001	941730.2000000001	496.0000000000001
30	00010001000011111000011010110100101011101100100111000000111001000110101101000000010110000100101001110111001111110101101011010001011010111101010001110100000000010111010100101101111101111010011101001000111101011111101101000111001000011001	1057783.4000000001	516.3
31	11111100000011101000110100011111010010010000011101001001100101101110111100110100111011010111101111100000000010011001010111111101001001110000011001101111111010010101110001110110001100100100010001011111101011110000111111101011010111101001	1182240.4	570.0999999999997
32	10101010010101110100111001101000010100110011111001001101010000010011100101011101001101111010110101000111110111111001110000010111111011101010110101110010011001011001101111010000000011111101011110100100100010011001010100100001111001100011	1057896.5999999999	546.0999999999999
33	11111010001110100101110110111100100000011111010110001111011111011001110010001000010011101100110011111001000011101011001110011100101111000000101110011111011110011110100101010101100010101011101000011000101110101111110110011010111101100000	1159785.0	581.9999999999997
34	00000000001001111100110110111010011101010111000000111100101001101110111110001001110010101110100000000011111011011111001110101111000011100100110101111110011101010000110011011100101110000011001110010011010001010001100101111111011100010110	1086418.5999999999	542.6999999999998
35	11010010010101100001010010001101101110100100110111110101100010010001011011100100010100001010000110101001010000101111100111010000111011011010111000011110000011110110111111101011100010110010011111101111100000011110001110101100100110111101	1135850.6	535.6
36	10111001111110101011010000111100001110110010010100100111111000110000101101111101100111000001000001110000000001101010110001011011100010101100010010110001000000100001000101000011010000111111101011110110111110100011100100001110010010110101	985893.7999999998	497.90000000000003
37	11111001010010101001101110110111001000011010110000100001110010100100001111001010100001001011111011100011100110011000000011111011100010100111000101000100110010101011111011011110110100001100110011111101100111011100010100101100111111011000	1164760.6	542.7
38	00110100110100110101100101100111111111111101101010111001101010001000110111101111010010110101100000111010100110011000011000010001110000110010111001110000101010010010110110010100011110001100101001111100010000111000110001010111101111110000	1112182.7999999998	541.6999999999998
39	11101000000011001000111000101001011111000111110010010100001001010100001101010001000000101010011011011000100110100101111110010011111110110110111010010111110011001110101110000001010001010001111111101111000110001111110111010100101101111110	1171718.0	539.5
40	01100000000000100011000000111111100110001000011011100110010101111101100011001011100000000110010111100011001011010011001011010001101111110000000011110010010100111001101100001110000101110111101001000101111011100111110000000011000010111100	1005215.2	487.9000000000002
41	11110100100100001100001100100001000000110100001011101000101100101100101111100010101111101000000000110010110000010001110101101000011000100010000111111111111010000000011001011011111010110100101111111111110001001110010011100111011111111100	1193764.5999999999	513.1
42	11010000110111001100110010111100000010001101001100010111111101110110111000100111011100101011010000110011111001110110111000001110100101010000111000001111001110101011011101000001000101101101011101000110001001000011111111101011110000110001	1063827.0000000002	540.6
43	11000000000001101001101101000001010100000000011000100010101110000011110000101010000011000001101100101010111001101111111010101001010011100010001001011001001011011000000111011110111110000101010001000000110000010101001101101110111011001110	985429.6000000002	452.3999999999999
44	11010111001011001111010000100001101001001111100111011101010110000110010101110011001001110010110110101000101110101110110110100011010000100101011110010010110010001101101100011001101000011000000100000110100011110011100111100001000110011101	966585.5999999997	507.49999999999994
45	01011011110101101110000010000011111001100111011110100011111110001101000010110100100110011111100110001001111010101101101111000001011010000010110001100001101111001010000010111010010111001101100000100011101010000001010010110001010111000111	962107.5999999997	511.6999999999999
46	10100000101100011011101110011100000100000001101010111110011010101111101011000111110010001011110101110100011010100101110010001010111110011000010110011100111100100101111110111010000010000011101101110010001011010001011100010011110010101110	1071571.0	530.4000000000001
47	01101101011001010011011101111011000011111100010110000011001000011101001101110101011101111010110011100110010111010001001100100100010101001100111101000001001111100111101011000100010000000010101000101100010001110001011100110001100000100100	869016.2000000002	494.5000000000001
48	11010010110101000010001011000000010110011100111101000010111101111010010111100100011111001111111001001010010001011001011010001010011000010001001001101000011001011110010111110001100000110000100001011011001010111101111110101110101110100100	1057504.0	513.5
49	11010100110100011101001011010100100100110110100101111110100011001101001010010000100000000010100100000100101010100100101110011001111011010111101011000110100111011011010000011010100011011100001010110001101011100001110110110101000111100010	1001829.9999999999	492.2000000000001
50	01000100110111011111111011010001000011111100100010011101101011101100100010001001101001011101010001011011111001001100010000011011101110111100110101100000101101010010100000100001101101000001011110100010111100110010101100001100111001111000	1055282.8	524.1
51	01001101000010110011010000011001010001101010111100101010111011111100111101001110100001100111111011100110010100000111100001100001011110111010011000010101110011001010100001001001000101101001110011001010011011000101001010010111101000010001	959459.0000000001	504.09999999999997
52	10101001001101000011011110101010100000001001011011100101100010110111110001010111101110001010101001100110101000111101100010110110011100001111001011111000110001001000111011111010110101011010111110011111001011001111111010111000110000111101	1153187.1999999997	559.8999999999997
53	10000011011000111111001011001010011011000010111010011100101111001111001001111010011001001101110001100000000101010101011100011000101000000010001000110001111101001110001100001011110110001100011110111111111111100001000001001001111101011001	1102453.2	517.5999999999999
54	10101111100001000000001001101000000101100011110111000010011000101111111111111101110101010101011001111111001101000100000011111110001000110100101000011101000011110101100110001000100111001100110001001000101001111101101101100100000001110011	960584.8000000004	509.2
55	10011011001011001010001000000111101011011100001001011010010100110000011111111001111010100010100110010100101100011100111100011011001000100001101110010110111111100110001111000100101010101110000110110101100001101011111011100111100010001010	1045792.9999999999	523.1999999999999
56	11010100110100011010100111011101111010011101000110000110000001100001001011111111111000011011101111111010011001101010010101110110101101011000001100000100111101000100000011101011000111010011110110101100011100110110011010100101011010111011	1117001.2000000002	548.3999999999999
57	01001000110000011011010000001010010101001111100101000011001110010111101101111011000001111100001111010000000001000011111101001110000010100001110001101100010110011101110010001011001000100100000010101100100110101000001100000111010100110111	915407.6	456.40000000000015
58	01011110101010010011101110111100110101110011101101110101001001100011110101010010001001111011111111100101110011101101111110110000111001010110111100011101100000101101001011111111001111101111101011001001010010111100010010010100011011011111	1193032.2000000002	607.1999999999997
59	10100110101101000011111111010000011100011000011001010101101110101011100001010111110000100011101010011101110111010100011101110110101101000000001001111011110101010000110010010111111011100111011011001011100010000001000100001111101100111101	1116897.0000000002	544.9
60	01100011111101001001111110101101110110110111101111111001101110011111001101010000010000110100101100100111110100101011000101111101000001100101100001001101100000110110110000110111001110110100010001100101111110110111000001110011110110010001	1110090.9999999998	567.2999999999997
61	11111111100000110101010010000000110000100010011100100111000011001101001111101000101110101011111000100100000100010101110000110111001111010101100010110100000110111001000001011100010101011111110010111011101110100110101101001000011101101001	1065077.4	514.5000000000001
62	10111000101010010101010101000100011111111111000001100011101011011100101100110100010101100010100111101111111011011110101100010001100001001101110100000010110110001111101011011010000101101000000000101110110110111010101000101011000101100010	992674.0000000001	525.3
63	01100001110010001101011010000000000011010010011011110010100100111000011100101000011101011110001010000101000011001011110110001101101110001110011011011000000111101010110110100101001011101110001001010100011001110011100001110111110110010000	1048765.8	498.0000000000001
64	10011011101000111101110000111011110001101100001101110011110110101000111011111100110110110110100110101001100001010101100010110111011101101110101001101101111100111111011101010101011011001001010010110001010111010000111011001011101001101111	1182170.3999999997	595.5999999999998
65	11011110001010111100110101110110000101001000101101110011011101011110011101101101101010111110011110111001111000100010010101011101100101110011011110111010000011101101000101101011010001110001000111000011011101110011110000110101111010000011	1092631.2	574.2999999999998
66	01101001100100100110100111010111011011001010000111001001011011111010010101101101000011000100001101101101111101001100111001000110010110000101110100101110010101111011000011010010101100111100111011100001110000100101100001111110011100101011	1083395.6	536.4999999999999
67	00011011101011011011010110001000101010001000000110100000100111110010010000100110001011101000011111011100010010100111110010111011001001011111111000000011111000000001111101101100000101010110111000010101101101110111101010000100110010101000	1016019.7999999999	503.49999999999994
68	01100000111110100011110000111010010011011111111011011000000000110100111001101100110101000001001101010001001000111011010100010101000011010100110011111001000110111101011110010100100111110001000100011001110010011011101111110110101110100011	1091169.0	525.4000000000001
69	00010101001001011011011110010100111100000000100001100010010001110110011000011011001010110000011111101001000001100001000001101000110011011011101100001011000101010111010100010001001100011110011010110010001001000111010111110100011111010101	1003230.0	471.2
70	01010000111101111111011010110110011110101111010001101100011000011011011101100011001010000101011010000001000010011100100011011100110000011000010001001111001110100100010000110011111000100001011110010110111111100010010100100110110101100110	1019146.7999999998	509.7000000000001
71	01000101010010010011010011011110001100111110010111001001010010010000001100010001111111100010100100010100011100101110001011101001110011111011111000100101011010111000000111010000110110000010110100000110001111110111110100010011100101101000	1041000.5999999997	508.7999999999999
72	10000111100010110010110110011010111001101101011111011101000010001000010100011000011011101110111110000101000100101011001100101110001111110001011011011110111110000101001110101000111001100110000110111100111111000001111011001010000010111011	1067327.9999999998	543.6
73	11110101011101001110001100100011011101110100111110110100111001011001110010000101001011100111111110011010000110001010110110010011001000000110010111000110111110010011100001101011100100110110111111010111100100010000010110010011111101001000	1107799.4	554.1999999999997
74	00010101110101011001010111001011000101100100111001011000100100100011000000111111000000100101001111010101010101000101011010010000100010001011011000110011010110110010101001010011111100101101101111011100100011100000110001100001101011111010	1064734.4	492.40000000000003
75	00111110100101000001100000111111000101000110011010100111000001111111100110001001110010110100110011011001101001011010001001101001001111101101011101100110101110110100101110110101101101010110100001110111001110011001011110110100011101011110	1160203.1999999997	558.3999999999999
76	10100111010001101111001111011001001100010001101000010000101010010111010001111011111110100010110100001001111011000010010000110010001100001000100010100000010000000101100101100101010110110001001001111011011100100010111110110101001000011110	935033.6	469.40000000000026
77	11111110001101101010000001100101110110010011111010111010100011110111110010111100100011101100010000011110100101111110010111000000000100100101010101100010111000011000100001111111010111101100111011000010100100010111010011101100101111010010	1085461.0000000002	543.6999999999998
78	11110101110000111010100001001101010010101100011110001001010100001110100111111100010000000110111111111011101111111111000000011110000100010110010101010011011111111011011010000100101111100110000010000001110101001101101101110101110011010111	1101822.0000000002	547.5
79	11010001010111000001100001001011100000000110011101101100001111000000001011011010110010111011011101111101010110101100110000100010001000000000101000110011111100110000000000111011100110001011010000011010001010110110000110000001100000101110	853735.3999999999	450.20000000000005
80	10011111111001010111010100110100000001001010001111000100000010010001110001100011111011101000101101110110110100010011101101000000011010110011110110010010011101001000011000011011001010110010001011011111011010110100101110101111111001101101	1119265.5999999999	520.8
81	01110010110111000010100000011110010101001001011111111100011011010011111011000101011010010001101100110110001011001101111110001011110000110110110111010011001001011011101001101011010101011011001001000001100000000111101110011010101011100100	1055452.0	542.1999999999997
82	00011110110011001000011110111011000100110010110101100010100100111011101010100011011010101011100111011110011111110001100101011111000001101000010101001010100011011000000011101001101101010100101010001111000011011010000011110110110100110011	1036545.9999999999	526.5
83	11100011110001100110010010011000000101111001111111010101100001001110010101001100110010111010100001011010010111001100110101010100011011100101011010010000000000101101010000100100111101000001110111111010001011101111111110111111110010110110	1137806.2000000002	531.9000000000003
84	11001010100011110000101110001100001001101000100100110110000100011110000111101010101001000110100011000011101011101000101111110100011100111010011100100000111011110110011111001010000000000100101000111010010001110101111110111110100100001101	980447.4	495.3000000000001
85	11101110011011001101110100100011100010110101110111101010101111110001111111000110110111001100010000111010111101010000100010011011011010011110101000110011001101111000111000001100101011110011111111000111111001011011101101000100000011101010	1111947.4000000001	581.4999999999998
86	01010111110110110011111011011010110100000110010111110111110100011111111010111010010001010110100101110111011011001100000000100011000001010111110111000110101001000001011010101101010010011111001110100110111011110001011100010110111001100111	1111728.7999999998	563.1999999999999
87	10001011101100100001010111111001010010111000111110001010100101001011010010100111001010111010010110100001100010011001010001111100111111010100111010000110110110101001001111110001000100101110101010000110110110111010001110011011001110110010	1087373.4	534.1999999999999
88	00111111011110010000110010100100000010101001001011011100011100111100110010111111110100110100010110001101011110100100111011011000101010101110001010100001110111001000101010101110001110100110010111101001101011111000110001000101111111110011	1175679.7999999998	547.5
89	00011000111001010101011000100001000010011110100010001111001110001001011110000001010100110001100011000001101101000111100001100111001011000111110101100011000110000000001001000011100011001111010101001100001000001001010000001111011111011110	980390.6000000001	451.1
90	11101010101101110111000010101000000100001000101010100011010001110001001011010000010011000101000111001011110010110010001001001011000010010101001101111111000011101101011100011001000001010101101110100110010001101110011110011100110100110011	1007682.0	482.5000000000001
91	01111100101111000111101111111001111101011011001000001111001100011110010000011010010101100010001010001110010101101111010101101110101110001010010000000001000000100111101101011001111100101010010110101110100110001000111010101001001001100000	968830.7999999999	523.2
92	11100101010000101101100001000001001010001101101101101101110110001110011100010100010010101100111111111101010111110011010010100101010000011100011101101001010110011011100010101101011010000000100010000000110001100010010111000110111110011001	1023660.5999999996	507.0
93	01111101110110000100100010010101010001010010101100010110000100001000110101010101111000101001010000001100010011100110001110000001100011001001010101110101110001111111000100011011110100010011111111101111001000001110011111011101100011110111	1109045.2	505.59999999999997
94	10111001100010110010010001100000111011111011111001010010101101000111101110011001110110010010100001000011110110101111111111111000000100000001101111000001100101010110000011101001111100000101000011111000111011111011101100001000001000110100	971803.8000000002	522.1
95	10001111000001100110000000100000111110010110001001011001101011000010100001111010111000010111001111110011100111111111100001111100110100001110011000001101011110100100010011011111010011000010001101110101111111011000111110100011011010011111	1128237.3999999997	537.8
96	01100110010000101011111100100000101100111010101000101110001101011000111010100100111010011011011001001111101100111000101111100110000011111101110101010101011111001101100111010100110000110110100000011011001000101001110010001101111001010001	1055958.4	535.8999999999999
97	11011001000001010010001100000110010001000010001000001001101101000010100101111000111110110000011010000101001110110110011011001011110101011010101111010110011100010001010001010001010110011110111010101100101000000010011111010100101000111101	986398.2	477.5
98	11111101110000001001110001001011100010001110001011010110101110001001010110101100100011101100010001000011101001100001011101101100000011100101000010010100111010010001101110110110101100110000110001100101101011011000010101000100111100111101	1036566.9999999997	495.09999999999997
99	11011010000100011001001100101011010111011010010010111111011011110111001001110100100110011000111111001011010001110110110111110000001111000100010011000010011010001111001111110100010010011000110001101010010111001101010110110010110010111101	1093712.4000000001	543.5000000000002
SOLUCIONES INICIO 

0	0001011000011100001111000100110000100111110000000011011010001100000100011001011111101100010001000101011110010101011110011000001001000111000010000100011010111101000010110111100001101110111011000000111101001101011110101010101111011011100	1102027.4	490.1000000000001
1	0111100100001010101111111000101010101110001100011100101100101000111000000000010001001110101101110001001010011111100110000110010110100001001100001001001011011111001101011110111100000110011001010100111000111110110101011101111110011100100	1108795.5999999996	519.9
2	1011000010111100100000111000000101100101011000001110011011001000001100101100011010100001000000000001010101010100011101110111101011011011001111100001110101011001100000011111100000110001001100110000011010111010011011101011010001011000010	922275.7999999999	468.4
3	0010001010010100011110100001101110010000100111011010111011011110110100110011100101000001001010110000100011011100001001110110010101101101010110100101010000110000101101000111000111011100001011000011101001010000000110101110001100001100001	895292.9999999999	471.6000000000002
4	1111110111010000100111001001010001000010110101100011000100011010001010000110011001110101101100001111101111000010001011000100111110010001100010111111110000000101100110101100000111011001010100000011100010011011111101001110100111110010010	1035799.3999999999	505.20000000000005
5	1110101111011101001101000100111011000010010000110111111011001010110111110010110100100010100100011100111011011111100101010101010111100101011010001011110101110110100110010110011100010111010101000101100011001101100111111101100001011011110	1118184.2	567.4999999999998
6	0101100100111011010001000101111110001010000011000000110100111101001011100000111110000010111011010001110111011011111010000001011011011111011011011100110000100001100101110100101111000100100100100101001111110011010100001001001001111110111	1066200.9999999998	518.6000000000003
7	1000010001000101110011001101001010101111110010010011000001110100000111111010000100101000100010110110011001110100011011001001000001111001010001111110110000011011001111100110110010000011100001011100111110100001011110000010110010110011001	1013170.3999999998	491.0000000000001
8	1101110101001001110101111100000111111011110111101111000101100011000000010010001111111000011011111010111011000010010110010000100001010101010100001011101001001100110101110110000111001011011001101101011011010110110000111011101110000000111	1017970.1999999996	535.0999999999998
9	1100000010110000010111010010111010101101101001111101100101111000110101110000110001100000100101001110000001010110110010001101100100011011101101110101100110010000000011100101001011110010110101001100101100011010100011000100000110111010001	965714.5999999999	487.4
10	0100011000011110001011101100000100100100101010101000001000111001000011011100011010010001000100111101110011000000110100000101111101101001110111010000110010110001110100011101001100001100000100100010011001100000110010110000001100010100000	816030.9999999998	431.8
11	1100100101001100001111001101111111100011101100000011001011100110110010011111101000001000111010000001011011111011101001100000111100011111110001011110111010001011010100101000000010000100000001100110000110000100010101101101100011000011000	893466.1999999998	491.4000000000001
12	1101101110100001101000000111001000110100101010111010010101001010110100111101010000110111111110011010111101101110000001100001011001110011011001110000110010100010100001001000001111010000000111000100110001101010110011110110010010100010011	903610.6000000001	488.30000000000007
13	0010001001111111001111001101110101001110111011000000111000101110111001100011010100101001010001110100010001001010111100001001111111101110111000100100000111101010000101101100011000011000001110111000100110010100011010100001100111001011001	1002694.9999999999	508.90000000000015
14	0011110100000100011010011100101101110111000011101110001110001011110011010100011110010010111000101001001011111000111111111100010111110110000000010000010010100000010110110111000100101001011100000001100011001011000010111011011010010111111	1013314.9999999999	503.90000000000003
15	1111110001000101111111110111010010111110001001011010001001010111110110110100110110100100010101110111001101111010101001101001100101100000000000001111110111110101101000011110010001101110010100001110101101100110111100100111111111111111010	1281212.1999999997	588.4999999999995
16	1111000100110010001101110001000001111000111011100101000101100100001101100000101000111010111010111100010000111100111011010011110010101100100111000000001000101110001100100101000110110111011001110001101110110101010110111101101101001010110	1050537.0	513.4
17	1111111011110111101110011011101111111011110011111011000000110011011110100111011110011001000001010000001000011001100101110011100110111000111011010100101011010010101101001110011010011011110101111010001110000100111001011111000001010010001	1030828.9999999999	571.9999999999995
18	1110010100010111001011110010011110001111001011001001110100011010001011011001101110111001001101101010011001011100001110010000111010101110101101110000101111000110001100011100010101110100010010110011101010011111110100011100110101111010001	1112571.0	548.0999999999999
19	0110101000000011100110011110110000011000010011000100101000101101001111100000100011100001011101110011110011100110000011100101001010110000100011100000110110010110101111010111011000100011110100010001000000101010010000011010101111001110100	983369.1999999998	470.9000000000001
20	1001101010001111100000111111000111001100001100110111011101100010110011011000110001101111111111101111010110101111110001011011111000000111011010111011110011100010011110100010101101111000011110000000001110111110110111001010011010010110110	1132037.7999999998	586.0999999999997
21	0100011110111111111101100101110110110111000000110101000110100011100100011001100010011111101011011011101101101001101001010010000011000001111010111101100000111001010000110101111000011110000100101000110011001001001000011001010010110111110	1015506.2000000001	521.7000000000002
22	0000111001000000100101111101000010011001111010001010110001111101001101110100000011111111011001001100011110001010010101101111001010010011011101101011101010110100010000101001001110000000000101110000000000101010110010011001010101000011110	879896.1999999998	470.19999999999993
23	0001100001011010001001110100010010000010100010110011000011111001000100110011000100011010011011010100011100011011101010010101110111101101000100110101111010110001110100101101000000001110100100110011000000110101100110000001100010001100010	860545.1999999998	456.2000000000002
24	1111101001101110000111100100000010001010001010100101110100001100111110000100110110000001101001111110100101111011010111100000001100000100000010010011000100110100000101010011110100011111001110101001011010101010011000011011110101000100110	937833.3999999999	477.90000000000003
25	1010001001010010100011011010101001011111101000110010000010111101101000100010010110100001001001000101000001010010010110010111110100011101111100101100000001011000101011000111010000110100101101110001000101010111000110010001010111010000110	909854.3999999999	461.0
26	1000100001010111101101101001110111101100100111111111111111101000010010011001101100011001011001010011100101001010101111010100010001100100100001011011001110100000100000101100011111011000010110100000101010001010100110000011000011100101001	939205.9999999999	504.09999999999997
27	0010010100101011010100010100010101011101011001000100000011000011111000000001100110101111111000100010110110011101011110010010110001111010101000011101101011110110000000000100011110100101110011101010001100101010101111110101001111110001001	1059881.2000000002	500.70000000000016
28	0011110101001111101011000011001000011110001111010001101001111001111011010110011000010010101110111111011101100101111101010010100000010010100000100110110111101011000001011111110111110101011100101110011100100101111011000010000100010100100	1017787.4	545.3999999999999
29	0001100111100110101110101110100011001100101001011000101011011000001100000110011101011111000010011101110001001110101001110100011000010010001110111111001101011001001000100000010001000110011110010001011010001001010001010100011001001000011	845382.2000000002	468.1
30	0001101010110010010000000000000001111001000001111100110000010101010110100000011011011100010001011101110001011101001101010000011000010101101111011110111000100110001001011101110110010100100110010101111111010000101111001100110110011110111	1084424.5999999996	490.5000000000001
31	1110001001001011101010110001100111001011110010101111000010011011000111100011000001000110101110100100111101101111110110111101110100101010100011010011101011101111110001110100010010010001001000110001001010111110010100100111101100110000001	1009159.0	534.3999999999999
32	0110010001110001000100111111011100010100101110110101101001000001100000110010111010001000100011111010100001000001110110101001100011010010100100100110100110111000001101111001110101110010100100001101101000110010100110011100010011010101100	981144.9999999998	483.2999999999999
33	1101101100111000110111110010101100010010110001100011000110111110001110000111111111001010101000111111111000100010101101000001100100011100110100010110010011100001010000111011100111111111100100101111110011001001010000011101001111011100100	1113086.3999999997	548.9999999999999
34	0110010100011110000011001000110011100110000111101011000010001111100011100001100000101000100100111110101011110011000010000000110000100010100111111101011111100000101110110101001011100110010111101111010010111001001101111001011101111001100	1131763.4000000001	518.0
35	1110101000000000011111001101100010110111000100101010011010011011111011101000000010001100001100111111000011011000110111100100000110111111010100110001000111010000110101111010101101010011001010111000010001011000110111110101111000101010101	1030008.8000000002	512.0
36	1001001010101100111000011001111100101001111100010011111110001101110010001010001010101111111100110011011100111111000000010111001000011101010110000100011000101100010000111001110000101100011001101001001101111001101110000011010001101111000	1045646.6000000002	525.5
37	1101111111110011101010101010100001100010110001010001000111110010111001110100010010111011101110110110001011010000010001001101111100110111011101011111111000010010111000000011101101110001010000000101001011000111011011101011111110001110100	1104946.4	552.8999999999997
38	0001010110010000110100001001100001001110000000010111010000111110110010111110111111001011101010101100111011010101101101000111100100110000011010011010011010100000111010001011011101000101100001011001100101001111101001011010001100011000111	958030.6000000002	492.3
39	0001011110010110011110001100110000100011010000100111010010110010100100111010011100111110101000100101011101000010011000110001010010101110010010110001100111100011101111111000010010110000000011000111001010000010001110000111000111001110010	956921.4	478.40000000000015
40	1000100010011110101000010100011100001101111101110010101001001011100111111111011010011100111111100001100001001111110001100111100100111011010101010011010010011000001100101110110110000100100100011111111101101000001001001101000111001111000	1080842.8	540.5999999999999
41	1010111011100100101110100101010001000010000110110011011110111010101111011011010100001100010101001000100111010010011011010110110111001101000100110010100001011001001010100011101100100000101110000101001100101000011100110001111000000111100	944069.0000000001	492.90000000000015
42	0101010001011011011100101011111101011010010010100001010100001001000110101110111001110111001100110101100011110110100101011110111010010110100000010110100100110101001111110110110110010100101110101001010000111000100100101101001001010101111	1027647.0	524.8000000000002
43	0000101001000011001001101011111000101100000111101111100001101101010001000000110010010010010101100101100001000111001011100010100010101000011011001101010111000001001011111000110100011110111000111001110111010100101001010110001011000110111	993310.0	477.30000000000007
44	1010011100010001000011010101001011011010010111001101011101111100011001100110110011000110000101110101101100011111101000110010001010001011011000011000111001011001101111001000101000011011111001001101001101000101000100100101000001000111110	933689.0000000001	492.40000000000003
45	1111100111101111111110111000101101001011011000111111011110100001101100010011001010110001100100010100111100111001010100001101111101001100110010100100111011110100100000000111011011000001000010100111100000111100010011010111000101011101100	1025828.5999999997	540.5
46	1111011111011101110001001000100010000110001010110001000100101110100000111011011101011001000110010000001101001000100101100101001111111110001110100111100110110111010000101100010111011110011011001111001000101010100111111001100000000000011	900935.6	502.3
47	1000110101100011010101010110100101111101110111111100001100111110101010000011011101011010101011001101010110111100111111010111011100111111100110001000010110010011010011001101010010100011110111000100101100010010010011101110101110111001100	1138008.6	576.6999999999997
48	1000110110101000110100111011000000000110011110000101110010011101101011111011100101010010000111101001010011100010011000011000000000101100101100111000111001000000100010000110001100100100000101101011011111011001110000101010100000110000010	823532.5999999997	450.6
49	0011110011100010110101011001100001011001001111010101001011110110010101011111110101111100110011101101010111011000101011100001100011010101011110111100100010001000110100100010000111101100011111101110011110111111101010100100001000101101001	1083190.0000000002	558.5999999999998
50	0110011000000101100010011011100111100110100101110010111101110111001101100101011011110000100010001101000101010001111011110101101100100001100101111001100110111101111010010001110110110010110100010111101110110000011111001101100010011101110	1121842.6	554.6999999999998
51	0110111111000101100111011111000111100100000000100111000011010100000001110111110001011110000111111000000110110111110000101010010111011101111001101000000010100010000101011010010001011000001110000110100100001001010000011010101000101000010	826491.7999999998	469.80000000000007
52	1100001110100001110000000001110010110001110001011011100001000101110100111111110111100010100001111000000110000100111100101111000100000011000010001100110101101011010010001010010001001111110111000101110010110011001010000000000110100100001	881843.2000000001	460.5
53	1110101001110011001001100101010100001111100111110110001001101100100101111011110000111011001010001100101011010011011000111011000111101111101000111111100011010000010010110100111100110011000011010110101001010001110110111011101000001010001	1013192.4	543.0999999999997
54	0011101101101011011000000111011111110100000101000101001101111010110101101110010000011011101100001000110010101111110110100101010000111101111111110011010110011001001100010101000111111101110111010011111110000000000001100000111111111111101	1226617.5999999999	565.7999999999998
55	0111001001101111000100001011000011101000110010110010111101010000011100101111010000100001011010010000110011010001100000001001011111110001011101101010000000100011110010110101011011000111001001100011011100010011010101110010011110101101110	1055105.5999999999	488.9000000000001
56	1101011111000011100110101111000000111111110111111111101111011010010110111001000100111001110101000000101110000010111001101110001100110000110100100111110101110111010011111000110110000000001110101100010101001001101111101001010000111110100	1079947.0	562.6999999999999
57	0011110111110101011100010011100110010011100110011010010001011000110101100111010110100100000010110001010100110101101100001110010110111110111101011011101011101100001011000001110001100110110001101000111111100110011100000010101000111101110	1066634.5999999999	531.1999999999999
58	0101101100000100111010001101000000110000100000101010000110110110000000101110101100011010011101111110101011010010000001001110101100001010111101101011000100101111110011101010010100011100000110010100101010011000111000001100111000010010111	911122.7999999999	463.70000000000016
59	0010011001100100110010010100100011100111000111000111000100010101000011001011011011101111110110100010001010100000110001001000001110010010000111101101000110110000110101100011001011011100101000110100010011011011010111000110111101110100101	1044110.2000000001	487.4
60	0001010101000010001110010010111011110000110010000101100011100101110001100111101100100000000010000101100011101001111001110100111110101010000111001110000011010000101100110000011011110000101101010001001100101100000000100110100000110001011	840391.2000000001	446.59999999999997
61	0010110011111000111100000000001110101101010001111000010111100110010100001110001011000111000111000110101101111010001011010111011001101110101001000001011010111110100010101010011111101000101111111010001100100111111110010010000011000010011	1006678.6	524.2
62	1100101110010001010000011011011011001100010011010010111001001100111101001110111110000111010001111100111000011000111001110110100001000110011010001001110010110111011000010011010110111101000001110000111110011111101100111011011010000110011	1061052.9999999998	531.4999999999999
63	1011101100110101110000011111101001010100111100100010011011101101001110100010101001101110110010011010101110001100000000101011011010010100010000111101010001100100010010000111101110110110100111110011110100110101011100011001111100101111110	1147831.2	539.8
64	0010100001001100011011111010100101000101001101001100111011111000011000101111001111100101000101001001001100000111110101010100011100001011001010011001010101011010000001011111100110101111010011001101000000010011111100011001100000010100001	906185.2000000002	485.29999999999995
65	0110001011111010010101100001101101110010010000100110101101010111010111111011011101100011111110100110110100011111110110011000110100101001100001011010100010111101101001010100001111100101000011011001101000011100001111111101011001010110101	1088381.4000000001	555.3999999999999
66	0110101011111101110111100011101110110110000010011010001010000001011001011011000011111101001101110000011111000001100101010000011100011000011010111110110001100110010111000011101011000000111110011010010101001110101110011111000110001111010	1076602.6	530.8000000000001
67	0000000001100011001111101111100000011000010001011010100111001110010111011001011100001110111001111100011000110101001100100111001001001101110110011101100111110001011110011111111101110001000110010010101101000001000010011100001110110110100	1071917.5999999999	523.0
68	0000001010011001000000001101101110111011000110001011011011010001010010111110110101011010110101010100100100111101111110110110011100111011101011000111011000000000111010110001101000001111111101101101110001111111011011100101001010000010010	1032959.8000000003	537.6999999999999
69	1100001001000111110111000110010000011111100000110011101100000011010100110010001000010110000110101111111100111010110100100111110010011101100110100001111010101110111111101100111000111110110011110100001011011001111110111001111001000010100	1108574.5999999999	554.2999999999998
70	1011001110001100011001101110110100111000110101110110000011000101100101010101111001000010101101111011101110101111111010110001110101000001100001111000001101000010101001001101010110101101110011100011000100110110001100111110001011101001111	1065596.8	534.9999999999999
71	1110000111000010011001001011010001101010001000101100101000100101001011101111101111001101101011100011111100101111100111010011000011101000011010111010011111010001000011111011001111000110000001101001110101110101100011011100111101110001000	1102424.8000000003	540.7
72	1111000110000010110011100001000001001100011000111101101100111100100101101011111100000111001011100110001001000111111101011110000001111011011101011010110010110011001101110101010000000010001011101000001101011100111111010101100010111110110	1083143.7999999998	529.1
73	1110001111000100000110100100110111100010001010100010110011100011111001010111111011110110010000101111001110010010010110001000101011001101011111010001011010110011111101000110001111011110011011001101001100001011100000010011110010000111111	1048843.6	529.3
74	1001101000111101000110011111001001111001000010011011010001001100100001001000001110001111101100000100010010011000100100110010101111100101011110001000011111011011100111110010010000111100010100101000000001110111100111001101100010111100000	992223.3999999999	490.30000000000007
75	0011001010110100000111100010110001000111101110111101101011100011110110011100101001111111011100010010111101101011001111010011100111101100110101100100100100111010011010100110010010010110101101110010010001011100100000110111011001100001011	1028225.5999999999	548.5999999999998
76	1100101011000011010110111100010100101011001001111110110001010010110011110110110100000001001101110100010010011011001101100110100101001001110100001100010101001110100101011011100001010010111001111011111011110010111101110110100110011111011	1178880.3999999997	547.2
77	1111010110110011000110110001010111011001010011011010101101010101010000000010101110101010100110001110110101110110111001111110000111011001110101011011010100100001101100101000100110010010110000101100010001010101110101110000010101110110101	1042240.5999999999	530.6999999999999
78	0011111010010011011110101111001110001101111001110100001110001010001100000011101001100100111101011110111000010001101000000101110111110110110000100011101110100010000000110110110001000001001110000101111011010100001100101011010000011001110	927299.7999999997	502.4000000000001
79	1010100010110011000000000100111010100000010000001001110101101000100011111100111011000000111101000110110111001001100100000011111110111110100111010000000110011101100101010001111001110011101001011101101100100000011001000101100000010010110	886572.8000000003	470.20000000000016
80	0000100001010000001100101100101000010001010101100100111010010001000000101011100000000000011010111111000000011100011001100111000100100101011011100011001101011111111110000010001001010011101111001101101101011000101010110001010100100101001	956760.6000000001	450.0999999999999
81	0100011101111010101000101101111011111101001000010111011001000001101100001000100001010011000110011001110101001000111001111010101100000000101100100110100111111010111101001110111101011011000100110011010001100111011010111001010000101001111	1014644.1999999998	515.8999999999997
82	0110010100101011101101000000111000101001110111111100111000100110000011000010011011101010010101011010110100110001000111110101000110000000001111000100001010100101100010001000000010011001010001001100100101101011111110000101001001101000010	860344.0000000001	456.39999999999986
83	1111111011101010110110100000001101111010010000110100100011010110101110010011110110101100000010001101000111111111100001111110011100110111011000110100000111101110111011011001000001100011001111001000010010100000011000000010101000110000011	892089.8000000002	509.7
84	0000100000000011000001110101000110010100111100101101000101100101111100110111111111011000101010111010000010110100011111001101100000100011011110110111100010101101001010111100111100101111101100010101001101011111011110001011100110001110110	1125727.1999999997	536.5999999999999
85	0101010110010101010001000010011001011001110110110100110100110101000011010010001000000001101111111111101100111110011111001101011000101101010111101101111101000111001011001011011001000010011001000111100111100010010110001001000000111001000	975154.5999999997	521.3
86	1100011010000011101000111100111011111000101110011101111101000000101001111110010110011101000110011101001010101110111001101001101101010111101001101011110011110010101011010101000011011000111000101001100110101011101011100111011110010000010	1063146.0000000002	558.1999999999997
87	1110011010001100011110001101010000101101010000111010110100011001100000101100000010110000001101011000010010100100111111110010100010000110001000100010110011101100111010101110101111000011011110101111001100110010000111111000000100111010110	1002288.5999999997	484.79999999999995
88	1100100010010001110100001100010011000110001111011000000010101101101101000100111010101110101011000000101000100100000110011100100101010000111011110011101001000110110000111101011001110110011000010010100001000100010110000001000010101111110	923891.7999999999	452.0
89	1011111001011111001100000001101000110000010000000010111111010110110010101010000100001110001000110100110110101101000110110101000111000011000010101000110110111111100100010001011101111111110110101001110101110010111110011010100111011101111	1173053.1999999997	529.6999999999999
90	1001001101111100111011010100111011101111010100101100101101000110000010000100100011110010000011110001000111111000010110000101011000101111001011011000101001111010101110000001001011111100000000001100001101111111001100100010100001100001101	919964.7999999999	492.00000000000006
91	0110101000010110011001010111010111010110001100011100110001100001111101001011001001101001101101001011111011100100000011000111001101000110110011101100010111011000100100011110111001000000110010010000110010111111101111101111010100101010011	1043537.6000000001	525.1000000000001
92	1111011110110000100000011010001011000001110011101011110011010110011101110011110000110000000000101011100101010110111101010101011110111001000110101011010101011001111110100111100000110001111010011101000000111000010100011110011001010000011	974321.2000000001	521.7
93	0110010101111000001101001011010011100111101111101111110000100010101110111011011010000011111001111010010100101010010101011000010111010111100111010000011100011011101110100011110110111011111100010001001110110011111101001110110001100111111	1189100.5999999999	580.7999999999997
94	0110010010100100000000111010111000110010110101110011100011001011110101011000011000101111111011001111010000001000111000000001101101010001000100010011111100000110110110100111110011101101111111010110111111011110001001000101011110011111001	1201397.9999999998	542.5
95	1000111110101011010001101011001110000011010101101010111110000011011001110011010011110101001000110101000111010100100001010000100000100001100011010011100101110111100111011101111100001101011011000000010100001001000000110000100010101101010	930593.6	483.00000000000006
96	0001001101100001100011010011010111111000101001000100011001101110101000101000010111100011000101111011110101100111110110111010100010101001100101000001010010110101001010101001110011001010101000100110100100110101101011111101001010010111100	1042302.4	511.50000000000017
97	1101011101111100101111100100110011000110101111101111110001010011000010011111010010101001000001111011010011010101100111010111110001111111000110010000110110101010101100010101011110011100000111000101011010111010011011110111001111101100110	1164605.6	577.2999999999997
98	0101100010000001010010010000011100001110111011110001011001111010010010001100101001001001010111010011100010001100011010111010001100100010100001001000100110011100111011110001001011011100001001010111001111000110000100000111110000011000101	877402.4000000001	453.5000000000001
99	1001000001110011111000100011110111111010000101001110001000110111010011100111010001110010111010000011011111001101010101110010010000001111011001001000001100000011011101010000010000010101111011011111011000101010001000010111100100001010000	903675.6000000003	487.90000000000015
