SOLUCIONES INICIO 

0	111010100100100000110011010101101111001001010111110111000000011100100101111111111101111001011000110110000001101110000000111010101111011001001001101100000111000101001100111100001111100001101111000001100111101110110110110111000101010011	1221191.4	538.0000000000003
1	010001101110000101010010000010001100110010011000100100001000000110100111011001111001001000110111010001111011000001100000010101001100010111110111110001101111011100110011000111111100010010010001111110111011110111111100101011000101001001	1208231.1999999995	504.90000000000003
2	101101101000011111110000001010100011111011001011000100010101011110100110111100111101001100000000110001000111010100011101101101000000011000011010101101000000011101001111100011111011010111010001010111000000001111010111001101011001001111	1167028.3999999997	503.5000000000001
3	010100011000101010110000111111110110011111100010000110101011101001010111101111001111000111001011101001000001110100010001100011001011000011011000111001110110000000000000000100110011011001000011100001000100110011001011001001001111000001	1033495.2	474.80000000000007
4	101010010001010101010100000100011100000000101000001011000001110101010100100110011111000111110111101011001001100111011010000111000101101000110100101001110001101011001101111011100101110110111111000101000011011011010101011110110000011011	1215509.7999999998	507.70000000000005
5	000100110010010101110111000101101011111101110100001011101001011100010111000110011011110101001111001110100001110111111001110000111111011110111110010111110111101100101101110111100001110111101011111110011000111011111011001001000101001100	1369333.4000000001	607.3000000000001
6	110010010000010100101110100010000001010101100001011011010000100111100001111010100001110001001101101111111000111111000001100011011101111100100110010010000000001000111101001000001111000110011011011001100010101011000010011001000110101110	1078667.8	467.9
7	100011000011000000101110101010100010000001101010011011000111001001001010101100000011101110110100011111010010111111111011011100011101110000010111100010000000100100110010010010111101111011001111101100101001011010001001000100111001010101	1157184.4	497.40000000000026
8	010000001001100011011101011001000001101001111001100111000101001111011100111111010111110011011100001011001111011111001110110000011000100001101101110111101001100101010010110110110000000100001010011001000110001011110010101101111001010100	1191187.4000000001	521.9000000000001
9	001011101011001000111110110010000110000110000000101101111010010110001000000000110111110001000001100100110100010000001100101000010100011011011100100000110110011111001111001100010101010101000001110110000001001100010100110100001011001001	995979.3999999998	434.9000000000002
10	000110001001010111100110011011111011010001110000111100010111101101111110110010110010101111111001011001000110010001100001101010111100011100111100001111001000011101000011010111110100001111101111111101100000001000111000000011010101111110	1279781.1999999997	550.6000000000001
11	000000110111000111111011100000101100100001101100110100001101110111000000011111011010000010101001101101001000011001010111111001110110111100101001110011001111100100011111100101101101100100100001110111101111110000011111101110110111001010	1326692.3999999997	548.9000000000001
12	100000011010000101111110101010101011001111101110010111011010111101101011011001011001010001010100111101010000111111100110101111000111010110011110101110000100110011010101111000010001010000101000011001111111100100111000110011110011011010	1295426.2	560.9000000000001
13	011001110101010110011111111011100100101011101100111011110000110101010100001100100000111111001110011101000101010101110001110100100111011011110010001001001001110101011101110101101101110001000010101000000000100011000110010011111110011001	1218918.4000000001	534.9000000000001
14	101001110010010001111110101111010011000010110001100010010001100111110100001101010001110001011001011110011010110010100100110001101011100000011110000100010010101111010101101100101011111110010001100101000011101111110001111001000100100010	1131571.9999999998	508.5000000000002
15	110100010010000110010101001000011010110110101000101111100101100000110001010010001100110101101101011001100110000010110100111001001000111010011100111010011001110011001001011011110011011101010001010101011110111100011000111000010110111100	1224316.3999999997	507.7
16	001110000001010101011000101000011001110101001110100100001010001000010100110010110001001110110101011111100100111011100000100001000101001101111001001010001011000110111100100101111110101001001011101100111001010010111010000111010100011110	1157614.2	486.8000000000001
17	111101000000010100101010000101000001110011001001101100100111110110111001111111011100111010101001110110111110110011100010000011010100010100100000101111010010010101010000011001000010010011101110101011110001111100100001010101100100110000	1127694.8	503.0000000000001
18	100110001000101101111100000101100001101000010100111111100100111111111011011001101000001011100100011000110011101010000110100011011110001000110000011111100000111100001001010010011100011011000010010110000100001000101111011111111010100111	1151496.4	493.10000000000025
19	111010000111101011110110010110110000000011100111011101101001101101010001110011001011010111001111100010010001110110111010000110111011101001101001100111111001111101010011110101101101110110110010010101011110000011100000100010110000001110	1198922.4000000004	554.5000000000002
20	000110110010110100101011000001011111011011101110001110101011110000011010101000101101111011100000111110001111100001000111011000101010010110110011001010000101100110000001011101001100011010000010000110001111111000011111000110100101001110	1134732.6	505.0000000000002
21	010000111000111111001001110011000111111111001100100011110101101101101000011011011111110000010101011111111111110100001110010011001011111110110110101000110110111011010101011110101101100010101010111101010100110001001000110110100011010110	1295691.4	584.9000000000002
22	101100000000001100011000111001100101011010000011010011110001000101011010110011000101000001001010100100100111110010110110111000010111100100010111010110000000001011000000011011010011000001101111000000000011011100010001011100000011100100	956686.8000000002	430.10000000000014
23	101001010110110000011000101111001010001001100011001111110011011001011011101001011011000000100001100111011010011110010011111010000110010110100011011000011001101100011000011011101110111011100110001001000111010110100001000110010000011101	1112061.2000000002	500.40000000000015
24	011110001101010110110101010111001101111000011100011011101111101010111011000011100011101101111110001111101010101010010111000101100010001111100011011100000001010010110010000110010010010000010111000010000011111010011110110010111110010101	1202905.0000000002	534.5
25	101100110110000010000111100100011001110110001101010001101100101011000100111101010001111110101100110000110111001010011010110110000000001010110000111101110110011010010001110100100011100001001111101101110001111010111110010100010010100010	1135013.5999999999	505.00000000000017
26	110000011100001100010000010010111110001111000111000010001101110111111110111101011000110110011010111001101001111000101110100001000111100001101000001100110100000101111101110110000011000110100110111000101011110011010001011011101010010010	1192718.0	519.6999999999999
27	110001010111011110100101111111011011011111001110010011100000100001101101110011111000100001011100011101110010101110110001001000101110001010011101010111101100000100100011110010101101000110001001010111000111110100010011100100001010100011	1132090.9999999998	528.4000000000002
28	100001000110100110101001011001100011110000111110000111110111001100111000010110011111010110011111010111110011110101000111010111001101110111110001110010011110101011010011010110001000000001010110100001001001011100010011011011000001001100	1141913.0	534.5000000000001
29	110100101111101000000110011010010110001001010101011101110000110101010010001000110001110001011000100000001010111110001111001001100100000111110001110110010110000001110110110001100010001011111111001011111101000101010001110100110011000111	1148068.8	495.0000000000001
30	110010111000111001001010110001111001001000111010010000111111011000101011001111101000100101111100111101101111011111010101001101111010101101000100001011011101110101101100000000101010011010000010111011110011100001010100111110001001000100	1148451.6	536.6000000000001
31	011001001110110001111100110101111100101010101011011100100011001010110100000101011001110111010100000111111101100011101110010011011011100011001100101111110011011110011001100111100111100001100100111111010111011101110000001001000110001001	1237314.2	561.8999999999999
32	011001000001001011111010110011100001011001110111111011101011001111011110011000110100110100111110001011011010010001010011000001011011110100100110001100111011010011111001010000111001100100000101001010111000101001011100101000011010100111	1142726.2000000002	515.7
33	011101010001011100110110011111001101001111110010111101001101010100111100101110010011011001000110001000001010110001010001100011001010101010000110100010111001111000011110111110100111111001011010100010110100010110110111100111100010110000	1226181.4000000001	537.0
34	001000111100110001011110111100010001000000110011001100001101110011111101000010111110000110000100001101001011011001011110100100111110111100001100001100110001111101101101110111110110010011011111101010111111110000110111000101001111100000	1306089.1999999997	549.8999999999999
35	001111111111000101011011110001001111011010000111111101100101000101011101001110011110010011101101001110101101111010110101001101100100111000111101101000000011110100010110010111100100010011110001001011010111110101001100101101110110100110	1281087.9999999998	569.9999999999999
36	000011110111110100111010000111110011010110111101001001110001111110101111010110010011000101111001010100111001000011100100100110011111111010011110010001111110000110110010010011000001010101111001010110101111110101001101110111010010110111	1299419.3999999997	567.8999999999999
37	111100001100001000001010110000101010110111001110100110101011111001100100000010110111110100010111000001111100101010101011100110000100011110100000001010100010011101100101000101100101111001010100010001000101011111000010010101110010010100	1075525.7999999998	478.10000000000014
38	011011001111001100100110011110011110100110100010100101101101101001000010001011010001110000011001100110101101010111011001100011000011111011011000010001100010010000010010011001101100000001001011001010010110110001100000110110011011010101	1079168.2000000004	478.0000000000001
39	000001011010110011001101010011011101101100111010010111010101110111110011001110011111000100010111001100000000000010101111010101111101000101000000000011001110111101011101110001101111011101011100000010100001010001101010111010100010001100	1131214.4000000001	512.6000000000003
40	001110101011011001011111011111010001000100010000111100110101010001110001001110001111100100010011010111000001101011101111110000011111000111000001000010111111100011110101001111100100100001101111001100011100011111001110011010110110000010	1207730.8	535.8000000000001
41	101111100010111010111101111010100101000110101111111000011010000110100110000110001100001110010110111011010100000000001011001111110011010000110000001001111001110101000100011011111110010001010100000101100100101011100010011100110101101001	1154092.1999999997	507.20000000000005
42	001000000111010100110110000010110010001011100011000000110110110110101111011011010110000111110110101111011110011111001001010000011111111101010001011110011100111011011100101101101001111001011100011111010010111010111111111000011011101000	1390761.6	579.4999999999997
43	000111100011000000101001011101010010011010100111110111000100011111111101100010101111111100110001100011000010001111101110011001100011011011110001111100110111000001010001111000100110010101110001010101001011000101110111001010101101111011	1297344.7999999998	543.9999999999999
44	011000011000111100110010000110001100100000100111010100011000111111010101101111000100000100111111011111111010001010101111110110001101000110001000000001010011101100111100111010111101001011011100000111101100000011110111011101000101000010	1155799.0000000002	514.3000000000001
45	111110110101001011011000101000011011111001110100111001101011110001011111100010100101111001110101101110101100100100011111111011100011100101000111100010010111000011110010000111000110000101111110010111101000000110010010110011010001000001	1146158.7999999998	547.7000000000002
46	001010101101111100100000101110000100010111011000101101101101111111101100100111110111001101000111100101110100110000100101011010101110100111010100011010101101001101010010001010001000000000011100010010111010110111010001110100100101110110	1170298.6	517.8
47	110101011001100010011101000011101001000000111001010011010010000111001100111010110000011100010101100110110010010000110100110000100101001011000001111000000101100101001101110001110111110010010010011111011101011001110000110000111101001010	1160082.2	484.4000000000001
48	101110011101001101010001101010010011011010000101010100010100110010000001101101100010110010010010110011110000010010010110111011011010110010101010100011111011010110110001111001010101001111010000110000100011111001101110110100100000011011	1108865.4	492.7000000000002
49	001001100001010011100111000100011110000101011010010101100000100000100011010111010000000110111110011011110011101101111000110101110001000100110000000101101000001101100111100100110010011010010110110111111111110100000011100100000000000100	1006256.2000000001	470.8000000000001
50	100100011011100110010010011110110010111111011000000100111000110011001100110011011000011001001011000011001010111000111011001010110110100111010100000011111100101110100001001010011000110100000111101100101011001000111000011100111110010010	1168560.2	505.2000000000001
51	101101000001100011111011000000001000101111100101111101101100110100011110001011000010101101101111110101111101010000100101000010001111100100010001001100111110101111001100101010001001100110101010010100111000111000100100000110001110101010	1149322.9999999998	507.3000000000003
52	110110111011110001110001110001001111110110110011100100011001001011100011001000101011101010101100010001001110110000110010111011001000111001010000110100101001000101011101011111110100100100100111100001000110100111101110110000111001000101	1146652.7999999998	517.0000000000001
53	111100011101100100110000010000100111001100111111011111010111110100010000001010100010101111101110101111000100101000100111010100001110110101000000110001000010110101010111100001001101100110011000010010011000101011011111011100111000010000	1124667.2000000002	505.3000000000002
54	111111000110000110100111000000100101001101011110101001011001000001010100011000100010101111101100111110110001010000011000111111111100011011011100110110101000110000001110101010101100100011010010110001011101011110001110111000000110000001	1083235.8	501.6000000000002
55	001110011011001100101011011100101000111111000001010101110011000110000101100000001001010001111011111010111101000101010011011100000010001010110010111010010000000110010111000010101010110001101100101010100001001010000011001100111010101001	1080581.4	472.79999999999995
56	010101110101010010001011000110001011001110011101101110001101100001000001110110111011110111100111100101101110001101101100100110111110111110100111011100001001000100011111010001110001001111110000000111010100010111110111001111100011010110	1274359.9999999998	558.2
57	101100100100110111001100100010100100110000101011010010101100011010011111011011011011100010100100000001000001001001000110000010010100100010010010011101111111000000100110000001101110010000101101000100011111111010011011001101010010011100	1072401.6	456.30000000000007
58	010111110000010101010000110000010001000111011010110100000111111111101001000110011000001011110000010110010011000110101110010010011001011011100110001111100011010100010000010011011101011010000010101111010100010111011101100011111110101010	1231542.8	502.60000000000014
59	001110010000001010100000100011100111100001111000100011000011000100111110111111001101101011111101100110111100011011001100001111001000011101100111010000101111100110011000000010000100101100111010011111100011100100101100001011000010101011	1127864.5999999999	500.40000000000015
60	010101010000000101110110011000101100011011111000010111000000110011001101011001101010010101010010101110101101110100001111000010111010100101010111111011010010100100010010110011001010000010001111000011001000111011010011001001011011110100	1167492.5999999999	496.1000000000001
61	001111010011011101010001110000011011111011010011000101101111011110110001100101011001111111010100001010001000111001000010000001010001011101100001111100101001001100010010100011000101000110010111000000011111001010111001111010001000011111	1110268.2000000002	498.3999999999999
62	111001110001110111101110111001011011110001110001001111010111101001110011000101010010010100010110010111110111111010001000011000100100000110110001010011101100111000100001110011011001100010010001111111110100000001111110011101001100010111	1187382.8000000003	537.0
63	110011111011100000101111001110000101001101110001110001000110100111011001100010100101000110000010000000111010011011011111100111011100001111011001001001010101111110111110010001100100000101011101011100101100000011100011101010101000001001	1105085.8	506.00000000000017
64	101100101010110100101010101100101001010100111011101000001111001110101100101010001100001000010100111001101101101001011111010011100110100100000000101010101101110010110010110111101010111101101001001101111111101010100001100110000011100100	1177015.0	520.7000000000002
65	011010101101010101001101001000111101110111010101011011100111100000111110101001010110011010011000100101110000111011111001110111110111111000101011000100010001100011000111111010100101011010101101011000101101000000011100011110000011011110	1214771.0	546.2
66	010100111010111101100011000110001011010100101100110001001001111110101000010001111101011110100111011111000011111010010100010111001010100000101000111000110010111100011010010110101010100011111001111010101000000110100010111100100100011011	1148855.7999999998	512.3000000000003
67	110010110101000101101111011000110111101000100001010011000001001101111110110111001110101110011011011010010100010111011001000010001110001101111110111001101001111010001001010011010110010001101011000110001010100101100010001000101011010011	1137373.7999999998	514.4000000000001
68	011111001100111110111000001010111111100101001010111110011111011110001010000001111100101000000101111100100000100111110010100010010011011000101111011111111000111110111001011000111000010111001010000011100110101000010110100100011111001100	1221329.2000000002	542.1
69	110011010010001010110110101111110100011111011101011001000110101010110000001010001010010100111001011010010111001010010011110000101011100001000000011000000111001110011111110000101101100000111101100001001110001110011101011001100100001010	1101378.0000000002	494.80000000000007
70	011100101100010100101101011010101000001111000001001110001001110011000011110001000100011010111111010101111001101000100101110010111101110000111011010000110101000010011011101000010000110011010000011001101100101000011000111011110010110100	1133554.8	492.6000000000001
71	101110010011000100010110100011000110010010000010011111101011011011011101100111001000101011111000111101111010110000011010101000000101011101111010010110001110111001101111110111011110111001110110001011001100010001001100110100111010001110	1258617.0	544.0
72	110110010010000011011101110110101011100000101110110011011010111110111010000000000111010101011110111110010000010010110011110110101100110101001011110011111101000101010001000101010111111110100011100000000110011001101111000111010000010111	1157578.8000000003	529.6000000000003
73	111111111000110101011010100110000111111101000100000100001001011111000000111111010111110110010011100011111100100100101110111110111011011000010000010100111011110010011101001101111001001111110001101000011100010001011010011011110010000010	1184347.4000000001	546.8000000000001
74	110001001100001000011111101111111011000010010010110101110010100011111011110011111000100011101010100111100101010011111100001010001101100001001111001000001011100110011101100101100010001111001101000000011010100011010010111110011110011110	1230040.0000000002	527.2
75	011000110010100001011111110110010000000101100101010101000011100111111111010111001110100101010010111001100111110111011010100101100010001010101111000111110111111111111111001101101011011011000011010000000010000100111000111101100011010011	1247399.7999999998	552.0
76	001100110110100011111111111000000110110000111011111001110110000000100110011011011001001010111001100000100001010100001100101110110111001111101101101111001000110100010011011001010100010100001010001000010011011110100000111101010111100101	1152677.2000000002	507.70000000000016
77	000100010101110010101111010001011000110100010111110101001001101001110111010101001010100010100011000101010110010000101110011000100111000001010001000100001000001001100101001100010111110010100101100100010000001111110010011000100110111101	1085025.1999999997	457.6000000000002
78	100101011011111001010001011111000001101010010110011110101100111111001011010100100010001100010000110111101001010110110010001010011001110100000011100010011011101100101000001001100001111110000111001101010000110001110000001100001101010100	1076731.6000000003	490.40000000000015
79	101011111101010100100111001011001011110011100001111011000000011011011111111011011100010011010000110110101000110110001101001110100101111110101011101110011011100010001010111011000110010100000111110110001000111100101010010110010001000011	1139106.0	539.4
80	001110001110001010111000011101000010101110111100011010111000011101111101001000010011110101101011001110010111110110100110001000111010110001100001110100110101100010111001001110000110100011110010011101111001110100110100010101100101100010	1199713.0	530.8000000000001
81	111001100000001111111010101111101010110000111010000101111001001010000101111110111111011011010111011111010101010101010101010010100111001110011101011100000111100101100010001110101110011011010100110001000010110110110101100000011110010111	1241473.8	554.1
82	011111000111000101000001001110101101000000101110011011100001010100100100100111010010101110110010011111101100010001100110011011100001011000100101001110000010101001110110000010100110000101001010100011011010111011001100001001001110111010	1141679.0000000002	483.4000000000002
83	100100110001000110110110011100000100101001001111000001110101000000110010101110011101011111110111100010001111000101010111110001010101000001111011110010010100011100001000100111011110110011000010101001000000000111011111101100111001110101	1190540.4	503.20000000000016
84	100111000001010001001000101010110001010010000100101110110101001001011001110110100111010000010100001010011010110110101101000111010001011110000101111110100001111011110010011100110101001111011100010000011000010101000110010100011100010111	1094053.0000000002	476.5
85	100010000010010011000001011011011111010110000100000111101110101100101101111001111010111000001101101001000000001110001000001010011001110101001100011110111000110101000110101111000101100111010001010111011010011000011110011101110001011010	1204294.4	504.7
86	000011001110011001110110010101001001101110110000101101001000100011000110100100110011111110110001000010101010000111110011001110010111100110011000011000111001011001011011100001001001000110100001100010010011001000001111000001110011010010	1064291.2000000002	471.4000000000001
87	010110000101101111111010110101111101111110010100101001010110100110001010001001111100101001111010110001011101101000000011100100100000001100000110101110010000001010100010110000001100110101001000011000111011111000101100000000110011000100	1014277.0000000005	475.3000000000001
88	011001101000111111000011111111011011010000010111000110110111101100011010101111100011001111001001101101111110110000011000000111101111001110110101100110010111001110000111001110101110000011011110100010111011011000101110110011101001010110	1295908.0	576.6999999999999
89	100000110001110110000111111100110011110000101001111110010101000110110110111000000011000101111001010010101000110001100111100101100001001110111011110111100100110000010001100011010110001001001111100110000010011111000100101010110100101111	1156101.4	503.9000000000001
90	101110101110011001110101110011010000111111100111011111101010001001100101110000000111101111011100110011101001011101001001000010000101000000001011110010101000100111110011101110000101001111111011001010101101111110010011110101111001110111	1338010.3999999997	562.8999999999999
91	011100000111111001110111000101001000010000001101110010101110010010110011101110100111111010010001100000100001110000110101000100011100110011100101100001010111101101001111011010110111010001110101110010100111110010101101000101110110110001	1251537.2	524.3000000000001
92	100010111110010110110110100000000100010110111100100110101010100011001011110011011100000111000000010010001111000111000010001010010111100001111101011111010111110010010001000000001011001100111000110000111110000110011101000100010101001010	1063919.8	476.8999999999999
93	101010000100001000111000000001011110110110011101011001110001000001000010011010001000100110010110110101100000100111000101100110000101100100110010100101001101011000001011000111100001001111000011010011001000000101011111101100100100101011	1037977.9999999999	442.1000000000002
94	110010101100001110111101001111001001101011110101011010111000111101001010101100000000100111010001100001011001011100111100000000010000100010000101011000010001001010111110001111100101110101011100000110111011110110101110010010110111101101	1244962.6	512.4000000000001
95	110101011010001100010111110011111100011110111110001001011001100010110000001111011111000111001111101101011010000110101010011010010011110111011111011110110011100011111100011011001101101000100100010100010100111101011110111110001010001110	1266969.2	572.3999999999997
96	110101100001110110111100010111110110010111101011000101110011101011111001010111100100001001110100000110000111101111111010101100011110000000100110110001000110000000000100000101000100010010111000001010010001111000001000010011111001000000	1007280.8	483.60000000000036
97	110000010001111100000101000100111101001011010110001100001000100111101111110011101001110111100101000100110101000010000001001100000110101111001101000111000000101011011110101100000010110111000000000000011001001011111011001110001010011100	1072673.4000000004	468.7000000000001
98	000100101111000010100101110011010001000100110100011001000010000110111110100001010100000001101111001001011000000010100101011001111001010010010001101001001000011010000000001101001010111110010100000010100010000000001001100010010101110011	928751.4000000001	402.79999999999995
99	111101110110100011100111000111111100001010110010001100000001000111001011111000101111000110010001111011000000000100101010001011111110000000100010001011100110101010111110000011000010011100100011011000111001100001010001110111100101011011	1143465.9999999998	492.70000000000016
