SOLUCIONES INICIO 

0	11010111100101001111010100110100011010110110001100010101000110010000011010010001111000100101110100101000101011000001101111101101000110001011010111110000111001111100000101011100010010011000011110110010100001000111011001000100111001011110	1033262.8	499.0000000000001
1	01111110010100010000001011111110000101100110110011100101111010010100100010111100111111001101101111100110010010100001100100111001011111010101011010100011001110010011110100001010010010100110001011010010100011011101001011011011011110111110	1195713.5999999999	550.7999999999998
2	00011101011101001101011001011111010110011100100110101001101100101011011000001011100111000111101100100110011111010100010101110001010010110101110100000110010101101011001101101101101110010001100100001111001001001011100011000110110111110000	1151056.1999999997	545.4999999999999
3	00100110011100111101111110110010011100010110111101010010110101111011010001111000001110100010111011100100001111000110010100010100000101000111011000100111101001101010100000101011110111100000010011001110001010011100100110111111111101001001	1161844.9999999998	540.6
4	01010010100101001010011110111001001011010001010100110011101000011000110001011000100000110101101011100011011001011110011100101101101001001010100000111000111000110110100001000110101111010100001010011001101010000000001111011010010101000000	931215.5999999997	473.59999999999985
5	01111110000001001101100011101100001110111010110100010111011001001010010101110100101000001011101000100101000111001100111101110100100000110000001100110101001001110001000110010111111010100100011000110110000111110110001010001110010100011101	1017859.6	495.20000000000016
6	10101111010001100010111101100100110011100100110101111001101101011101011111011100111011010100101000000100010001110110011100010010010110110100010111000001011111011111011101011011110001110001001001101000110010111111000111000100010010011001	1077025.0	546.7
7	01101100101010110110110100000100101000110000100000010001110000111010011100100110001110001101001101101111001000000100111100110101101101010101010101100000111010010010001010101111110001010001011100110000001011011110010011111110010101111111	1123315.8	499.10000000000014
8	10011111101100001010000101101111001011100110100000111110000001000010110010010001001110011001000000111110001111101010101001011011011011101001101011000010000000101110111010111111010001110011110001010110100010111100001111111110001001100101	1083444.9999999998	522.6000000000001
9	11010011001011000010001101000100010100101000001010000001110100111111101011110000101101101001100100111010000111110001100000101001011101011101010111010101001010100111101000101011110110000101101101011010100010010110011011100010011001010011	1038688.3999999998	499.19999999999993
10	10101001010001001110110100100010100010010101101101101001100011101001001110110000001000010101010011001110110100111000011101001000100011011011001110111100100000001110110011100010100011010010001011110110110001011110000010100100111101010011	1036778.6	488.0999999999999
11	00001010001111001101100100011010101101010110110001110011110010101000110111111100111110100110000101110101101001110101111100001011010100110101101111001011110110100101011011011001001111001111111101001101111000101010000011110011011100000011	1155210.2000000002	571.9999999999997
12	00011111100110110111100111100011010111101011101000110111110111010011011110000100010110001110010010000011100111101111110011111100111100011010000010010111011111110111011011001101111110011011101011111001011010111001100100000110111010111111	1308727.8	613.7999999999996
13	11111111000100010101110110111011011101111000010010010001110100010101011000100011101010111110010010000001101110011010100101001011100000000111001110101101110001101101110011110111010010100100111110111101010011110011111000011011111011101010	1266290.6	569.8999999999999
14	01110101110011000010100100011000010101111101000110100001110000010101110010010110011001100111110001011101111000000110011000011001111001010010010011111010001000100011111001111110101101100000010000011001011011101101111100010010010111111011	1145739.2	515.6
15	00010011011010011000101110110111000111110101010100100000001100011001110101110011001110110011000010010010001100111011111101100011110000000001100110101100110100100100100101010001000001101110010111101110000001101010110010000000000111110100	961624.2000000002	485.6
16	11101010000110001011001000101110001000100011000101000111001100110010010011000011110110010010001101111110110011101111011011001101111001100000100111011100010100010100101000111001011100010001101011000110101000110011110110111100011110011100	1103459.7999999998	516.0999999999999
17	01010000001111001000010100111001001111001010100000011011011001111110100110100110111011000111100100110110110101101011110011011010000100111100100010001000101100000001100011111110111101000101101001100010110100000001100000001101000000000000	835394.8	473.4
18	10101010100010000100000101101010111101101000100100001001101111000101001110101100000101010101011110001000100100111011010000000011111000000110010111010010101001101100101010101110010101000001001000010101101100001001101010101101110110010111	1007791.7999999998	464.79999999999995
19	10110101101010000001111111011011011111111011111100000010001111110010011001111010101110101101001101000100001001000110111110100100100011111001011000110000101100011001001000011010111001011101010000010011100001101111110110101100011000101100	1049729.4	540.3000000000001
20	10101000011010001001110100101110110001111110110111110101010100110010010101000110000011101101111000111110010010001111110010001110001101011010111010100001110011111010001001110000000001111101101101111000010000001011010100010110101110100110	1065135.0	525.5
21	11000111011101011101001110111101100001010111101001100010111110011100001011111111010111101111011101000000001011110110010110101110011100111010001100001000111010100011101111011010101000001011010010111110011010111101111101111100100011000010	1147573.0000000002	588.8
22	00001101010010111000101011100011110001110110011101001010100001111001000001101001010000110111000100100110001010001111001101010111000100001111010000101010010110100000001011011000100000111011110011110000111100000111011111111000101100110111	1055303.6000000003	492.79999999999995
23	00101001010011011110011101000101011011101100010110011111010100011101100110010011101000101100101000111100010011101010000001010011001010010100100110010111111111010011011000110100010101100100111000010110000110000001100110010011001100001100	968608.8	494.8000000000002
24	00101001000100111000111110111110101101101101001011111000011111000000011111111010001101110010011000111110011101000101010111110101000001011101100001010001000111110101110100100011010100001010001001100000000010101110111010100010101100010111	995277.0000000002	512.8000000000001
25	10110101100000001011101111011011111110001101100010000101110111000110010100110111011100100010000000100001110010101111001010101111000010000101011000001000110010111001001001010101100010100111101011000111111001010010110011111100010100111110	1079372.0	513.4
26	10010100110001010110000011000101100000111001011101100000111000000101111100000111001100100000010011000011110011110110111001011011101001110010100110101011010010011101101101011011111010110000101111001010101100000110010111100111000010011101	1076749.9999999998	506.99999999999994
27	11001000101001001111010110011010111000100110010001000110010000100100001001011101011001111101000101001110100000010011010110111010100011011111000110001000110011001110001001000010001111100110001001100101110101010110000111011010001000101111	977933.2000000001	478.2
28	00010100111011110111111010101010100110110100000101010011101001110111011100110110001111011010110011010011000001100101111100101001101101000001101101011010001111011100010110100111111001100011000111011000101101011011010110100111001101110000	1185575.0	568.1999999999997
29	00110101010111000011000101111000011000001010101111011001001101111101110100011101101010011111111101101010010101000001101000000110000111011111101110000001100001111010010100001010011110100001110101010110001000011101100110000100111110101100	1081270.1999999997	521.2
30	10101111101100111010110011111000001001111101110010110100110111011000010010100110000000001010010011101000110010110001100011011101001011111101001101010010110111000111000010001100001010011110111000010101100001011001000010000111100111001100	1036919.2000000002	511.9000000000001
31	00000111111101001000111101100110110100010101001011101001101100000101111011000011010111110000000111010000011010010011111010011000110101100101110111011001100001011101110011010110100100111100110011011100100001100111101111011001100011000010	1079112.7999999998	533.5000000000002
32	11000001000111110010110100010110001110010000011010110001011011111001011011110011101001000110011101111101111100111100111001001000011010101110011010010001010001110001001110010011010000011011110110101000110011000110101100010011010100010001	1022006.4	518.6000000000001
33	01010000000000101011101011100000100010111101111101101010110000110011010111110000000011100001110110011010100101000011110010011001100111000010111111110101011110101110001110001011101101001101011010000011100011011011011110001111110001000001	1111364.0	527.4999999999999
34	00110000100010100011100110110001010111100110001000110101010010011001110000110001000110011011001011100001110101000100100110101000101100111011111111110101001001011001101010000100010110001111001001011111011110110100111110010100011010110111	1106276.8	511.09999999999997
35	01010010000111011010001111110000101110110001001010000110001010000100011001000000100010110100111001111111010101010111100000111110001101000010001111011000000011101111110110111100010000011101011011011010111011110000100001001011100000100110	999887.5999999997	491.30000000000007
36	11000100010000101001010000110000011110110111000010010001110110110101110011001010111110111001011011101011111011010010101001111101000110101000001101100111100101111111000000001011000111101101101110011001000011110110010110010000101111010010	1115024.7999999998	535.4
37	00110011110101101101101101000101011000101001101100010011011110110111001000101101100000111011001111011111001000010111101001010001010001001011001110100101101101000111011100110010011011001011101010001110111100100111101110101100010110010110	1114390.2000000002	547.4999999999999
38	01110100011011000001000111111111010011011010100011001011000101011000000001000110100011110111001110001011001000110110110101011000010101010101001100001100000110110111100101110011010010101001001110000001000010111100101111001101010111010001	1060916.9999999998	499.4
39	10101111011100111111110011100011000111010110001011001111000111011001010100100111011110100010101111101110111000010111000101111100100011111111110101101101110011110000010101101010101011000100111001100101010111001000100110111111100101110110	1221423.7999999998	596.6999999999997
40	01011000100011000010001100011010001110100011100010010101010001101001110110101010100010110001111111101010000100001000010100001100010100101100001011110010000110110110111101011010110111011111111010100100010101101001101011000000110010111001	1089061.6	497.9
41	00100101100100001001001101011100001010110000000010100000111001010010111110100001110110011101010011101111110011101000010101011100111100011011000100101010000110101100111110010011110110100101011101100011000001110110010110000101101101100010	1086807.0	508.4
42	01011011011000111110100010100011100111100011001101100111010110101011011010011111101110001011110000101000000000001000001101101101011000100110111111100000011001001111011110001001101110011110011111110101100101100101011111100011011010011000	1196429.2	560.8999999999999
43	01111100011101011110110101011100110011110111101100110100110111110010011100111010101101111111001000101010011000000010001111011010010110010001000001111101010100110101001001101111101100011101010011011000111010111010010000110111101111110010	1237866.9999999998	580.2999999999994
44	01000110010000010000110111000011100110101101100110101001000100000111111010101011001000000101010111010101001000000011111100100001001000001001000010101000011101110011001100111000101110010100011110110011010011011101101101010010110110011110	1083128.5999999999	478.0
45	01101110110110100001101011011001100111111010001100100010111000110111011000111000100001001001011101111110100000100001000101011011001010011011110101001001110110110010010010100101100110001101000111111000100010001000100101011110010100100101	987411.3999999998	506.2
46	10000011111101001100100111110100010100000010000000011100101000111110110011101010101011101111110001101011001101011101010010111011011100100010110010011010100011111100010111010101110100101100010011100001000011000011001001001110100001100010	988925.6	508.30000000000007
47	10101101101101010001110011011101101111110100111110011010100001010011101010111000110010101100011001000110110001111001101000010100110100000010011001000001010000111111110101110010111001101111111010011001110111101000110010111101101110110000	1210200.5999999999	560.8999999999999
48	11000110001001100010001001101101000010111111010010000010110101001110011110001001110001000001111100110000101001011011101110100011001101110110110101000100010110010010110100110100100000001000111010100100110001100100111011101100111110101110	1074730.4000000004	493.9000000000003
49	10110001111010110000010001000001001111101111001000000111100101000000010101010111011001110011111011000110110100000000001110010100100010001111101110001100110100100001001100100100010001110011011010110011101000000101110010110111110001101001	1042175.2000000001	482.00000000000006
50	11001110001110111011000011011101111111000011100100011010110101101101011010111011111010110111011111101010000101011100101110010010100001001001101100010010001000010000101000110111110011111010010000010101100001111111111111111110101010000010	1121168.8	566.6999999999997
51	10011101110010100101000001101111100001111101000000001011000101100001000001000100101011001011111111100010100101110100011010100101101101000011100110000100100101010000001111001101010111000010101110010110010000111100001100010001000001111111	957179.2000000001	466.60000000000025
52	10001110110101100101100100001111111011011110000011100110000000101000000011100000110011011001101110110010111010110111010011010000110100010100110011110111110000000101001111110011101110110110100001100000010011011001011101111111111111000001	1197644.4000000001	539.8000000000001
53	10011110110111101001010100011010001011100001110110110110011001101000101010101010101100101010010010001100110100000001001011011110010110101100001010101111101111110100110110010101110010010100100110010110101011001100110010100001101001000000	987387.3999999998	511.4000000000001
54	01000011011010100001010010011111011011110000100000101110010011110000000111010101011100110101111111100010100011010111001000101110010110000101111000111101110001011010011000100010011000011000000111000001100111101111011100001110110111010010	1098860.9999999998	513.1999999999999
55	10111101100101010011100111101111101000001001001011111101101000100101101100110010111000110111100011010010011011110001110010011111100010001000111100110001000100001100111011010001001011111100110111000000011100100001101000110000000100001100	898355.2000000001	507.90000000000003
56	11101001100011111100101111100010100010101110011101111000101001000001101000010000011111011101010100111001110111111010110111100101111011111100000110010101010110111110001110110101110101110101111011111010010001001101111100100011000100110100	1160433.0	581.0
57	10110000100011101101111011100110110111011101010101010000110101010110000011011110010010101100111000110001011001111111101000001000110000000100111111000010000111011000000110000001100010100001011011100000111000011110011001001001011001100110	949220.6	485.7000000000003
58	10010010111101111110100011000111001010000011000010110010010011100100110100011111011010011000110001010101100001100110101111101111101001001111011011010100100100100010111011010110001100100111111111011110111100110001111001000010000010100001	1040472.6	537.2999999999998
59	10110101111101001100001000100101111010110011011110111101010000010011010111110001110011010001101110110101011000000101110100101111000000001010010000101111100010101111100100100000110101101110111100101001100011011011000101011111110110100010	1146398.7999999998	540.3999999999999
60	10011100001111000100010011101011001001001100111100011111011011011100101000110101110011001111001010100011100111010011110101111000010000100001100111101111000110101011001011101000110100000110011100000110011001111100110100110111010100110000	1095978.5999999999	534.2000000000002
61	01101001111011111111101111000110100001101110110100110100110011000101011111110001000111101110110001011010001001011100011011100001111011010101010111000000001111110011001110000000100110101100110011011110110011100010110011001111100001111001	1176523.2	569.6
62	11010011111010010101011010100100000111101001101101101110010001010101111011010110000100111010111010000110111000101111100001111111001001000001001111011111011111010001101010100010110101110101101101011011000000000000101001001101110010001000	1042869.1999999998	533.9000000000001
63	00101001001000011100100010111111010000000000011001111101010010001010101101000001110100001111101110111101001000101000011011010111000000110011011110111011100000001010000000000001001000000010100010001000110111101001010110110110111001110100	972467.8000000002	455.4999999999999
64	10010010011010101111011110110101001111001111100100000111101110001111100110101110001110111001110111111011101110100011011110001110101100010100110101000001011100001111010010011000001011101001101010100010011001001011010001010111110010000111	1067826.0000000002	555.5999999999998
65	10011111001111001101110110011111101010101010011010001100101111100010100000110111000011111111101000011010111001110001010101010011111000101111100100010000111101011101010010011100000000011000011010010011001101110001111011000001101101110011	1102572.4000000001	544.8
66	00011001010010000111101110000110000001011000110001000010001001000001000101011001001101011001011100011001110110000011011010010110110011010001101000011000010100110001100010110001111100011111000111001111101000110100101101000101000010010100	928614.3999999999	451.7999999999998
67	11011100100001010100110111000011100101101110010111010001101011000110111111010000101010011001011101000100110111000010010101100000111011010111010100100101001001001101000110111011010110100100100110011001111011011111101001111111001100110100	1151600.7999999993	540.4
68	01100110010111011111010110001000101111110100010001101010011010001010011100101100101111001111010000100000101000000000111000000111110010001000011010100111100000100010000101110001011001100100010111010011100010101100010100111001110111110101	1064916.3999999997	486.09999999999997
69	10001111111011011001000111000000101001101111011101000101110001101010100110101010001100001011101110011100111001001101100000101001011110000100101111100110000100101110100001001001100111100100011000100100100100111011000011001000100101001010	935686.3999999999	490.8
70	00000011001111110110011011010010110100100001101110101001100011000011000001001011101001101111011101101001001101100011000000001011100101110110100001011001000010111111011101000001110000001101111101100000010010110010111101000000010100111011	1002451.8	490.49999999999994
71	11000000110010010001100010110101111100011001110010100010000101011011011111111110000001011000101010101001010110111001111000110010011110101010110111010010010011000011000111101110111111110011100110100000111001011100111111010110111011000101	1188107.6	549.3000000000001
72	11000101111000000001110001010101100111010111111010000100000001001101111011100001001010110000001011101000111110101010101101100010110110000110001011110011010001100101011101110111111010000111101111110000011000111100110010001011010111010010	1142271.8	524.8000000000001
73	10001010111001110110000011010101100000101010111000010110000011111111000111110001101100010011110010001001111111000100111000011010001011111111111000100010000011011110101010110111100000001100110010000110000011011110110010100100010001000000	921103.1999999998	500.2000000000002
74	00011100011110011011001101000010010111101111110111101100010110001110100011110011111000111110001101010001001011000110110111110010001110101100101100110000100100110011101001001111000101110100100011110110110111000111111000101111000010001100	1086309.9999999995	551.5999999999998
75	11000010001011101100011101011011000110111100100000100100100000010101011011000010011100101111011100000100000010001001010101010101110110011010100001111011111100100100010000011010011010101010111001010010111100110101100011101011101110110011	1123251.4000000001	499.0999999999999
76	10100101100000010001111100000001110011001100111111010110011001010010110110111010110011110011010011011001110111100111000011010110011110011101101110010011000001111110000000011110010101010110011110010010110101000010000011000001010100101101	1004352.3999999999	516.9000000000001
77	10011000110010001010111011110011011010000101001011010101000001100100010010111101001101010001100110000001010000001101111111000011000111110100001010110001101000010010001000001101101011101011101111101101011010000000001010001001100011000010	920234.4	464.79999999999995
78	01000100000011001101101110000010111111000111011100010010110010100010101100100110001110011010000110000010110111100011011100111100111110000110010001011000100100010011000101100100001000011100001100010010010001111101101010100110001110010010	948350.8000000002	468.6000000000001
79	01000011000010001100100001001111011000000010101011001100010001000101001101000010010011001000000000110011011100011010100111100000101100101010001100111111110011000100111001000101100010001100100100001100100001111011000000001011010100100100	859972.7999999999	413.6000000000001
80	01110100001011100101111101100100100011111010101100100110000011111111001110110000000101011100001000001011101000011100001111011111001000100101010000010111101001110000010001011100001000000011010100100010101111111100010011110111110000100110	999362.2	494.20000000000005
81	01111000110011000101101110011010011111011011111011100001100111010010110001101010101001110001101111010111011000000011111000101011101110010100001110000010000100000110101100000101111000011011101001000000110000110111100101000001010101001110	969981.6	505.59999999999997
82	01011110001011111000010100000100100100101011000101000011001011001000001110101100000000111111000101110110110010100000111000101110010010110000010111000010101110000110011100010110011110100101100000001111100011101000100100110011100111001100	1016075.0000000001	470.50000000000017
83	11101010011111010000010111011010001011011011000000011010000110011110010000101010001110000110111011101111000011010110111110101000011100010010011000010010110101111010101001010011100011101111110100001101111011101100111110111001001001010100	1107465.4	536.7000000000002
84	11000110111110001001010111011110011111011110011010001010100101101111111011001110110010100001011111011110011111010000010001110110011010001100010111101011010010001110110001111111010000101101001011001001000100110111101100100011101010100111	1119510.0	564.4999999999997
85	01010000111011011010001001001100100011100011011011001010000001110000001110111000101110101111000100111101111011001001101101001001001100110010001000011011101011001110111111010010100001100100001101011001110010110110000001010101010100001111	996833.1999999997	493.8
86	11001110100101000101000101011011010011111100101001010101111000001101001100001100111011111011001111100101011000111010101100010101000100000101110011111001111101011000110100101001011111110100000011011011010111101010111111100100011110001011	1159931.2	554.4999999999998
87	10111100110011100110110100000100111001001111101111010101010000011000110000001111010010001100111100000100010000000101010110101101111010001101111001010010100101010100100010000000111101011110111101101101110001111011110011010111000101010101	1088907.6	516.6999999999999
88	10001110011011011010011011010101011110101111010100101100101000100101011100000000000111100001111100111010101110000100101001000000000110001011010110010011101100000001100110011101001011110011111011010111110100101110110011001110110101011010	1161236.7999999998	526.6999999999999
89	11001010110110001000000111110010111101100110011001111010101101010010011111110110100101000001111100101011010100111001010011010100101111101001001110011100110000000110100011110110110101001111011011000000100011011111111100000101000011110110	1101915.7999999998	545.9
90	01101010001000000110111101100001000010110011010100010000100101110011110001000011101111001111000110010101110100100100001011001010101101000110110111000010011110000100000001111000000001011110111111111001011000110110110110100101010001110010	1041106.2000000001	491.50000000000006
91	10011010110001000010111110001010001001011011111100011001111010100111000001110011101000101110010110110000001001010110000101001011100111000100011110001001100100101010110110101011001111000000101110100100001111010101101111111011111100001000	1127032.4	520.1
92	01010100101000001110011010001111100100100111010000010011111110011011111111100011010101010011011011001011100100011000101101111001101010101110101001101000010000111110010101011100000110100001000110111110111110010111100101110100010100001000	1039637.5999999995	535.9
93	10110001001010100111110000000100001110111110110111110000100101011010001000011010000010001001111101010001001110101011001100010101010001001001000010001001000101100010101001010010110011100110110011110011111000011100100101111001010010101110	1011978.1999999998	476.7000000000002
94	00100111011011101110010100100100101011011011000100100010000001110110110011001110000011001010001010001011001111010010001001001001011001001111100111100111110111110001011010111011010000111010100000000110000000100110110111011111101100001010	1070367.6	504.0000000000003
95	10110010000110100101101000111010000111010111011100110011101010101011011011110111100101111010110100001110011010010101101010101010010111010100110100010100000110110100101111011111101010101011101100010011000000001110110001110000010101011001	1070326.3999999997	539.1
96	00100010010001001100111101000010011001100100011011000100110101111110110110100000010011100000000110100011010110110110001011110100011110101011101001011011110011111110101110000001111001110111000010010011011101111110100010100001100010101101	1077828.5999999999	515.6
97	11100010011011110010010010001010111010011000100111100100110100110001001110001001110000111101110010000100110000010000000011011101100011010101110100000010100101000100101011001100110000101000001001010101100000100110010001000110110110101010	939093.3999999999	449.40000000000003
98	00111000011101011001100001100100110000101000011111010011100110001110110000111001101110001011100100111000101001010010011110111010111001011001010101010100000011010010101110111111010010011001011101101100011101101010111000111000101000110111	1074661.8	520.0000000000002
99	01011111010101110001100011000011101110000100011100000110100011110101011001100111101101110101101000001110110111011011010111000000100010111110010111011000000011110110101100110001111110001100011111100000011101011110110101011000111010101110	1161212.3999999997	553.5999999999999
