SOLUCIONES INICIO 

0	0011101011101001110110101101101000110100001110111000111001110001100000000001010110010000110011100100001100101001110001001111011101111000011100001011010111010110100101111101100000000101100011010000001000001000101000111010000100110110100	897259.9999999999	472.0000000000001
1	0000101000101110010010001010011110111001001011111000000110000000010000101110111010011101101111001001100000111111111111100001000101101000111011001010110001110101110101100001101001000110110010000100011111111101011010001001110000000101001	952585.6	499.70000000000016
2	0011101010011001110001111100100001000001110011000110011110010111100100010101111000011011001101001011110010110000001001111011100111110011111000000111000111000010010011111100010011110100000111000101111111101111101010011010001010111001110	1094959.4	533.1999999999999
3	0101100000010101010010100100001001001001001001010100011111101011001101001010011011010100111110000111110111110110101011100111101000101010100111101110110110101101011011111110101000110001000111101111111011111101001011101000011101011110111	1231107.4	571.4999999999999
4	0000110100110111000100000101111111101110101000001011011011110010111001010000100011001101111110100011101110111111110100011011000000011010101000011000111101111110001110100100010110011101101010010101000101101111000001110010101100000010110	979307.8000000004	524.9000000000001
5	1011111011011100000000000001011101111101100001001110001101100110000011001101101001100011100010011100101111110111100000100010101010000101000000001001011111010001101011000000110010110111010000110011011110001011011100011101000000100010111	887299.6	476.6
6	0101101101001011011101100001100010000011001011101001101000111001101010110000100100001100001110001001110100100101101101101001010001101110111101000101001010011100010001100011000011011001000100011011000111000111101010110101000010011001000	907897.4	472.4
7	1110101000010111110100110110100010001101010011110000011011110100110010001001100100001110010011100011101001001011001000011110100110000001011000100100000010100010110001101010001100111100010010001011110011010001000010100000011011111111001	1010458.9999999998	469.6000000000001
8	1101011010011000010101101010110001001100100001100110011110000000111100100000001110010011110011110010011111100111110010100110111001000110110010001101111101011010001111011110010001011111111100111000010101010001100011000101101011111100010	1119939.0	536.6999999999999
9	1110100101000111001011000110111100011101101100110110111101100001001010010000010001111100100101010011000010110100111111111011111000010000111100000011111110000111110010101010011111010110011000011100000010100011000011010011000100110011101	1003845.8000000002	521.9
10	1011011000000001101000010110000010011111010101011010011101000110010010110111111010110101101111100001010000000010010110001011001001100011100010111011011011111001110001110010100101111011110101010000010110001110011000111001110100110110011	1071314.9999999998	519.0999999999999
11	0110011110100100100111110110111100111010101100010011001000000010001011011011011100101010111101101000010101101111101111111111110100000100011011011000011101111111110110000000110110110111000011001011001010100011100000111101001110000111101	1086897.4000000004	554.8999999999997
12	0000111011110001101101111100010110100100001111000111111010100001001111101111110110100110010110110101101100111100111001010010110011110100000110010001110000000101010111111011010001011100001111100011000010100000011100001000001110100011101	996152.4	523.1000000000001
13	1101000011110101111111100110010001100000010001010110001101010011111000101010001101000100001000101111101010110011110000011100000110000000011011100100111000011001110111001101110110100111010000111100011101010000111111000000010001011011101	1007514.5999999997	496.09999999999997
14	1100000111111001000000110011011100011100110000011111001111101010011001011010100010010101111101100111110101010101101000101111000011101101111100001010011111011010001001111101110001100010001000000011100010011011000101111001001001000100101	937179.7999999998	516.5000000000001
15	1111011101000100011011010110001010010011111001000000110100000001011110010000101100111001101101011011000101101101011011101110111110100101100010100001101011100100010000011101101111111101101110100101000110011100001001010011000000101111000	1023621.4	524.8999999999999
16	1010101100100000011101011010110000100111011010111111010101101101011001111110001101110110111101110010101010010011110000111101011101110101111100000010011011100110101110100111110000111100001100110010001010010011001111001111000010000110011	1021017.0	556.3999999999999
17	1001101001100000100011111001100001011000010110011010111100010000100010111110011011010111010110100101000000000101000111110001101111011010010100100000011000100110011101100111001100100100100111011010001100101110100111010110100110001101010	1005141.6	491.0000000000002
18	1111110100001101110100011001000110101010011100110010001110110000000100011010001111101001100101101000011101101010101001111011101000010001010101000001101000000111001111110001011010010000110110101001000111011110001110100000010111001111010	1047863.3999999998	502.3
19	0100011101010011011101110001010110110001010010100101100010000001000101100010111000000001100011111111100000001110111111010011110000101101101101010100100011011000110101101000000101001111000110100101100111100011110111000011100011010100000	971263.4	492.5999999999999
20	1110101000100011011000000100111111010110110010111110011000001011000011111101011110001100111111100011011111010001100001110100011101010110010110110111001010100100101110101111101010101010101001111011100101010011010001110100110011000001010	1048585.0	552.6999999999999
21	0011000000010111101111010010110100100100101111001100001101101010100000011011011110011010100000111111101101111010100110110110100110010011101110010101010110010110100111100011000111000010000001010010110001011110100001100101111000100001111	952942.2000000001	505.0000000000001
22	1111111111101110011010000100111100001110001001101010000111011110101001010001101100111110000110011111001101011000011011111001111101010101111001000101101000101111100011100011010010011100001111100001000010011011000010011101111110011110111	1133921.8	562.4999999999999
23	1010101100001110111000011100101000001011001100101000011101001100010101111000001010101001000010100101100010101100101010000100001010100101110011100100101110011101111100101111011000010010001011011000001100100001100011010101110010110001100	942521.2000000002	469.0
24	1001111001100100110111001110100010011101001011101101000101110000110100011011111010100111000010100000100101101010101111001000111111011010011111001101010111001100110000101010101010101001110011000001010101010100011011011000001011111110110	1092843.4	531.6999999999999
25	1011111011111101001010011100100100100110101000100001111101000001101001111100100001000010010110100110100100010010001000011000100011001010101100100001010010011010011101101000000100001011011001001111110110000001001111010111111010111010000	1000669.7999999999	478.2000000000002
26	0000001100100010111010011001011001101111011010010110011010001111001001110101011011010100111001110100101101101001111111000101001010110000100100111001011110001010100100000110001111010110100110000111010101000100001111011100001001101011111	1030952.1999999998	515.2
27	1111110101001011101110100100111101111010010110011011101001101010100011010110111101000001000010110100110111001100110010100010101010000011101100110101011110100101100000100100101010000110011000001010000101000011001101110111010100000110100	906814.6000000002	501.80000000000024
28	0100001001100001100001001000100010100110111111001001101110101110001010010001101100100000110001100000100101111010000101101100001000111110010010001101111001100110111101110010011100110111101000101011011001101110000100001101011000101010011	983361.9999999999	480.90000000000015
29	0110101011101001001111100101010011111100110000100011001001101010101000110001011111011110110001000110101111100010011010100111011110010001110000110011011110101100100001111101111000010001101100000001010100011010111111001101001001101101100	1061447.0000000002	535.4
30	1110101001111011001001111101110011001011100111000001010101000010110100110101110001011101011110111100011010111001010111100100101011001000010010011100001110100100010011100000001101010101010101110110111001000100001010011101100010010100001	931057.5999999997	514.4000000000001
31	0101000110001101011101000001111101011010111100101001000101000111001100100011100110110010101001110011110110100100100100010001111000000110000111101001001010100110001011110110001111101111100101110010000011011001010000110001110110110110000	1057072.5999999996	510.8999999999999
32	1110011100101001111110100010000000010101010111000011111110011011010100011010100111010101010100011010011011110110101100001101111010001110011110100110110000100101111000000000010001001101111001010011011100110100001010111101110001011110111	1045201.7999999999	522.9000000000001
33	1001111010110010101000000011110110111110010001100000000001101000110100111100101110011001010010011001100111011101101101100011010110000011101111001101001100000011001101110110001010011001110101011001110110011111000100111010100000001110010	989126.5999999999	513.6
34	0011100011111001111010110111011010000100101110101100100101110110001000100100000010011111111001000111001110101010000101000011000111100011110100001111110011011011110010010010001111011011001001110111010101100011001010000010111100111111000	1144407.2	541.1999999999999
35	1001100101010000011011001100101011111110010010010000101111111100111011110011011111110111001110011001011100010000111010100111101001110001101001010111100100010111000011000011000101001011011110101000100101100011110000011001101111110101010	1120353.4	548.7999999999998
36	1010100100010000101011010011000010100000010101000001011100111101111001101001010011101110000110100000001000100000001010001000111010001100000000011001011101110100110110011011001111000011001011010011010011011001101110100000110100011000111	914133.7999999999	445.09999999999997
37	0001011001001010000101010110111101111000010101111110000011000000111011100100111110110000101000011110010010101000010010010101110101010101101101000010010011110000000011011011101111000111101000010011011100110001000000000001110100000111110	928877.3999999999	475.0
38	1000000110000011000011100100011011111000111000100011111010001011111000110011111001000101000010010000001110101110000110111101101000000001100100011010000110110110100100111111110000111100001100011011001000001111101100011011100001111000101	975316.9999999998	481.0000000000001
39	1110010000010100001001100100111111110101101001101101110110101101100000000100001010010101110011011111100010101101100110000100000010000111000001110110110000111110011010010111001010001001111001001001010010000000110101111111100010110110111	1005094.4	494.2000000000001
40	0000001101011011010001111110011010110000010100110101101001001001110000000001001100100000111010100100011000000011010100100111011111000000000000101110001100011101110000101110111101100010010100101010111110110001010000001110011110101001000	976183.9999999998	461.2
41	1011110101100010010010111110001110110101010001000010101011000111011101101100110110101111011011010000101111000110110010100111011110000100000111010011001110101011001111010100000110011111101001000000001000100111111101111010110101001000001	1011971.9999999999	538.2999999999996
42	1000110000111011101111100000011101011001011110101010000111110110100100111101001101110101100000010100011111001111111011011010111010000010110100011110100110000101001001000011000001100000001111110010011000101110010101101110011111001000010	994232.1999999998	520.2
43	1111011000111110001001001100010110111001111010101111101110100101000100000000111110001001011011100000100001110001001111010101010111010101010100101101111001110100111110101000011110011110000111110001000011111111110100101111001010011011100	1135861.4000000001	556.7999999999997
44	1001011010100001111001111010111100001011110010110110111111001100111010010011100110011110011101010111111010100100110111011011101111100100001010111111110010111111111011111000010111100101110111001000100001000110001110010111001111011100100	1196286.2000000002	607.4999999999997
45	0110000000100100111000100010011111010011010000111110101100110100001011010100111011110101001100100010110111100101001100111001111100101011111010011001101011110101101110000110110111110100000000001000011001001010110110111110111001101110101	1107528.7999999998	534.1999999999999
46	1000110001111110001111100001000111001010010100111001000101011100110000000110001010010001001111010011010101000101000101011011011101010000000100111100110100111101101010000111100100010101100110010100111100110110010101010001001100100001011	935868.7999999998	478.3000000000002
47	0100001100110101011110111000011111100010110101001100010011110000101100101010000101000110010100110010000100010100011010000110111111111001111111101010000010001001100110110111100001110101101110110101001010101011110110110000011001001100110	1027155.4	513.9000000000001
48	0011010101011111011000001010011110111001101010100000010101001101011011011111100100000010110001110101001100000001110001000000101101111011100011101100001100011100101110010010010101100001000001101000101100011010011101110100111011111110101	1090269.7999999998	504.6000000000001
49	0110111110001101011100101000111011100000101011100100100101100110100001010100100001010010010111111101100011010001000000111111011100100001001011110101000110111110011000110100111000010010000000111011001100100011000111000011001100110000011	902804.4	480.7000000000001
50	1101010010000000001111101101000101000011010110111010001100110110110011110001000110011111001110010010010001110111100101111111111110101101001001000001111110011000101111111010000010110010110010011010000010001110000101011101101111001101111	1106510.8	536.9999999999999
51	1000011111001001110010111111111101000010011111111011010111000100000111101111111111011001110101111011100100010010100010001100001011011100010110110111000000110010110101101000111010111100001001000000101011100110000011011101001011000110000	996767.0000000001	540.8999999999999
52	1111000000110100100100011010010110010000100110001100010100001100001100101001110010001100111100111101100101110010111110100011011010001100101111010111010001011101001101101010110111101011111111001111011100001110100100010100101110110001011	1117991.4	530.9999999999999
53	1111000011110101010110000111011110111001000100110100110010010110110111111010000110101101100001110010111111001110001010010111011100011111010000111001010010110110101101011010011101011101110101000100110000100111111100010100001001100010101	1021720.2	548.0999999999998
54	1011011000010100100101010000000100101011100111111111001001110100000111001011111111100100111100001011011011100001001010000001110100001101010011001110101011100110010011001000001110000011110101100111111111100101111001101000101010010000011	985929.5999999996	512.9999999999999
55	1010100101001001011000100100111010001010000101100100000111010011100000100101010001111001111011010101001010010110011001110011001000011010010100000111110100100011011000110001000010011101011110101101110010110010110011000010100011010111011	1011793.3999999999	479.7000000000001
56	1010100000110111001100000010010110100000011010010101000101110011111110111111111011000101000110000001110100000100011010110111001001001011110011110001001100101111010101111110011011111110111011101011011010101100111101000110011111000100000	1135303.4000000001	548.3999999999999
57	1110101100001011101001100110001001101100001101011101101001011000011011001001111110111001010110011000111111000011100010111100100101101000101111111101111001011101010110101001100010010101001001011001011010111111111110010101110001100100001	1080500.0000000002	559.8999999999999
58	1001101000110000011010100001111111100001101110011100100101110111011100101000001000100100010100011111010101100100101011100011000010011101110100101001100000001001111111001011010110101000101111100111100101011010011011100100001010110001010	1019711.8	509.79999999999995
59	1111101110011110001000000011111110011101110001011110011011000001001001111110000011001110101101000010110111001000100100110011000100101100111010110001001101010001110000000010111001000100010100111010011111100111001010101111111101010001001	1034229.0000000001	518.7
60	0010011011010010010110110101100001000111001100110001001000111001101100111001001001110011100000011011100011110010110100000100110100110101001010100110111100000101010000010000001110010110010010101001011111111011100110110101100011001001101	975522.5999999999	485.0000000000001
61	1110100111010100100000100011100001010011000001110010000000000010010001011111001100110101100001001011101101011101101101001001000001001111100100101011111101000110010000110010101101111011110111011001001100111010000101010100100011001010011	976581.4	483.2
62	0001001001001111110100110001000011011100001111010100101001110110001000000100010101110101100010111011111100110011011010110101001001000010000101000000010110111101110011010111001010111101000000100100001001101110100000011100100100000011100	877590.7999999999	466.4000000000001
63	0010111101011000001100111100000000000111010110011010000100100101000001111111111000001101111111011111110100011100001010100101000111101001111111111010100101101101011110101110101101111011010010010000111010011100011011000110101101101110100	1160636.7999999998	555.0999999999998
64	1101010011000010111101001010000101010010011101001110110100101110001111101011110000001011111111100011010011110010100100110110011000101110101001011001001000111001011101101110001000111000001001111100110011000011010000110101110010101101111	1048875.2000000004	525.4999999999999
65	1111100000011011111100111111101000101011101001011100011100100100010100100011111111000101010001111001111010001111110101110100001001110011000110010111101000111011000100011000110001010101010110011111101100100100010110110001010110011001101	1054895.7999999996	545.8999999999999
66	0110101100101001000101010001110100110100011111011110001101110100101000011000111010100000101001010010111011100010111110010100011001110011100101101101001100011010010000000101001001101110100110111000001000001100011111001011101011011011100	1047779.2000000001	507.3000000000001
67	1101001011011000100001100101000110110010100000001110100101011110001101100111000010100101101001111000011100000010101010111100111000000111110101011010010011001011001010001011101011001000101001110011000100111001101110101010110010011100001	984706.9999999999	489.20000000000005
68	0000010111000001110001011010011010111111101010000100111110100010111010110011101101111010010100001110001110100101101111001100010110101111110110100110011001011100001111010110000101110100100010011001001001010001000001111000010010000100000	887473.4	507.20000000000005
69	0100101001101000111010010010110100010110101001010010011100100100100101111000000010011101111010010110100111000010010010101010100111110111000010001011000011000101000010010110000100010111011111011111101111001111011000100000100000100100011	905851.2	476.0
70	1101101001100001100001110100000001011101101110110100101111110000000110011100001101111011000110011011111001111100110010110111111101100001101110011000011001000110100110101101101001010111101100000100101101000110000010001100111010110111101	1090219.2	535.3000000000001
71	0101001110010101111011000100100011001010000101010101001001010111110001110100010010001101111000001110000000000000101010111010111101011111000111011001111000111111011001001010100010110110000100100110110110011011011101101100001011010011111	1056794.7999999998	507.30000000000007
72	0111100110011110011010011001000011111101101111111001110001010001010101011100111000101011011101101111011001110101100001010110111111110100111111101111100101111010101010000011000010011001101101000110100011111000111101111010000100001101100	1082179.1999999997	584.8999999999996
73	1000110110001010100001100101111011001010010011100100000110100010101100110101000010111000101101111011100111000010111100010101001010100001110100111111111101011111110100100110001001011001000111011100110110011111110100010011100111111101100	1197053.7999999998	548.5999999999999
74	0101101011010111001011111101101011101000111001100110101101011110000100010000110100011010110110111101110110011001011101011110001101110011100010111101001000101100011001110010011111001010011000110011100000111011001110011001011100010100100	1042482.8000000002	555.7999999999998
75	1010001001011011111101110101001101010011000111010011011110010000110011100001100001111000011101011100011111010101111101111101111100100101111000000011111010101010101100011000011010001011101010010001011100101000101110010110101111011111111	1188709.1999999997	562.4999999999997
76	1100100101110010111100110000011001111001000101111111110011100010001000000001100000101011011110110000110000011001000101000000101111111111111011101011111010011001010011011010010100111000011010010011111111110010010000000010011101000011001	1013050.8	515.7
77	0111010001100011111011010010000010001000000011100001010111110101011010110111101010100101011001000010010110110111110110011110011001010100011111010011000010100110101001000110100011001110101011011001111100011001111011110010011000011100010	1026659.6000000001	520.1
78	1001100010111011111110100111010100010010010110001111000010011111100000111101101110001100001101110101110011000010100010101111010001010110111100100010001010000111011110000111100111111000101000111110110011001000101011000011010000101101100	1015565.4	525.5
79	1100100010111001001111111011010010101010111010101010111010101101011001111100011001101111001010001101000001010101111010001101100000001100010110011010000010011001100001010010001000010100110110110011001111011101101000111001001110100110000	1004173.9999999999	512.3
80	0111010001111011000101010000110011001111110010011101001000010101110010101001111111001101010101001110011100011001001111001110010110001110010010101011001110000011001011101110010101001101100011110101101001111101010110001000111111111110001	1213311.5999999999	559.3999999999997
81	1010001011000000100101001110010011000101110011011111010100101001101000001100110010101000001000110001001010110100011000011001001101110101111010110010101010000011100110100100001000000101001011000100011110110100001011000001001100011000100	831982.6	438.20000000000016
82	0110000101000110010010101010111011101110110011010001010010001110101010010111011100000010001100000110011000011100101100110010011001010101110100001000011000100100001111101010010100100100000110001110111011001101010000000001110010101101011	939207.3999999998	463.40000000000015
83	0111100110011100110011100011110001001100100001110110110110100001000101101001111000110110001000101000101011110010011001101111100011101110011010011000010111100100100010011011011110010110111000100001001010001110001011110101010101100100100	988122.4	512.4
84	1010101010100000110111000011110001110111011100011110000101100110011001110101101101010010110111100000111011101011011011101001000110011101001111011011100110100111011101010011010001000101101110011111100001111001010101111101110111001111101	1232424.8	583.9999999999998
85	0111111101110100100010000000000100010101000110010010001010011011011010001010110100011100101100010010111111111010000100001110101110100101011011010100111011110101101111010101001010011100101010111101001110011001111100110000110101111000110	1090498.4	523.5
86	0011110010111011100111110011111110000000011111011111111001011100001010101111111111101101101001000100111111001111111011011110101100100010111110100001011111001001100110011110011110001001000000001101010000101000011111000011000001000110000	976697.0000000003	570.8999999999997
87	0100110001111001101011100010011011000010110000110110110010011010101010110010111101110110100111000010110001101110100111110010110110000101000110001111110100100111110101100111000000111011100110011000110110111000000011011100000011101101101	1067187.9999999998	534.5999999999999
88	0000010001101110101001001000001111110111111101100111010000100101001001110101010010111000001101011001100001001101100001011111011001111101000111000000110011101001110001001111101000001011100100101100001111110101111101111000100000001010010	966415.5999999997	511.7999999999999
89	1000010010010010110101000000000111011111101111001001011110101010001011011011001001000111001110010100000011100011001111011110100111100010111000110101001001110111111011110000110011000011101000001011001111101100000010010000110111000100100	980409.9999999999	503.70000000000016
90	0101011010000100001001000010111010010111110010000100010101110001100011011110010001111011011010000100111111101111100000111010100001110010011010011111101000010000010001011111011101001001110101001101101010101000010100010110101001000110001	958383.7999999998	493.0999999999999
91	0100010111110101011000001111010100000111000111111111011100111000110111110100110011000100100100111111100101001111010111100100001010010100000111000110100011011100001010111101000001100010010010010010110000100010011110101011011000000001010	884470.2	500.49999999999994
92	1011110101110001001110010010100111011001100111011110110000011111001101101011100110001010000010100111001101110010110011011010010011010110010010001111011100110110001011110101100000001001010010011110111110100011010001111001100000100011011	988197.8	528.4000000000002
93	0101011110111001000001000110111000001011110111000001110001110000100111101110011110100000100001101101110101111110001000110110011100101101110001101001001111110000101010011000000100001110111000100010011100101111010100111110111111011100100	1107927.1999999997	528.4999999999999
94	0011111100010001110000010010101110010101000010110011101000010110100111011001110111110000000001110110001100100111110100101101011010110101011001100011010000001111001000010110000100010011011110111100000110010001110001110110000011010110101	967593.3999999999	489.9999999999999
95	1100011000010110110111110101010101011100011100000001100111111100000100000010011000011100100001110011011000111011011100111010111000000101001110011010110111110000011100011001011010100110100001011010010101001010011001111000100000101001000	910928.2	490.2999999999999
96	0010011000001110110111110111101010000100100010000001100111010010101110111000001011001111101111001111110001101111011101001010111011100010000100101011011011101001000010011011101000111111101110111100111001000101110101101001100000111010010	1080208.6	552.8999999999996
97	1010101101011110111001100011101110100011010000111110110001111100010000011010111101100111110111100100011111000101101010000111001000001111010111100000110111011101110001001011110111000100010101110000010011101001100101000010010111010011011	1065342.7999999998	546.3999999999999
98	0011001100101110010110111000011000111011011000100101000011111000011010111111110111101010001010000001100001010001010101001111111001011010010011001110111110110111101010111011000001010011110110100111100000011110111011001111100011010010100	1082600.5999999999	546.5999999999999
99	1110111000110010100101101001100011001100111101010110000101001100001001011101110001001001101011000100001111010110000110010000001110100100100101000010011011010011001000110100110011110011010011010000111111001100001000100111110001110011101	999162.4	487.29999999999984
