SOLUCIONES FiN 

0	11000110110111011111111111001101110110110001001100111001100011100111100100111011110111011011011101001000100101100101111011110001010111001000110000111011000011000101010100011110111111010100101100001111110010101010010111100101000010011	1186261.200000001	-1988.4
1	10110001001101000010110110000001101111101001110111110100001010110111101100011011111001111111110010000011001011111111110101001110001110000110010011000011010110011100101110111110100010001011110101111010000001111100110010011000100110001	1219063.0000000002	-2014.1999999999996
2	00100011101001000111101000111011110001100011001001101000011110010000011010111100000010010100100000110110000110011010000101110010110011011010101000000011000011101010100101100100101110111011010101011000010010001100110100110111000011001	967252.0000000001	-2096.8
3	10000011001100110000011100100111010001011100100100101100000010111000011010010011010110111000011101101000101001000010111000111001111010011010110110111011101000011001100011100001011011100111100101110100001000110000100101110110110001101	1093731.0000000002	-2076.7000000000003
4	11101000101010010101000111001001011011111000110101001111010110101101010010111000110001100111101000001010000111101111100011011000001000001110010111000011101010101111001010110110111111101011000000101000101001111111010000011101100101111	1134711.6000000006	-2034.1999999999998
5	00111111010010101001101100001111101000010000011110001000110010011001111100001110101111011111111001010111110010010010001001101010000110101101001000010100011000000011001000110101010111010001101100011011010010110001000011111001110100000	999994.8000000004	-2071.3999999999996
6	01000100011010001011110010000101111001000000010001111111011011111110001011011111011010011000011101110000110011000001111011000010111001010110110010111010011101111100101110100100010101011001100001000110100001011100110110001100110101110	1156904.8000000003	-2045.6000000000001
7	01000110101101001111101101000001100101011100001100110011011111111101111000111100111000011011100101101010101101111011000101101011111101111111111110101000111011111011111011111010100000110101111101111111110001011110111101111000100100111	1481011.6000000006	-1926.1999999999996
8	01000001111010001000011110000101101010010011100111110011001000111101111111110000100010110011010100110001101100110100110001010110010011110000110001000001110101010110001000110110000101100010001100011100111100010111110001100100010100011	994203.8	-2077.8
9	00111101101111001101111100101100011001110101010101101111001011000111111100010110010011111001111101010100011001101111011011111001011111011000111000111111110010110011101011111001101101101011100101010100111101100101100110001011100100111	1407150.2000000004	-1950.7999999999995
10	11100011111000110000001111101001100100110000011010011100011101010111010010000101111010001100010111111100101101011001111010011101111010011010110110111011101000011101100011100001011011100111111110101000110101101111100011000011101100101	1231953.4000000006	-2002.7000000000003
11	01110001110010011111011100110001111100111111011000110100000100001110111001111010110101001011110111001000011110110111100101011111111011111111110010111110110101111100000011001100111110101110101110100100010110100110111111111010011111010	1301123.200000001	-1939.4000000000003
12	01111011001110011100111100010111101110010100001010101000101011001010010100100100010101111010101010010001010001100101001100111100011010010101010001100000101000100111001001100100000011110000111000001111110000110100000111010000101000111	971308.0000000007	-2095.7000000000007
13	10101111100001111001100110100100000101111001001001100011000011111110100001011000000101111100010011101101111001000011001101101111000010111010010110111111110000110100100101010001101101111000100100110101111110001000000010101011010101101	1111807.0000000005	-2043.8999999999996
14	01111000011110110101011110100000111100111010001101110110111110100010001101011101110111111111110010100100100111100111011111001101101111001110011010110101110111101110110111111100000110011111111010010011111010000010110001101111111101011	1413584.6000000006	-1930.1000000000001
15	10110110011000000001100110110111001100011100111101010000000111100011011110000100011001000111100110101010111000001101000111110001010011001000110000101001010101111010011101110011001011000011011011110011111101010011001001011100101111010	1130813.6000000006	-2054.3999999999996
16	11110010000101000000111111101100100010000110101100011100100111011100011001010101111000001001011011010010000011101001010000001011101010010111001100101001110010111001010101010000001010000111111100001110000101101110111010100011100010100	1042919.0000000002	-2077.5
17	00110001000011111100101010101101110001001101010010101000110010011010001100101011010000111110100000111000000010110101101101001101101001101110100110000010100000001111101100101001110011001111001101100100001010001001001011100111111010000	1063771.6	-2087.600000000001
18	01101100010100110101101100011011110001011001001110110111011101110001101000110111100111000100110001110111011101010001011101011010111110111100111101110011011001100110011100110000101111100110111001110010011100110011100110010111111110010	1270799.000000001	-1970.9000000000005
19	01000110101101011111101111001001101011110000100011011100000010001101101010100111010000000111111110101010001110100111000111011101110100111100110010011001100010110101111000011011000010100111111111001000110001011110111101111000100100111	1185333.2000000007	-2017.8
20	00100110111010001111110010010101100111100010100001001001100110011011100110100110100110100101000110011000011100010100010101110101000111110111001100100010010001110100110100101010100011000111001010000110111100101110100100001011110100101	1045190.6000000006	-2071.399999999999
21	11010000110110000001001010001111100110011100011101110011101111110101000110001101110011000010000100111100010110110011100100100011000101011100100101110100111101000010010001100010000110010101101100000100110000001001110000101000100010110	997884.6000000004	-2107.0999999999995
22	00111100101101000100011100010011010001011001110100100101000111101001100001011100011011001111111100110001011001100001100001000110111100010111111011110010110000100110100111000100001001110011100000000111101011101001001000111001101110100	1070231.4000000001	-2071.8999999999996
23	01001101100110100011001010110110100010000110111001001100001101011110101001001100110100100010000100101111101111000100100000111110001111000110111100000101001010100100100101011101001001011011010010000000011011010001000000001011011010101	1030615.8000000004	-2105.2999999999997
24	11110111010100111110100000111010111001010111101110001011011001111101000101000001101110010101011001111111111001111001010111100010100010110100100111010001001101011011010110111110110111011111111110011111011101101100110011111001001010001	1314306.4000000006	-1949.7999999999995
25	10010100010011001011000101101101111000111001000001010100111001001110010010110101011011001100111111111011101010011001010101110100011111011101010111011111000010010010010110011101100101100101010110111110100010111100110110101101101011111	1211451.600000001	-2002.2999999999993
26	11001100011111010100110001001110010100010110010011000001001010010111100000011111111101011010001011001000111101100110111000000011100010000000001001101010100010010001001100110100000100101010011101101100001111000111111000011010111111101	1016671.8	-2073.8
27	11111001100100001001101100000011111010001000000100001100101100011111010101000010001111010011001100111100111000110101000101111111100011100011010110100100110001101001000100100000101111100001010010101100001001101000001111000100101110001	985608.0000000002	-2088.899999999999
28	10000011100100110111001010010001101100110101101101111110111100100000000011010010000100100000010100000010000000100010010001011011001010111101000101010001011101100011011111011011101001100111110100101010111010000101101100111100110110001	1089878.8000000003	-2082.6999999999994
29	10001100000100101101101110100000001001001111110111000101010110011110011010101010101011010110000101000010010110000011100100000011001010001001010101101111010101100110111111010000000101110001010101001010011110100110111010101011000110100	1092837.2000000004	-2081.7000000000003
30	10010011101010001110010010001101011010001001000000011111100101111001000110011101110110110100100000001100010001100101101100111100011011010101010001100001011111100101100000000000111010000101101001101011000011011001100001000000010100010	925875.8	-1885.8
31	11000100100110001010111101010000100110110110000110110110000101100011101101010001011111001101101111011111001001010100100001100111010001000010001111001100111010011101000100101000000010010000000100011010011000111010101010001000000111000	1019756.2000000001	-2109.9
32	00000101101010110110001000000111011111010111110000010000001000011011000011011110111100011101100000010100101001001111010101100100101011111100000111101011101101010001000101101100100000110011010011110101101000101110011101011010000110010	1068363.6000000006	-2069.6
33	10110010111101001011011111101101001001000100111111000111111001001000001101111111001101100110110101110111110101101101111111011001000010101110110100111011111101101110101100010111110110101011000110110011011110011101100011111001011101100	1313823.4000000006	-1943.4000000000005
34	10100001001011001101111001100000011010001010111111011100001000001101000000000110110110111000110000000001000110001110011001000000110001011000101101001111100000001111011001001100011100010010110011011001111110100111011000110100100111111	1011648.2000000002	-2088.7000000000007
35	01001000010011110000010011111101000111110001011110111000110011000111110100010110010000000111001111001111110010100100111100110011011010100101100001000101000101101101111010011101001110000000000000010111101110100010000100000100110110001	1123564.4000000001	-2089.1
36	00100011101000000100110010110001111111001101110010111000111101001110010110110110100100011001010110110111011100110100000100000001101000111101000001100000011110000010011100111001001111011001100000100000000011011001110101000100011000110	1026523.4000000004	-2094.8999999999996
37	01101000000111000110110000100010111101000110111000001011110011110111000111110010001111000101101000000011001101110100100000001111010011110000110101101111000100110000010011110111000100000101100010110000010011000111011110110001001110110	1075266.2000000004	-2073.0
38	10110111000010000110100110000001001000010111001101111011111011110010110000101110111010111010011000100000100101110100001010001010001111101011100101000110001010000011011011000001010011110001101001001001010010000101011101001000010110011	1024348.4000000004	-2088.8
39	10110011101100110011010001111100010100001111001000101000001001011110111010101000000000111110111010011111100001101111010100010010101111001010000010100111001111000001101000001101011010001110110000111111001000001000110011110100010111011	1031554.6000000002	-2059.5000000000005
40	01110011110001000110001000010111011101001001100010010111101111001101110001101010110010011001000100111110110000000000111111000000001010110111110000011000111110010010100011111100010001000000110110111010100000111101001100010001110101100	1073634.8000000003	-2080.8999999999996
41	01101100010001011111011110000011110011000101001100001000000001010110101111111010010001000111111001101101100001111010100101000110100000110100111001100000111110010100010110110010101010110011100010010010111000100000011100111000101111101	1066053.0000000002	-2072.6999999999994
42	01011111001100000011100001010010001010010110110000111000111111110000110000010001111001111111001110110011110011011011011111000110111110100110010001001010111001010000010100001010110100111101100110100010110000011111000011011000010001110	1090831.2000000007	-2062.100000000001
43	01100001101100100010011010011010100110100110010110100011000111110111001110111011111001111111010000000010110110110111100101011111110011111100111101111010001010011011010100111111110000001111001110010100110111110111001101101111111101011	1328182.4000000008	-1963.8000000000009
44	00110100111110010010101101011110000011001001111011111110100111110011110000101001110001011101111000001101001110101010111100001101111111100110000010011010010111010111001000011000100100010101100101010001000110110000101000101111010000010	1123328.6000000003	-2049.8
45	11000110110110011110001101101111101101001000011101001001000101100010100111101111101000001010001010001101000001010000110111101001111111001110011111010010000101111101011000101111011010000111111010010011111010000010110010110011000111000	1149195.4000000004	-2024.500000000001
46	00110011100100001110010100000100000010001001110010001010100011111101100011110101000000111010001101111001011111111000000001101100101011111101010111010111000010110010010110011101100101100101010110111110110010110101000111010011110111110	1132751.200000001	-2039.4
47	01000110110001111010111111101100101011100110110011101101000101101111111111001011110011101101010010010011110101010101000001100011011110000101000111010100101001001111000011100100011001000011110101100011110101100111001111110011010100011	1143645.8000000005	-2007.2
48	11111111011111111001010101100110001100001001111110010010010010111001010111010100111001101000110101101011110111101111101000111000101101111001010001010000111000110000111001100000001111010101011101101111100100001111001100000001100001011	1172777.8000000007	-2019.2999999999993
49	01011000100000110000100110101100011010101000100000100110111110011000110010111000000001000111110010100100101011100101101110100011000101011100100101110110111101000010010101100010000110010101111100001100111101001000011110100101011110010	1035305.2000000004	-2085.4
50	01100001101100100010011010011010110110000110010111101011000101100101101000111000111001011001100011101110000101100111100101001011100000100000101101001000001100000010100001010000001010011110010010010100110111110111000101110011001110001	945199.6000000002	-2093.8000000000006
51	00101010011011011101001110100000011110100000100111000011000000010001101001000101100110100110001000111000110000101101001010001011010111011101101000101001010100010001100011110000110110011110010111010101010011011111000110100101111010101	1055383.4	-2080.2
52	10110001001010101011100100111011101000111110010111101100100010001100111011000010010010111110110000001001011111110000000010011001000101101000011011111100001101011011001001010001000111011010000011101000111000111111110111101010111110010	1083172.0000000002	-2045.8999999999996
53	11111001100100001011101100000011111010010000001100010001000100100011010100001011101000110101010001111110110101100101011010011111011011100011011001011011000111010010110110000010110111100001010010101100001001101000001111000100101110001	1077187.2000000004	-2069.6
54	00101000001000101111001110011100011000110000011011110000110001101000001110001110100110111010100011100100111101000101001101011010111101011101000001101000010000101010110001010110100010001100000111000110100111010010101101101100100110001	1023059.5999999997	-2084.7000000000003
55	01010100011011100110110010011110011010100000101000101001010110011000100000111001001010010010000001100001010001111001111100010111000110100100110100001110001110011001000100010011001001001011001001011010110011000000100101110101011111110	971390.8000000005	-2097.5
56	11010010111100101000100010110010101110100000101010010001100111010110111111100101110100101101110010010110110011001010010101111111011010111011100100111101111111111110010100000110000111000100000111001001100011111011110101110000000001001	1141231.200000001	-2024.8999999999996
57	10011010000011110001010011001011101010111100111001101000100100000011001000100110010000111101000010100000110101001001101101010110000011101110101011000010100110010111100101011011100111001100011000000110111100001110111000110101011111001	1094432.2000000002	-2076.8999999999996
58	11011110101001001011011000011001000100001000011110110001001111101000111010110101011010001001010011010011010111101011111100100110101100111101100001000111000000000111101001110001110110110000010100101011010000000001110000101000111101000	1100035.4000000004	-2075.8999999999996
59	11000001101110011100111111000010111111001100111001111111000011001110101010001111100010110111010001101101110101110100110111111100100010110100100110111010011101111100101110100100111110011010010001110000100111101110100001001111100001111	1255803.4000000008	-1979.8
60	01101000111100100001110111000100100001000000001100110111110110010111011101000001100100011001001100010001001100101010010110011100010111111111011100011000110100000011111001010100010101100100110001110001011000100000001101011011000110001	1052071.8000000003	-2091.5000000000005
61	10011110101010111111001111110011000111100010110111100100110010111010010101100000110110110001111011110111011101001010010111111111011000111011100100111100010011001000011001001010011010111010111001010101011100100011111111010001110110011	1218253.400000001	-1972.4
62	00110010000100101001000100010100110111001111100000101110010111011001101001001111110001010100110100100010111100010010010011010101110100001100101100000011110001100100111111001100010100010001011101000000100001110000100101001111101010010	1065886.4000000006	-2109.4999999999995
63	00001111101000010010110110010110111111010100010111000010000111010110111111110100110011110010110001001111110111010101110000000011101111111011110001100001111100101101101001000101101010011100111011000101100111010101110000111110001111101	1184528.6000000003	-1994.7
64	00111011011000001000100111011001101010010011010110010001101110001011001111100000011110000001101100100010000000110100110110110111000000011010000101110100001101100010111101110110110011000110100101101101001001000000111100110100111010110	1070486.0000000002	-2082.3999999999996
65	11011100011111010100110001011110010111011111010111100011001001111000001100101110010110010110110110011110011110101100100001100001101110111101010110001001110110001001111111011001010100011101010101010010001010111101111000011010111111101	1318642.8000000005	-1991.2999999999995
66	01010101010000100110111101011011011100010100100110100111101010010110010000011110100011000011000110000101011110111100110111000001011101100000101010000111110111110010101000000001010110011001110100110010110100011101101011110000101110110	1035336.4000000006	-2055.1
67	11000110110110011110000111111011111111110011110000111001111100001111010110111011011101110101011110100100100000111111010000110110000110010010100111110100110001101101011000101111011010000111111010010011111010000010110010110011000111000	1184668.4000000008	-1995.0
68	11000110100101011111101111001001001011000100111001001010111011110000010101011101110001010001001111110111111101001001101000000111001100101000110010000011010100000100100010011001101000001001100111111111110001011110111101011000100100111	1046204.6000000002	-2040.5999999999995
69	00100000100011010000100111100101001100101111011110110010100111111101001011011111001100101111110001101001101100010100011110001011100001100100101111101000111001011011011010000100001001110111010101011111001101101000100010111010111010100	1103599.6000000006	-2030.3000000000002
70	00100000100101110100011010011101001101111010000101111010100010010010011100011000001000111111010111001110000101111011000100001101001011100011111001010010111000110010001111010011000011100111110100110111000110011101101001110000101110110	1091927.4000000004	-2056.8999999999996
71	00110101010101010001000100011011000001010011010110001110100001101000011001000111100100110110011010110101001101000110111111011111000111001010001101001101101000101110111000001001111001011101101110001101000011011111011011001001110111111	1122047.2000000007	-2032.8000000000004
72	00010110111101011001111111110100101101010111001001110011000011111110100001011100110101011001111101010101111001101110011011111001101111011000111000111101101010110011101011111001101011001110001111111111010011110100101011011111001101100	1397490.8000000007	-1937.9999999999995
73	11100001000000001011011111101000100011101001000111000010001111111101111000111100001100010100110011010100010110010011100111100111010011000010001001001100110010000111001010110110000100111100001101010011010011010000010100101111000011000	1023916.7999999999	-2088.1000000000004
74	10110010010000110110100010110010001100010001001010011010101010100010010000000101000001010011011101111011011001110001011100101010000010101010000110000001101111000101010000100001101110100001110111101100100111001010101011001000001101000	919894.8000000004	-1887.1999999999996
75	01100010010000100011010010110011101101110000111000010001111011001101111001001110000100110011000000111110110110110110001101110100100001010011110100010010010010101101111101000100000001100010001000101000001001111011010011010101000001001	1053764.2000000002	-2095.6
76	00110110100100000001000110000010111010001101101111010100101000001011110110110100100100111101100001100000001110100100111110011110101010110011011100101010100110011111011111101000101000100011110000010010010001100100010011000011000110100	1158266.6000000003	-2082.2000000000003
77	00110111111010111011101000010111011010010111011001110100110100010110101000000110101011000000111011101110010111110010110001100101011010010010001010010111110111110100010000111011101001000110001110011010000010111101110011010010010001111	1130887.8000000007	-2025.299999999999
78	01100011101010001100001111010001100000101001010101010010011011011100001101100000111111011000000101011011001001101000110001011010101001001010100010011110010101001000100101110110100101011010010101100110001010111101110000111010001000100	1008789.8000000002	-2091.6999999999994
79	11110000001111101011000011101111010001000100010011100101011100000010001000111000100111010001110110010110100101101000000110011111001110010111000000000011010101011101000100000001110011110011010010101011000100111000110001001011011000011	912356.6000000003	-1857.3999999999992
80	00111011111111001111110111111111001110000000011100111000111011101010100100010010110010110111111011010001101001100110000011101101010100010000110111110010000101111101011010101111011111110110001111011010101110001101011001110001101111010	1230326.0000000007	-1972.0999999999997
81	01110100010011110110110111000000000101011010000000100011010000010101111100001100101001100111100111110110110110000011111000101101101100110001100001011110111100000001010010011011010010000000011100101110101101111101100001010010101110100	1056078.8000000005	-2078.8999999999996
82	11010111100000001001010111000111000101111101110000111011000101001101000100000101001011111011010011111100011101101010001100011010111001100101010100100001100100100010010110010000101100100101011101110100110001101100110110101101110001000	1036726.6	-2062.5999999999995
83	01010100000010000010111011111010000001000010010011101100100110111001000000001111100011100111101001010000101000001011000011000111110111111011000110001100110111010101110110111101010111000010010001011001011110100101010101010010101101001	1152317.8000000005	-2074.2999999999997
84	10010010110111000001001101001101110010000101011100000110100110111010010110110000000100100110010100001101101011001000001111111101111101101000111101010101101001101111100111000101100011000000110100010110101011011101011011010001101100101	1133774.6000000008	-2055.2999999999997
85	00001101010000000000111110100000010111011001011111110011111111100000111101000101010111001010001000101011100101111011111000111101110010110011010101000101011010110111010000010001000100001010110010110111011010000110111100010000001001101	1094982.8000000005	-2060.2000000000003
86	11001011101000000100100110101010101001101001100001011000101000110010101011001100110110010110100000101100001000100000001110010101100000101110101101010011010000010001110001101001011101110000010010100010101011111111001010011001011111110	988161.4000000004	-2094.6
87	01010100101010011101101100101000110111010101110110000110001100110110101001111011011010101110110000100011111101100001001111010010100011001100110111101011001010111011011101001010110001011000111010111000000111011000110110000110111010111	1200965.0000000005	-2018.4000000000003
88	00110011100100011111010100000100000010001001110010001010100011111101100011110101111000011011100111101000101101111010100000001000010001011001011111101110110101101010101111011111111110011111110110001001111100010101000111010011110111110	1213007.6000000008	-2008.8
89	00000111101110111000100101101101000100110001001011000100111110000010000011100001000011110000110111001001001111001010101111111010010101001001110010111111101111100001000101100001010000110110010001000010100011011100000000011001001100010	1028922.0000000005	-2101.8999999999996
90	00111010010110001011001011100101011010100100100111111000110000011011101101111111010000000100100011011001111001100100100101001101000000010010010100000000010101000000111011100101000000111100000101000010000011101100100101110010101001110	971507.2000000003	-2117.2
91	10000101001111001001011000000000010111001001001110111011001110011001000011010000110011110010110001001111110111010101110100000011101111111011110111011010010011100110111011100100001111111101111110000100100111101111001011111000010100000	1241744.8000000005	-2020.6000000000004
92	01110100101101000100010100010011110111100010010110000110011100010111001000110111110111101110010011011011111111110111000001011111101110010111110010101110111111111100010111101000001101000111010011010010001110111011001001111001101111101	1347617.800000001	-1976.7999999999997
93	10011000010100110001110101101010111010101010000010111001011011111111010101100010011111010011110110010110100101101000010110001111001110010111000000000011010101011001000100000001110011110000000101110101111010100001001110011110101100101	977717.6000000004	-2056.3999999999996
94	00111101101111001101111100101100011001101110100111111011111110001000010011010010010101010000011010000111111011100001010111101001010001001010101011000010010100010111000101011011100001001110111010010100101011100000101110001011100100111	1134422.2000000007	-2031.7999999999993
95	00110111011001100100010101111000010111101001101101101111111001111111101001100110011111111111101111101011001100110111010111001111110001001100111110110111101001111111100000001111111000010111101100011101010011001101100010111011000110001	1263128.2000000002	-1949.5000000000002
96	00110100101101000100011100011011110001011001001110110111011101111001001000110111100111000100111111101100100111111110011111011011100010100111011101001101000100100100010100111100111010000111111101111011000111011011010010000110100111100	1228130.6000000006	-1995.6000000000001
97	10111101110000011101001010100011011001101100010001010011010110011000100110001110011101000101000011100111011111111010011011000010111000010110000111010001001100011011000110000000001110011110001101111110000111000010111001110000100101110	1061168.2000000002	-2067.0000000000005
98	01110000110110100100110100100011011101001110010101011010010011010001101010101100110000010100100000001011011110000001100010111101001100011111001010010010101101010101000000101011011110011111111000111010110110111101110001010100111101000	1029569.4000000004	-2054.0999999999995
99	01100101011010010101010111101000111101110001000101010010011011100010110010101000001010101010001110000001010110111011111110011111101011001100100111000001101000110010101110111110011110011111011110011010010011101111110110100001110100000	1200452.8000000007	-2017.6000000000004
