SOLUCIONES FiN 

0	00111101111111101101101011000111000110101101011101110010111101011101110011001100110000111110011101101101000010010101101101010101011010111010001011100111110101100100110111011011001101100011101100001011000000100100011100011000011011010	1246907.8	-2005.7999999999995
1	01110001101110111100111001101101110001000001001000101101101011001010100001100111011010011001101010010011101111101111100101000101100011010010000101011101111001011111101110111110010100100001000111011001011101111001111001010010000000100	1253946.0000000005	-2023.9999999999998
2	01001000101110100011100011101010100110001101110010101101011001100011110011110011100000111001001101000101010011010100011001101110000011110110100011101101001101110101110110010101111110011111110010010001010000010000110011000010010111110	1150833.5999999996	-2040.8000000000002
3	00000101000001011001101011101110111011111100011001110010010101000011010000000010011011100100001000001011100000011011000000111100000000011101100001110111100111100010101110011100011100100101010101100011011010010101100100100011011011010	1020268.0000000001	-2102.7
4	00111110110010110001101001010010011011001010011101100000101110011110110111111011010110110011110010010100010011001011100110111110011111011101010111101111011001110111111011011001111011001001001010100001011110000101110011011000100101100	1329240.7999999996	-1984.1
5	00110111110000100000000001101000111111110111000111011100010001101111011001001001000111111001110100100111011111101001100011010100001000010001000001010001010101010110111110101110110001001001010011010110100011001100011110110000011011110	1104353.4	-2054.2000000000003
6	00100010000001010110101001000000110011110001101100000111000010100110000110111001000110010110101010000010000110011000101000010001110110011100001101101101011011100100101000010011100101111000101111101011101101011111110000011101000010000	924611.7999999997	-2101.2999999999993
7	11100000110111010101000100001110100110101011000101110011101001001110000101100011011100010100010110011001100000100110011001010111101111010111001000000101110100101010101111001111001110010001101000010001110110011010011100010011100011111	1128520.0000000002	-2062.8999999999996
8	01010011011111101011110101110000100010001101001111001101000111010011111010010100110111010100101101110001011010000000110010011000000000001101110000001101110000000010001001001000101000010110010010100011110010111010100011110010001101000	892423.2	-2109.6000000000004
9	11111010110010110011110010110000101100011000000100100110110100001011100101010101011100100100110110110111010000101011010011000110001100010011100000110010011100101000110000010011000001110110011101010101100010010110000011010101110000011	915595.8	-2097.9999999999995
10	10100111110111011110111010011100011011111011110111011000110110001011110100010110011010010111110101010001110101010001011110001101011100010110100110101000011100011101001110010111111000110111001101011011110000110000110011111000110100110	1185637.2000000004	-1987.6999999999996
11	11000111011110110100110000101000010000100011010011000101011101101100100010101000110001010000111001111000011101110010010110001101101011101110100110000001001000010011000101001110001011101111001101100010100001011001101100001100111011010	1007397.4000000003	-2080.1999999999994
12	11100011100101010101110010011000000101011100100100101001101101011110101100101110100011000000010000001001110111110001100000101000011010110000001101011100111111100010110010100110011001100100000111110111101110110000001001111100000000011	1014968.6000000001	-2078.8999999999996
13	10111000011111011100011101111100110000011110111011001110000111111110011111101101110110000100110011010111010110110011101100100011011101101010101110110110011010011101110001100101011011010011011101011100010101000111110110111111101110011	1266756.2000000002	-1946.4999999999993
14	10010110001011001010001001011110001111001000010101100010010111001010001111100110000010010001010000100010110110101101110000110111000100100110111010110110110100101011010100100000010111000100111111100111110011001001010000010101011100110	1036155.2000000001	-2071.7
15	00100100001010001010110001011001110100000010000000110101110101010110100000011000110101101110001001001000011100101101010001011111010011001010011001100100000000111001011101001100011110110000001110111010010001111010001011011011010101101	1044669.5999999997	-2104.1
16	11111011111101101111111001101110111100010101010111101111101110000000100011110111111001011010111010100110001111010111001111001000111011111111010110000110011101000100011111111011011100101110111001101111001111110101000111101101000011000	1364190.0	-1926.1999999999996
17	11101111101101110101001111101101000111100110110010100111111001001110100111111011110011101111011011011010011110011110011011110101001011111011111001110001101101011001110000110110110001101111010110010110100010111100001100110100011110010	1316023.4000000001	-1941.8
18	10001110001000011111110111000100110010000100001101010100111001011100110110100100010000000110101010111101011010010000110010011001100101000111111110000111000011010110001100010101001010110010010101110110001100110001001011011111100001001	1030126.3999999998	-2080.5999999999995
19	00101010111110010011111101010101111110111100000110000010111110110111000011011011101011000101000011100000110011000010010011000011110010000101100001100011011001111101100111110011011101100110111111010000101110000001010110011100001010100	1146148.5999999999	-2032.1999999999991
20	00001100110010111110011011000010110010111100100011011110010001101011000011110011111001011010111110100110000011110111101000000110100010001110111000011001000010110110011011100011111001110111111010000101101100001000000011011110110010001	1096938.2000000002	-2043.0
21	01101000101001010001101101100000111001111110010011101011010000001010000000101000110000000111110110010001011110001100110001101001110010010101110010110001110010101000111101001100111100111011101011001001111000100001000010001110000111011	1090283.7999999998	-2086.5
22	01000000011110010010001110111101000001011010110101010100111000101110011111001010001111111110011011001111110001101111111101101000101111100010110110011010100010001101010100010011010101001000010010101110011011101110101101101011011111010	1172833.5999999996	-2007.8999999999999
23	01010001001110000110011111011000010011010000110010000100011010100101100010110000101100101010100110101111111101100011000010101000100111101011111010101101010110111011101011000101110010000111111101011001001110101000011000001100101011111	1143639.0	-2045.7
24	10101101111001100111100000001101010011011010010000101000010010100100000001110101110110001010010001011011110011110111000101110000001110000011110100011011100110110111101110011000001000001111110010010011001010110000111001000101100001101	1158735.2000000004	-2074.3
25	10010000110110101000100101000010101100010000010111010011010110001111001000000001000000001100011001010111110010110011111100100011011111001100011011001101000111010010011100111100111011001000011001011101000001110111110011011011101011111	1164645.2000000002	-2059.5
26	01110001010110111001011010101101110000000100111110110110011110100111011101100110100100010011111001011001111110100011011100001110100011000000101001111100101101110101010110111111110001000001111010110001100010111101111010111101111111011	1280203.4000000006	-1971.3999999999994
27	01000001011010001101001000010011110100101100101110011100011011000101000101111010101010011101001000010000011000001100111110111010001110100111001101001001100100100001110110001001101000101011000101011100101000111000011101111110101100100	1064652.5999999999	-2080.0999999999995
28	11010010001101100000111001011101011111000111110010001011111001101001101100011101001001000110101001101100011010110110010000110111111100111000110010011001000000110011011011111110001111000100010011101011011000100011011101010011100111010	1223218.0000000002	-2026.8000000000004
29	11000000000011111100001110011010011001011101001110001010100100000100000000100101011110101100101111100001101011010110100110100010101000010100000010010101011010110000011101100101011000010010100010000010010101000011011011100001010011110	955279.6	-2129.3
30	11011110101101010001010100010011001101000011100001001011110111101000011110101111101001011001110100101000011011101111111011011000110101101110110011001010001001001011101101010000011110001101100111100111111000010111000110101101001101010	1209231.3999999997	-2011.6
31	10110000000000000010110100000101000011110011010001110111001001001110001110110001101101011101011010010001010011000001011000001001011010010110100010111111111000010100011110010100101011101100001101010111001011001001100100111100111010010	1012337.1999999998	-2088.2999999999997
32	10000101011001001010101100010100110000111100100011011000011011011100010010000010001011111110100110001001111011111001000000001001111110011100010010011110100100110001001101100101011100000001111110010011111001011001111001110000100111001	1075258.8000000003	-2074.6
33	00010110000010000000000110101011100100001000001101010101100010101110111010001010100100001101111110010100001100100011110011101010101001001101001011101010000011000001010100000001100011111010111000101100000001111100111010101010011000010	899276.3999999999	-2125.099999999999
34	00011110110010011100110110100100101111010010110101001010100010000010010000011110011001111111001011011100010110001001101001110100100100110100001000101011000100011111001010100010111001110000101010110100010111110100111011111010100000000	1018886.2	-2075.7
35	10101000111010101010110111001111010010001001001000011000101110000001010101000110110000110100101101001100010111111101011001001000100001110011001000000000111110010011000111111100010010111001000001001100010110100101011111011110011100000	1092377.9999999998	-2092.3999999999996
36	00011101101111111111110110111010000100001111111101111111010101010100010110111000011100100010111111110010111101110111001111010111111101011011001110010101110011101100000111011010111111110100111010101111001001101111111000100000100111110	1336412.4000000001	-1928.6999999999994
37	01111000011100111010111101010101011101110010111111011000101010001011001101110000110110110010110101100101100101000010111010000111111000100100001000110111101100010110101101100101101100111011110110111100010111111000011111010010011101011	1177348.8000000003	-1994.1999999999998
38	00010001100101001100001101101010101000101001111111100001100010011101001100000000101110100001001101101010000100000110111010010101100010000010000100111011110010100110111111100011000010100001010110011011110011100101101110010001011010100	1031506.6000000001	-2093.4999999999995
39	11000101000000000100010001001100110001101011000111111110011011001101011101111101000111000001000111011000000011100110011111011000011100110010000001100100011001011011100010100001100101001000110011100001010100001101100010000001001101011	966505.7999999999	-2109.6999999999994
40	01101011011011011101010001100100101101000010110000110000101001100111001100011011100000011001010011110010100111100110000011000001001000000001100110111011001111011010100100010000000111011000010011011100001011101001110101000100011001100	953566.6	-2097.3
41	00110110111001011110010110101010010011101111100011111111110101101111001110110111010011111010101011111001101111110110010001010011111110110101110110110010100000011110100101111100010101010110101001111101111101011010001111000110101111001	1332798.2000000004	-1935.5000000000005
42	11000001111111011000110111100111010101111110110111001000011101011101111100010111101001111010000001010101011110111000000110001111111110111000111101111111110111000111110100011100100001100111100100100011000001001110110101110111111111011	1318508.6000000003	-1949.1000000000004
43	11001110000110101001010110100000010110011011011001001010000100101111010110100110001101110101101000010011110111010101010010111000001101010000111110001110111011010100110010110001000101111101101011100101000010010010000011101011010000110	1083170.1999999997	-2065.3999999999996
44	01010010000101001111011100111110111011101000100000000000110101101010011100011111101000011111110110111111000001111100010001000110101101110000011111010000000011100010000111001110110111001011011010001110101110111110010101001000110110001	1056349.4	-2035.7999999999993
45	10001110110100001011101010101101111110001001011000110001000011001101001101111000011111011100111010001111010111001110010010001111100111111101101011111010101011010001100100010100010011001011011101010110001000111111101000110111100011101	1185319.0000000007	-2005.7999999999995
46	11001101111111010001111000110001111101110010111111111000011100111110011110111110101100101111010011111110001000000111010111100110111010001000011101000100001110101011100001110011101101110100011111100010001011101001110101011100100001111	1197744.2000000007	-1967.399999999999
47	11001100000110001100111010111010011011111111100100101011101101011110111100111111000011000000110000001001110001101101000001001001000111100001010101100111010100111100011001001010001010010110110001000000101000000110000010010111111101111	1036427.6000000001	-2059.4000000000005
48	11101101101110000110011011010100111111111100111000001011000100011111001100000001100101101011101111001000000011110100001110110100010000110011001110010011111110110110001000001110101000110110011011001101001011010000010111101000100101110	1017401.9999999999	-2040.9999999999995
49	11101111101101110101001111101101000111100110001011110010011011100010100111001001110001111111110010101110001000011110110110111000111111100110011100011100100111010111100101010100100010110001010110010110100010111100001100110100011110010	1233815.0000000005	-1994.3000000000002
50	10001100011101011110001000111101001000011010100011011010000110111000000101000001000100100000010001001001000001011100001011011000010100010101110101011010101010111001011101001000001000110110110011010100100010011101100100111101011100011	1032185.6000000001	-2108.0999999999995
51	11110011101001110001011100011000110101011001010000101001010110001001001001011001110011101000100110100111001011101101111100110110010011001000000100110010010000011101111000001110000001010000001000100111000101001011011010101100101111100	1018714.0000000001	-2089.7000000000003
52	10111011010000011100110001111000001010111101100111010100100110111001101001110110000000000100010010111111000110101010011000110010000110111110011110010110100010001000011101010000000011001000101000110010011110110000011100011111100000101	1060726.6	-2081.6000000000004
53	10000001000111111100000011001111101110111100101000010111001100110101010111101100010001111011100000010000100111100000000100001001111011010110001010001100100001101001010011101000111101111001000101000101000010001101010010110011100100011	1036622.9999999999	-2090.6999999999994
54	01101101110000010101110100010001111011001000000010010111011101010110010011001100010010001000111000110010001101101111100000000110111001000010110100001111011101100100000100011011010000111100000101010000010000111000000101101110100011111	963001.0000000001	-2102.2
55	10110011101000000100111000000110101001011111100111001100101000111001010000101010100001010010001100010111110000111101010100001011101010101000100100111001100001011110000010100001001001011010101010001000101011011100001111110111101110001	939317.4000000001	-2085.9
56	01101100000111101110000111110101011111100011000001111011011101100101000010100011111001000100010101001010000110000110100011111001001101000101011000111110010111010111100100010011010100010100011111010100011101001010001101100010010111011	1086481.0	-2059.6000000000004
57	01000001011000001111010111111010101011000010101010001111101111001011110101011011010110010001001111110101111001010001011111100010010111001011110010101100000101011100111000011011000001011001000110100100101111001011011101111110101100100	1159339.9999999998	-2022.5000000000005
58	10110101000110111110101101001010011010101100011110110101010110010010010110100001100010001011011101101100111000110110000000001100111100100110111000011100101101000110001011011110101001000111010100111010110100101001010001110101011100101	1090610.8	-2041.8
59	10101010001100101100100010111011000000011001101100111010100001001010100010000101011011101010100011110000011000110001001111000010100000111001010111111001101100011100001011100001000100010110001010001101110100010100011010110000111010111	984379.4000000001	-2100.9
60	01101011110000010110011111110111010011110110001111101000000001001001000001101100101111010110010000001001110011011100101110000110000101111000000110111100001010000100101001011101000101000000001101110110101110111010010001011000100011000	1004994.2000000001	-2083.0
61	10010000011011001001110101101111000101110101101110101011101111010101010000001100011001111100100001000010001110101010111000110100000100101101100010111010111000101010101110100111001100000000001001011000000010110110001011101100000000011	1037226.2000000001	-2096.8999999999996
62	11100101001000110010000110000110111111110000100100011110110010100010000000100100110001001111011000110111110101011001000011100000111011001000000101010111111110000110011011000010110101100101000100111110000100001010001011000001010000011	984064.5999999996	-2108.3
63	00100110001111110010011101111111000011110010110001000101111110011000011100011101011000011111001011011100010110001011111011011111111100010000110110000111110010000001000010110011000010101101111010110001010101011011000110110001101101111	1110379.5999999996	-2017.1000000000004
64	01100111010001100101101100011111110111110111001111100010000100011111000010110100101010101011111011010011110111010001110110011000001101110000111110001110111011010101110010110011000001111101001011100011100001010000001111010001000001110	1184360.6000000003	-2014.0999999999995
65	11011001010001001011010001110000010010101100010110000001111010111100011001101101001000100000111101010011110100111100110111100111010001101110111101100011000010010101010110111000001110011110011100100010100001111000010011001001010000010	1148607.2000000007	-2071.1999999999994
66	01100101001011011001100110100101111110111101101111001001011001111000111111100001000100100100100111000000010000101100110110001011011111100110010011011001111101101110101100100101000111011010101000111000101111011100001111110111111001100	1147215.2000000004	-2011.1000000000006
67	10110111110001000100101011100101110011011001101000100000010011101011000101110110111101011101010000100111111110010100110001001111100101000110010110011011011001100101010010111000100001000111111010110001110000111101000010100111011011101	1154073.4	-2031.4
68	00111100110000011011111000001111111101110100011111001010011111000110010001000110111100101101011001111111110010101010010110011010010000101010000000110011010000111000001011101011101011010011110000011110111001000001011000001011001110100	1080861.9999999995	-2047.7999999999993
69	00000010011000000011011000000001000111000000110001010011101100010010010001001111011101010100000010001001101001010100111010111011010111000101100011101110011110011010110001011110010110100111000010100111100001111110011001000101111110001	1060000.6	-2095.4999999999995
70	10111110101010111011111101011100100010101101010001011011011000011111001110111101010101000000110010000011010011011111100101110111010111010111001110101101100111101010101100111110111101001111011000101011100010010111110110011000110011010	1303204.2000000004	-1970.3999999999994
71	10111011010000011101110001111000001010111111100111010100100110110111001100111111111011111101010001001111111101100111101010000100110110110111101100000001011001010001001100011101010110100100111111011111110111111001001100110010010100111	1206183.4000000001	-1972.3999999999996
72	00011011101011101011001101110001000101100000111111101011110110111111001101111101111111111000010000100111111100011111100101001011011111001011010110011110000000011000110011100010000111010001010110001010011011001100111111010001001111010	1181495.0000000005	-1989.6999999999998
73	01101100010101101100101111000010110011100111010101110000010100001100100110110100000100001101101110001000101000100011001011010100111100010010001000110101000000110101000110001001110000000010100111010100000011101100100110111110110001010	931551.0000000002	-2112.8999999999996
74	00100001010111111111000001111000011100101011100111000011111111110001011010111001011010011010111100001110011111111111011011110101001101100101100110100000111100000100110010010001001110000010000110100110011100110101010100111010011000011	1152202.5999999999	-2028.4
75	01000101101010011111111110011110101101111101101110001011110010100001111000111011110000011111011101011100010111101010001011101110011001111101011110011011101111110011000010100011111011111100010110100011100100101101010101100110011101001	1227081.0000000002	-1962.5999999999997
76	01011010110000100001001101100001101110000011011101101001000001010011001001001011001110110010111000100110101001010010001001001000110000010111100001101001001000111100010001101110110100101001100000000010001001001101100100010011111010100	905686.0000000001	-2117.2999999999993
77	00000110110101100000011111100110001000000100110101011101001010000100001011001010101110000101001100110111110010010000110011001110011111110100000000100110001000010010000101110100000100110110001111000001000110111000011010110111011110111	978101.6	-2100.2
78	11011010110011010110000001000000101110000111111101011000101111110100011110010011101111001100000011111010100000111110001111111111011000010110101001100110110101011100110111101011111111110010110110101100000101101011101011011101011101001	1274842.4000000006	-1979.399999999999
79	01010111111100100010010100000110101001011111100111000010111011010111011110010100011100000111101011101011001011011000101001110011111111011010111110000001010000100101010101100100100000100110001101110011000101100110000010011111100110010	1114292.7999999998	-2043.2999999999997
80	10111001011110110001001001110011011100101110011111010011001001101011101000111000010101101111000000001111100010101001010101000000000001111001010011011000010011000110111010011010000111000101101111010011010110110000011100011111100000101	1089750.5999999999	-2062.1
81	01100111101000011000100111110011111000110010111110110010111011111111010100100110100100110010110011111000010111101010101011101100010101000011100101111100110101100011100000110110111111101000011101100000110011000101011101001000100101011	1169826.0000000002	-2005.9999999999993
82	01101111001100011000101111001101111100111111010110101011011101111010101011101011110111101110001101110001000010110101001110110010100101011101011001111010110111101011011101111010111000010011101101100000110110111001111100101110111100011	1381910.0	-1952.6999999999994
83	01100100000011001110100111110101000101110101110111110100111111000110001011011010010110101010111011010011110011101010001011100100000011111111011111011100100110011100110110011010001011110100100111001110111100111011001111110111111001100	1267967.8000000005	-1967.8000000000002
84	11001000001110000010010101000011010010010101101110101111000010000000100001101100100100101001011111010101110101001010101100010000011111100110010000011100000010011110001011010010011001001001011010101010110001010100101101011110100000000	959994.8	-2113.0999999999995
85	10111111110000100001111011010100101000001110111110110011000110011110001100101011001110111011100001010111010010100000111110110001111011011000101001100100000110110010000111010110111011011111111110010001111110000001000110100111010111010	1118927.9999999998	-2002.2
86	10110011011101111011101111111000100001110111000000001000111110100111001111000000100010001100110101111001100111001111101010111110100011111100001010100110110101110100111000010101110110111010110101100110000110100001101010000111000011001	1178606.4000000001	-2023.1999999999996
87	10101000110110110100000101011111110111110111001011100010011011111100001110101110011011010110101101100000011100000011000001100011000001000001100000100010111100000010000010011100111101001101001111110100000000110110100110100001001001110	890764.7999999998	-2090.2999999999997
88	11101101111011100111010011011010011110100101001111010000010001100011000111110110111101001000011110001111111101100011000010101000100111101011111010101101010110000001111100100000000100100101111101110011101101011111110100011110011100101	1194723.0000000005	-2000.0
89	10110001110000011110000111101111011001100100110101111011000010010000001010011000100101101011001100011110010101101000001011100101111010111110111100000110111100011001100100110000001001111100001100010100011110101010010111001100111011100	1103959.5999999999	-2049.9
90	00100011000110010110000011100001111011010100000001011100110000111010101011101001001011000010100110101101011000101001100110000100011101100000110111101100101011000110010110001011001101101101110100000101000100011101101100110010110000001	995186.3999999999	-2094.8999999999996
91	00001110001001111010111001001111110010001100000111010110110110010100010000010111011111110111100001000000100110011111010000000011100111001000011011100100000100011010000100100000100011100010000100110101001111000110000010011110101001010	915071.3999999999	-2113.8
92	10111001011100001111011101111110110111001101101011111111100100011101000001011101001101110010000011010101011110110010010001101111110010101110111011011001010000101011011110101110110111101011000100101001011001011101010000010000010111101	1262537.0000000005	-1983.2999999999997
93	11100101111011011110000110111010010011101111100011111110010101111100001111001111101101011001010100101001011011111111110011111100110101011110001001111101110110100111101001011001010111111001111011011010001100111010100011100101001011111	1358349.6000000006	-1929.8000000000002
94	11001001110101001110111101100101011001101000110010010000001110011100100001010010010011100101000010011011001100001000111110110001111011011000101001100100000110111111001111110111110010001111011000011110101001100100111100100100100000010	1152677.4000000004	-2059.5999999999995
95	00101000101010001001001100101000101101000011110011110100111001001000101000101110011000100110101010110011011111110101010011111001101001001100010000010001011010110111111110001000100100100010100111010001010111000001000110100111000001001	1126002.9999999998	-2095.3
96	01010110001001010110000111101011111101101010100000111101011110001010011110101001000010001011101100100000000100011110101110101100110001000010000100111100110000100010101001000111001000001001001111000001010110001001111101100111001000011	927198.0000000001	-2092.2999999999997
97	11110111100000011010010110110011100010010001001110000011011101010111100100101110010100100110100110111101001100100001010101101111000110100101101010000100000010100000111011111010110100011001110010011011000000001100101001011100010000001	1097440.6	-2093.6
98	01101100010000001110100110000001000111010101101111001100111111110010100111100000110100100000100101000111100000011101110001001000010101010100110111101110000111001001001101001101111000011000001111111000010011110111110110011111101001101	1068892.3999999997	-2053.499999999999
99	10010011110001110110000111111101001111000010001101111000100110100000100001110101011111100101000000000101011010100100011001001000111001101100011011001001000010101000001000001001110011010111001100011001000111001111000110011101100000000	900723.7999999999	-2104.3999999999996
