SOLUCIONES FiN 

0	00010010101001000011010000010000100100000010011101010001111101000110001000101011001010100111111111000011110001101100100011111011010010100010111000001100111011100000110110100100110111011101001100011011011111110100010011101111110111101	1169764.4000000004	-2055.6
1	00111010001100001000011100111100001110010101000011101011011011110010101010000000100000000000000001010101011100100000100011100111101111101101100001011110010111011110111111010000100010111011010011111011000110000110101011110100110111010	1255334.8	-2058.8
2	11100001000010110100011011000010001000111111111111010010100111011100000010101111011001111000001010100010111001101001000101010010111010000110100101101110111010100111110100010011111100001010000111100001000011001010001000010000100011110	1165097.2	-1847.8999999999992
3	10000011011010011010110001110111000111110010111101110100001001110001111100010101001101011111001001010000101001100010110001011111010001010000101001101110111010110111111100101100010111111011001001100100000110110110010010111011011100100	1302520.6	-2024.3999999999999
4	11101111101011001101110000001001111000011101100110001010011000101110000111011110110000111111000011001010110111110000100101111101000101101000110110100000010001001111001010110011101010101001111010001110010101000001101001001010100000011	1182241.6	-2057.599999999999
5	11101000100001011101011011000110011111110110111101011101101110001010111100001101100010011100100010010010000001100111100010100100001011110010101100110001010011001111110001010010000111001001101011100010101000010101011100011001011110111	1168315.4000000001	-1810.3000000000002
6	11011001010011000010001011101110001101001100100111001001010100110100111101110100111111000111010100100011101000011011110101110100000110101010000000111101010001011000011001001100101001111110101000101011001101010111000100110011011101101	1129328.2000000002	-1822.7
7	10111000111011000110010011101111101000001111101000010001100101001100001010000011010101010011000000011001010110111010101111100000010010010101010110111000010100011010000101111110101101011111100111101101011001111000001100100001011100011	1186514.0000000002	-2057.8999999999996
8	01100001101111101101011011010001110100011011110011010110100001111111000100111100110110100100101110101010110001011010101111001111100001101110111011011011001010001111001111000101110110100111100100011010001110001000101000010111101001100	1301493.5999999996	-2014.6999999999996
9	00101000000110100001000101001001001000001011100001010011111001101001010101110011000010010111000101001110110000010111110011010001110110111010111000110101111100101001001011011011100001000001001101110000111111101110100010111000111110011	1206902.8	-2070.0999999999995
10	10100010110100011011001100101110111010110111111010001100001000111111101010111000011000100000111101101100110110110100010100110000011000101101100011111100011100100100001010010110111011010000000101000100010100111000001011011100110100001	1125575.8000000003	-1838.1999999999996
11	10010001101011100101100000010010011000000010111110111011001100101101111101100011011000101000001100000000010000001001110011001110101110010110010001101111100111110010010010111000011111011000110010010110110101010111110010111101100101111	1178995.6000000003	-2059.0
12	01000010110000100101010111011110011001111001110010000101111101101010001110011011000000101001010101111101010000111110000110011011110100001000111111001010100001000101111011111001001101101011110011111011111101010010101110000000011110110	1311706.2000000002	-2024.0999999999992
13	00011100000100111111111100001101101011100000110010101100000011111110101100011111111110110000110010111110001010000010110101111101111011100001111001010011110101111000000111001010100011010001111100101010111111011000111011000110000110011	1263718.2000000004	-2005.4999999999995
14	10111010101110001111000100100110000100000011110011101001001111100000010000111010110111010100111001100001001111011100000110000111010111011001001000110011101001100100101100101001111111110000011010010011100111001101100101010000011001011	1170083.7999999998	-2060.9999999999995
15	10101000001100100110110000110000001100010111100011111111111100101110110010100111110010001010000011100111110110111001100110110000100011010001101010011101111110011011010110010100011100100000100101010110000110001001110000001011010101001	1229821.2	-2061.1999999999994
16	00011111100001101001011111110000001101111101010010101000001001010011101001110100111110100101110000111101001101101010101110110001111011110101110100100001101010100100011011011011111000110010000101100011100010111011110001010011000110010	1279399.8000000007	-2030.5999999999985
17	01001011000000001110000110110110011101011000101010000010001101110110111111111011010000000101000110000100010111110100000001000110100110101000101010110100100010111111110011001100101001011011010010001111111001010010001010100011011100110	1125492.0000000005	-1851.9999999999995
18	10010111110001101111100010100100101111111010111110010101111010110101111011110111111110100011001110011010111001111101010010101101001110110000110011000100001110101011101111100010110011110000100001010000110011110100101101111101101111011	1372819.2	-1963.9999999999995
19	01001100111101000111100000010001000010001100011101110011001100100001101100001100111111101100111000000010111000110001101111111111101100100010010000100101011101000111001010011011100111001001001011000100000011010001010100111001111011111	1180727.2000000002	-2070.7
20	01101101100110000101110110000011001010010111000101011010101011111010101101111001101111100101000101011000011110100101100000100111111000100100111001101010101110101000010111000010011010110011111100010011001010111101101000101010001111101	1185895.0	-2030.9999999999998
21	10001111101000001111111110011111110011011001000011011010011110111010010010010111001001101001100110010110000001101101010101110111110001100010110000101100101110010011100001010101011011000100100001110010100011010111110010010001101000101	1167811.8000000003	-1809.7999999999997
22	00001100110001011100110010000111000010000101010011011111000101101011000100111000110001110111110000001110000000110100110011001100100001110001100100101101110101110011101111011100110001010110010001101000111111001010111101001110011110111	1253128.4000000004	-2056.7999999999997
23	11011100011111011110010111011111110010111110000011001100001011000110111110100110100100010010101010000000110011000111000111001011001101111011101101010000000100010000010001110110110111010001011001001111110100111111001000100001010001001	1135971.4	-1805.1000000000001
24	10000000001011000100001110000000011111100011010110011010101010000100111110100110110100000010101010010000110011000110000111001011011111111001101101010000001100010000010011110110110100000100100111111111000101010100001111101100101011100	1093912.2000000002	-1854.1000000000004
25	00110011011101011101011111101100100110100011111110111010001011011000100111111111011001111110111000111110100011000110101110001101100010110110101011010010011100001100010110001010010110110100001100001000101111010010011010000101001011000	1242689.6	-2023.0000000000002
26	10111111000010000001010110001101001011110100100100110010001010110100010001000011100100110101101010010101011100111010110111100100100011001011111100011110101001001011101011111100000110110111110001000011011010100111001101101100111001011	1303657.2	-2034.3
27	10101000110111110000000101111010011110110101010101011110110010101011111110111011111010001100101101000010110101010110001101011110101101010111110100000011010000100010000110001000001011110010101011011001101110101100010001101111001010100	1163605.0000000002	-1800.0
28	10111011110100001110101001001101111110010000001110111100101100001111111100100000101101111111000101110101110100010001110101101000111101010011011101111010010101100001000110110101111111000110100110101011001010100100010111011110101101011	1299420.8000000005	-1998.9999999999995
29	00100011100000001000100001110101011011000001011001111001100010101001011000010111110011101100011110000011011000000110000000011001010010011000111001111001010001101100100000100100001011101010111101011010100001100010110011011000001101001	944693.8000000002	-1893.5999999999997
30	00110000011100001100011110110101100110000011010111010000100001010110101001110101000111001100010011100000011010000111100011110100000000000111001001100010101010100100110001110110000011010001101011010010000000100010000111001101001000001	1006055.4	-1906.8000000000002
31	00011100110001100111000001001110111101000110111011001001000110110001101001101110100101110110111111001100011001000000010011111111010000001100000001010111001100011011100011010010111101110011100011111111000111100101010011111100010100000	1141480.2	-1812.6999999999998
32	01000100001001110010100000100100100000100100010001110101101101010101110110010100010111110100010001111111101101100011010101000001010101100000010110000000010011100010101111111101100001011001101111011100001110110001000101101010011011010	1172331.4	-2092.4999999999995
33	11010101000111000111100001000001100001101011101101110110110100100011010100000010100101100111100010010000000011111010001100001010110011011000101100000110100101010101010011010101001110101100110111011010011001001000111110110000010000001	1105701.5999999999	-1861.6999999999996
34	11001101010111011101110010000110111111000101011010010001010110110000000101111010010101001010111011010110000110110011110100000110001000000111111111000110010001100110110010001010000100100110000101110011000111101101011011001111111101010	1165357.4000000001	-1806.0999999999997
35	10001100110111000000010101011011011000010011101000001010101110010011011010000100111001001010110111010111111110010010000001010010111100110010100111011101111011100111101110111011101001101010000110010001100010111000110011101110100110010	1323296.0000000007	-2040.8999999999992
36	01110001010110101100010001101001010110001011110101110110111100011011110101110101110000101001101001010010000100100010001011001001010101000111000011011011001011101111001111000101110110110111100100011010001110001000101000010111101011011	1192234.9999999995	-2040.499999999999
37	01101011011000110110110111111010010101100001010101001010100110011111110101111001010110011101101110111001000010100000110111111010110011111000110011000100001110100011101111100010100000101111010010000111100100100001000011010110010001110	1272134.6000000003	-2039.7999999999993
38	01101011111100000011001001000001111000011001100000011000000001011111111110100100111111100110011011000000100101100100100011110010110100111111101111000010111110101101010100010100110110110011000100100100010101100101110101010000001111010	1168146.5999999996	-1832.7999999999997
39	01001011000010100011111000010101010111000110110111011001111010110101111100100001101100000111001001010011111011000001001001111000100000010000000111010001001011001011110111111110010001100100011010100101010100010111001010101111110000100	1228065.8000000005	-2068.6999999999994
40	10001110110001101100000111000110010010100101001111111011000000011011001110111110111111001100100110110000011001101011000011110011110100011010100000010001110101000011001111011100101100001011100110000010111001001110110010011011101010111	1234691.5999999996	-2051.2999999999997
41	00000111101010001111001110100001111111110001001001101011010000110101010001100010010100011101111100001110010010100100110000001101000110110000011100111110011001111110000101101101111101100111101011011011100001110111001010110000101010010	1168171.2000000002	-1814.6999999999994
42	00111001100000100011010011001001101000011110100011111110001101100111111100111110110001110111110000001110001000110100111011001100100001110011100100101101110001110101111001001101101011001101101111001011010111111001100001101001110100110	1278537.8000000003	-2016.2999999999995
43	10001101010111011110010101101001111100110010101001001011100110001110101010010010100111110110001110101110111101110001111001100101100111000011001001101101100010101001000111101010000000011110000100011001000010100100111111000111111001000	1238114.2000000002	-2045.6000000000001
44	10011111110011110011111110011101011110101101001111011000110101110000011011010001011011110100111010011110110101110111111100100011010111110111101110001110111100111101101001111000100010111011111111010101111010000101110010100110101010101	1523541.2000000007	-1936.2000000000005
45	01111000111010100110000000001000001000000000100001101010001010000011111100011010111001000100010001010100011110000011101110000100100110001110011100111001110110000100011011101111110100000100001110100111100111001011010101001110101101111	1120641.8000000003	-1865.8999999999992
46	11010100000010111100011000101010001111111111010001100101010111101110100110110111001010011000100110100101010110110101100111000110001101000010111011100001010010001100101001100110111011100000110101111001000101011111100100010110100011010	1153886.0000000002	-1808.7
47	00111111110101001100111010110101101010000011110101111010111011110101011010111000011001111111001111111000010100000100001000101000100100001101000011000100010110011110110000101110001011010110001011011111110010101100100100111110110001001	1162899.8000000003	-1802.7000000000003
48	00011100001110111001011001001100111011101010001111010101100111101101100111101001110001001000110000100011001101110000100111010011011101010010111101000011010000111010000110111001110100010010110101101000010000000100111111001111100010000	1167318.8	-1826.8999999999996
49	10001111011010010110110110010100110110010101110010000001111000010101111001101110011010101100001010000110011111110011111110000011110010000000011010101000001111010111101010000100001100010101111001011011011111000101011000010101110011101	1164697.7999999996	-1810.9000000000003
50	01111111101100001011000101000110010100100101101011010001001100010000100010111110110000100011101100111101001000100100100001110011010110111000110001011000110111011110011010101101101111100000001000010011000001011011111110110111010001000	1164575.2	-1833.9999999999995
51	11111000110110011111111100010010011000101111010110110100001111101001001111101100101101000000100011001011110110010100010010010010001010111011000000011111001110110101000101000000010001011001001101110100111101100101111001111110000011110	1156765.8	-1797.0999999999997
52	00101111010101111111010111111010110111100100110101010000101001101100001011001100101110010010101011101111001110111001111110110111111111100110001100110011101111000110110011010100100001111110101011011011011011010001101101101111011110110	1432134.8000000005	-1938.0999999999997
53	10010111011100001010101101110001101000101101000101011100010000110011100101100100110000000011100001110100001001001100110100110001011001011001000000010101110011010010000111110001111001110110100111001100011110001101010011110010100111010	1107385.4000000006	-1846.4999999999993
54	01011001101111010010010100000011110110101101010110001010100000101101011110001001100111111101000111001110010010101101100110011111011110110000010000000010101111100110010111000010000101010110100001010101100100101101111011101010100111101	1177481.4000000004	-2049.7
55	10101111010100101101101001111010100110000101010111111010001000010011011010101000100101001111101100101000001001000110110000110010110111011101100110000010000010011101110101101100101111001100100111100110101010000110010000100000001111000	1184896.8	-2072.8
56	00000111001111101101011011010001110000010010111101001101010000000100000101011011100101100101010101001001000111101101001110101000111010001001100111011100100101000101011010101101110010010000001001110100110000110000100011010000111001101	1167157.6	-1863.1999999999996
57	01000010101111000001101011110110011110100000111100110101010000100001001010010000001100100100110110111111111001101000100111001000100011001011110011100110001011101011100011111101011110000011010000110101110011001010000000100000100001110	1221993.600000001	-2085.099999999999
58	00100100001000001001111110010010010101011110110100010000000010000001100001011101001011101110100111111010010101001000111111100011100111001100111011001010100000100000100110110110011100111110111111000101111001010110000001110101101001101	1154043.6	-1834.9999999999998
59	01001001101100100101101010100100001101011000000011110101101111101011111110001100011010011110010000010110111001111110100010000101101101001000011011110011011010010011110100110101001011101001011000110100010011000010111001010000011010010	1193408.2000000002	-2063.0
60	01100001001111100111101110010010010101011110110101010111001000100010101111000000001111000010111111100011011110000111000110110101111101010000010000110000000000111011100110001011111100001010000110001111000010010111111101000110101110111	1154354.8000000005	-1808.6999999999994
61	10001101010111011110001011001111100111111101011001011101001010011101100110001110011111101010110010011011011111001101010110100111101010100010001001100111000000001100000101100001010010111110000100011001000010100100111111000111111001000	1155945.0000000002	-1799.2000000000005
62	01010011101001100100001110010110101001010110110101010010101101111010110010001110111011111100001100111110111001100011100001110101000111101101111111100101110101010010011001010101110110110001000101000101001001010100111100001101111000110	1261642.5999999999	-2026.5
63	10101000010011000000101011010101101100000010000110111100010010100100011010110000101101110011001000110010011111111010010101011001010111001011010110101000110100100100011111011001011001001110010110100111110001010001001011011101000011010	1240202.4000000001	-2072.199999999999
64	10000000010011010010110111011001111100101011110101000010111010100010010101110000000111101001010110101100011110010011010110100111101010100010101001101111000000001100000101100001001010111110111000011111010110001011010101110100101000010	1099824.2000000004	-1836.0000000000002
65	01111110101101100110101101100101111001110100000000110111100010111010010000010110110111000011111100100100100111010101111001110110000011111011101010000000111010100111110111111100011101010001000011100000010011110010111011110111011010110	1390806.8000000005	-2011.499999999999
66	10100100100010000111100001010101110001110000000011000011001000011001001001010010011011001010110110000011100010010000011101111100010111111011100101101110110111100010111100010001111101010011101000011100111101100000100101100100001111011	1179564.8	-2076.8999999999996
67	11001010111010000000000000001011101011111000100111100101010011110111111101100010011000100000000100000000000000111010110111100100100011001111110001000000110101110100010100100010011100100000110111100010101101000111001101010001100011101	1005275.1999999997	-1879.8999999999992
68	11101010101111111000011000011010010100000101011111010000000001111010111101111110010010010001100000010010111110000000111111010000001010011111110110001101110011001110000011110010110010001100010111110000001101111100100000101000100101011	1173153.9999999998	-2059.099999999999
69	00000000011110100010111011110010011101100100111110100111111011100001110111111101010100010011110100101101100101101000011000100000011010001111011010001101100111010110000111011101011110100001100001001001011100011011111011101011110100010	1243717.2000000004	-2027.1999999999994
70	11111100101100011011101001000101011111000001100101001001001110011101010010100001001011110111101010101100010111000101001100101100110110001110100000111101010100000111010100110011000101010111011001111110001111000010001011011000001110100	1183803.9999999998	-2053.5999999999995
71	10111110111011111010010011101110110100100011010100011001000001101100001011101010100101000010001101111001000011010010010011010101011101000000001100101001100101010000100011100000011100101101101001101101010001100011010100010010001101000	1051172.7999999998	-1860.7999999999995
72	10111010011111110011001000110110001110100000000011111111010011101010110110100100110110011011011000100110110101111010100001100100010011000100011001100011111001011000101000101000001110111111100100111111101101010111110000100001011001011	1164203.4	-1793.8
73	11000111100111011100011100100010010111101111010001111101000101111111111100100000101101111101000001110101110100010001110101101000111001000100101001000110111001011010010001010100011010000110001101000011111010000010000111011101101111101	1163582.4000000006	-1801.6000000000004
74	01011000110100100100101111000101010111010001101010010101100101001001010101010111011111110100001010011000010010111001110100110010010100111101111010101101100110110110111010110110001000000110011111010110000111101100001001010000000000111	1234552.7999999996	-2061.9999999999995
75	00101111001110111110110001100001101001101001001110111001101100001010111110111100101000101010001110110010000010000000010011010110101010000100101110001110111001111010010001010100011111010111000100111101000101000001101011000101101101010	1105534.2000000007	-1826.1999999999991
76	00110010010000100100110101100111001011110001100110001100111010101011100010010101100111011000000110000001010100010111110011000011011010100001111101101010010111000100000110101011101111101111000101101010110111000010001011010000001001111	1116404.6	-1833.8999999999992
77	01101001010111011011100011100011111000011100010101100100001011101111110110011100010100100101111000010100011111010010010011010001001101010001101100001011010110001001001101101110100111100011110001111000011110100000010010000111000001110	1207029.0000000002	-2061.3999999999996
78	11010011000010001110010111010010100001110110011000110011111111011011000101000110011101110101000111010000010011000001100001010010000010010000110011000110101000001011110110011000110110100000110000011111000111100001000111101100011000101	1116468.2000000002	-1871.2
79	00110010011111111101101000000000001101000110010101110111000110111010010001111110010011011011111001110111010100100010011000111001010110100011010011000000010101110101100100000011111110001010001111100001100011111000011011000000101010100	1105340.4	-1828.4999999999998
80	10010110010100011101101010111101101100000110001100010111000010101010110110011001001000000011100110000001001001111000101101100110001110011001000110001010100010001110101111101001111000100101111010011111101001010010011000110110001111011	1186509.5999999999	-2058.899999999999
81	10001011100101011110011010010100011101001100111111010111000011011010100010101100101100111101011111101010110110101100101111100011000111111111101110001110111100111101101001101000100010111011100001010000110100111011111000110101111001100	1414938.8	-1984.1
82	01100101111001100011110010011101110100100011011111000001110010101111000010000110010011011110001110010000101000101110100100110101111110100100001001010001111100001111001100010011111100010100111010101011110101101100010111111010111000100	1181354.0000000002	-2041.0000000000007
83	10000100110011001000111100001110000101000001100001001110011010101001101110000011010010110110001010001001111101111001000001110100100100000101101011001101011111011000001101101011010000010011111011100001011001111010010011001000111101110	1142799.4000000004	-1849.6
84	11000101010110111000111101001110101111011000011101110111001111101011111111000110011010011110010000010110111001111110100100111000100001110011101111110010000011010010011001100100001010010000000101101010110101110100011011011111111101100	1247083.2000000002	-2002.8
85	11111000111111011001100111100101010011101111001110011100101010110101010000111010000110011000001100000001011011100011111100100101110000100110111111001001110010010000000010000011000101110011111010100010011111101000010110110001111101110	1114899.6	-1800.0
86	00010100011100011110001101001110110100101110100000101001001101001011100101110110011101010011101010100010101001110101001100110110000101000100011010000000011011010111100111000101101111111001100110100010100110011111011101010101101111011	1157816.3999999997	-1802.0999999999997
87	01010101010101100101110110001000000011010000001001000111000000001001100110101011111111101101111010000000000001011100110011011111101000100001110110100011011010111000010001001001000000100001011011010111110000111010001001100100101000101	1005693.2000000002	-1878.7999999999997
88	10101000110111011010111100101010011010001111100111010100011010101111011010101011100101000010001101111011000011010010010011011101010110111101011010010111100010010010000100001000001011110010101011011101101110101100010001101111001010101	1163561.8000000005	-1794.1000000000004
89	01100111010010100011100011011101101000111111010101011110010011111101101111000110011011100001010011100010111011110001011100011101010000111110011111110010010111001001000111101111011001001000000010011001000100001010011101110010000110101	1297223.2000000002	-2027.2999999999995
90	11000010011111011010110001011101010000000111010000110111101111111100111101101011001001001010100110011011101000100001010100011001010101111110010011000110011011110010001110110000111011011110110001111100010100010000101000001010111110001	1226980.6	-2040.3999999999996
91	00001111110111010001111010000000011100100011100111101001001001010001001110110111100101011110111100011111100110011110001001010001001010001101000000010011110100011000100011100110110000010001010000111110100110010100111100110001000011011	1094760.2000000002	-1838.3999999999999
92	11010100111011111111111010010101100111111100011100000111000100001000010011011101010001000101010001011110001101000100000110000111010111001001001010110011101001110100101100101011111101100000011010010010101110101001011101110010010000001	1166710.5999999999	-1822.4999999999995
93	01010111101001100100001100010100101001010110100101010010101101111010110010000101110100110001101011101100011001010010111000011000001001111011100000111110010001010001000010001110100010001000111101010011101011000000000110000011001000110	1016273.1999999998	-1873.3999999999999
94	00110010100101011101101100101010011001111011011111011010101001111100000101101000010111110111010101001101001110001000010101111100000010111110111110110000010111100100000010011101111001100110011100110000010011000010001011010000001001111	1159275.8000000003	-1824.7999999999993
95	01001101000111010101100001101000001011111001011101110100001001110001111100010101001101001111011001010100101001101010110011111111010001010010110010000110101011100100110010100011101001100111110010100010100010111101111100000110011010110	1163467.2000000007	-1806.0999999999992
96	10000000001100110101010111111111001111101010000010110101011001010110010110001010010010011001010100000100010111110111011000001100000000011010100100010101111001000111011000110100011110010000010001100110000110011010110101100101001011010	1096578.0000000002	-1866.2999999999997
97	01110101100011100001100100100001111111000000011111001110101110011011111010011111100110110001111111111001110110111100010011011110100011111100000111100011010110010100101111101011111011110111010100010000010011000111000100001010010111001	1365298.6	-1993.4999999999998
98	10111110101011100010001111000101111110110011101100101101011110111011111110100111101010010010001001010011110110111110101111100001000110101100010011111001100001110111100100001101011100101100000010011111011111100111010101101010111111111	1328447.8000000003	-1949.9
99	00100001010110011000101101011010010110001011110111000001100000100111111100011111010100100100111100100101001000010010110010010111111100100101000101111101101101001010110010110010101111101110100010100101001110100010100111100101110110000	1176799.4000000006	-2057.6
