SOLUCIONES FiN 

0	1011101001101110000100111110110000010111101010001110010110111010101011101110111100100011011101100011001111110110001010011000100100101010111111101000100010111101110101000100000000011100010011000101110000011100011111100000001000010100	1163242.6	-2041.8999999999996
1	0001011000101101010101011010001111111100100010101000101011001001010111001101111011100111101110011100011101011101110111100001000111011111001000101110101000111001010000111101110101100100000111101110001001111000111100001111110010110111	1291682.2	-1994.9000000000005
2	1011111101011100001101001010100000010100100000001110100000010101001010100100110001101011010011001110100011100110010010010101000010100110111011100100010010111001011000101000001101011101100011111010001100001110001110010101001101100101	1035562.1999999997	-2088.5999999999985
3	0100111010101001010100011111010011101100001000000001000111000001100001000100110011100101110111111000011001001001110111010001010011101110011000001000001011000101000110011101011100011001101100100010010010011000001101100111010110001010	1098648.9999999998	-2098.2000000000003
4	0001011111111110001100011111110011000001011000001101110011110001010110101100010001110011101001100111100110000000000010101010001011101011111111000110110111111101100010001001100111110100001001001110101001001001011110010000100010100110	1173609.4	-2040.8999999999999
5	0000001001000011011011110001110110001010010000110110101101001110000111010111011100000100101110011001101101000101011010010101110010001001100001010101111100111010011110010001100010100101110110100101001111100110010011101101001000101111	1149615.7999999998	-2048.5
6	0100101111011100010101100111011001110011001111000011100101000111110111011101101001011101001100010001001000110011111100101110000110110000011111011111111101101010011011000101011110101011001111110011100111001101111110110001011111000000	1329266.1999999993	-1976.7999999999995
7	1010100010010100101010001101010110101110111001100100100011011100011010000100110100001100010100100101010010001010101001100100111110110000101010100100111010111101110010011000010010110000100101101000010100101000010011100000001111010000	1051602.6	-2109.6
8	1110110011000011001001111100011101011101011110010011110011110001001111101011000111111101011101000000110011001000110111000000000000000001101110001101110100110101101100111000110011111111010100101100011101111000010011111011010101100011	1201283.4000000001	-2010.5999999999995
9	0110000111010111001100100000001110111100110001010110111010110110001001011001001001110110110010111010111000111101101001101000000010110101110101010000100110110100100111111100000001101100100000000101001110001110110001011101100000111011	1236527.2000000004	-2061.1999999999994
10	0111001010001011001101100011110001111110011111101100111101110111000101001010010101010000111111100101001001100101001111111111110100111011011011111011001111001011011111110010101110111100001100001110101101001010000010111101000001001101	1431780.8000000003	-1970.5999999999995
11	1101011111011000110110101101010000001100100101110101001011010100111000011101101100110011111101100011011110101011101001100010111111111110111101101001110001110001000100110011000011000000111110010110100010100110011110101111010001111001	1339160.4000000006	-1989.1
12	0110100011111011001001000000101010110100111001000101010111001001010010010111001000010110111001000001010001110111101001100011001001010111011000011110010000101100110000100000011110110100100011001110100001001111100010011001000000011000	990407.3999999994	-2099.9
13	0010001111110011100000010000101011111110110110001010110011111110111101100010101011101101100101011001100111101011110010100011100111111010110100111111011111101111101111000000101110101111011011111101100111010101101100111111111111010110	1425877.6	-1921.7000000000003
14	1101101101101010010001110110111001001001110011001110010101001100100001101001101001110100011101010101100111101111000111100001010111001010101000110100101001010110011110101111100000011001100110110100111001000110010100110001111101101101	1303277.1999999997	-2021.7999999999997
15	0101101111100011010001000001101100100110100000110001110111101000111110010111001100001111000100011101000100111010111001001110000101111010100110100000101110011111101110101111101011011011011110100111101010010100010100001011010001100111	1286402.9999999998	-2020.2
16	1000110111100011111110111100000111100100010100110011011101001000011011100011100010011100001100100001111000000011010111101111010111011111111011010000100111101011010110101011110111011100110100101010001001010011001100010100000111010001	1301572.6000000003	-2014.8
17	0010101101101010010000110010011100001011101011100001001100101101111101110111011101011110011111101110100100101000000111011101111100110110111011101011011100011110010100011001100101011011110111110010111110101010101101101111001000111110	1339669.4	-1964.9999999999998
18	0011010010001110000100110110100000001011011110100001110000011010001011001101011100001101101001011000011000011001110100010100111110111001110011101011101110101011001000000011110010110010001101011100111111001000000101110111110100111010	1133488.0000000002	-2047.7000000000003
19	0100010100010101001100010010001110011011100100111001001101110111111000000110011000000001110011000000000100100010111001001000010000110010000100110010011100001001010000010000011011110011100010010101101000011001010101011111010111011010	891664.3999999994	-1885.2
20	1011010011000001011100000100001011110110111101111101011001111101011011000101110010000000001101011101110011110001010100000000111110111100101001101010001111010001100011110111101110101101001110101100001010001100000000101100110001100011	1256264.5999999999	-2038.3999999999999
21	0111011101010101010011101011001000111011001101010010101110001011101101101111001110111100010011100011001101101101001111011100011000010110100110101100001011010111010111011000100011010001110111101101111011110010010110101011110001110000	1300118.2000000002	-1982.2
22	1000110111100011111010111100000111100100011100110011011101001000100000000110111011011100010101111010010111100000011010101001110110010111001000010100111110110110101011011100111000010110111000101001010001111010111001111100000111110001	1245325.2	-2027.0000000000005
23	1000111000101000011010011000101110000100001010110101011011001000010010111011100111001001100000010100100000011101110100111100110111100100010001000101000100000011001001010101111101100010001011001011011001101001011010110010101011000100	1034425.5999999997	-2100.6
24	1101000010000100000100011100011110101001111100100111111110100001110101100010100000101010010000110100111100010001110001111001001001100101101110011100111101110110001000001111100100101110100111101001011010010111110001100000011000000110	1139357.9999999998	-2067.6
25	0011000101010011011110011110010101110000110110111110110110111000101100101010001011111001011110101000001001000111010000111011010010010100001001111101010001110011101110001110101110011010111111010000010100101010010101100101101010001001	1199082.8	-2028.7999999999997
26	0110111011111100100001110100100011001011000101000001100101101101110101001011010111110110111011101010001011010101001011101101101111110001000011110101110111111010111110101011000111110110111101010111111011111110100111110110111110110101	1437486.1999999997	-1927.7999999999997
27	0001110011101100100101101010011011111011011011100101010010010110000110010010000101100101001101111010101101111000111111001000011010000101100010001011000110100100111110010010001100111110110101111000111110000011101000011011011101001111	1199095.5999999994	-2025.9999999999995
28	0011111000101011100010101111000010001000101110000011000100101101110000101010101101100101000000000011001001100101111011100110101000001010100111000100011000011100110101000001100111101011010110001110000111010010110000010110111011101001	1049689.9999999998	-2083.2000000000003
29	1110001111100001010110110010100111101111111001011001110110110000010000011001010100001100001011110001011101011100100101010000100000011001100110010000110000000000100100011000100110111000011001011110000101111011000100100001101011001011	1012330.3999999998	-2085.2999999999997
30	1011101001011001001111110111101000110010010110100001111010001011011000001010001100111010110011011110000000001101010111101111101000011011000000100110101000100101101001111001111111001100011001010001010100000100010000000110011110011010	1151438.4	-2065.8999999999996
31	1010000100001100000100000010110010001111101110010010110010010101101000001011000001000101100100100001100001110101011001110001100001101011111101001001001111100011011001001000110000001110011000100011110010011101011101100011010011100111	1062296.1999999997	-2093.6000000000004
32	0111001111111110000011000101111001010111010000100101100001010011001111111000101000110011110000100100111100011010001001010100101010110011001000001110000011000000011011010010101100001001111101000010100000000001011101100100011001000000	1032171.5999999999	-2103.0999999999995
33	1011010111000000101101110010100110100000000001111010111010010100001101010100000001001011101000100011110001010011001111100111011101001101111100011001000001000010011000110111111100110110001000001110111101100111110110111001111011011101	1221509.2	-2034.0000000000002
34	1001001010100010111110001111111110000000100010101011110010011001010110101001001000110010101000001010101011100101000011111001011001101111010101100110011010011001010101001011011111011000001001000101011100110010101001001110000111111111	1211595.6000000006	-2034.9
35	0010011111010010111010100100001001000001010010111001010111110010111001000000100100000010110111100000001011101110001111110001111011011010010111010100101101001110111110111100111110000011010100100011111011000111110100001111111010010001	1279686.1999999997	-2024.7999999999997
36	1100010101110110101100000001110101110001110111101101101100000010001011111110111011111100100011111011101001011111101110001111010001110000111100111111101011111111111011000001111111001111011011111011001111001101111001100011001111111101	1430965.2	-1913.5999999999997
37	0101101001100011101001111100110101111111111110001110101101111000001001110000110101100001001100011011000100111110110101100101000101111111010011100110100011001100101110100001011011010101011000101001101011010000101010001101011101100101	1264658.3999999997	-2010.8999999999996
38	0000011010100111110000000110101111000110001001000110111011000001110101111111100001010010100011000101010001101001100010000111010001011111000001110100100100100101001101000000101101001100111110000010110111011111010000110000011110100101	1000813.1999999998	-2079.0999999999995
39	1111001011100000010001001101111110000110010100101101000100100110101101110101100101010011001000010011010110101010111000100000001001111001100100011101110101010111001011001110110111110110000111001010101000010110110010110011001101000010	1155683.7999999998	-2055.1
40	1111011100101110110010001100010010000111101001110000011100111100011000011110111010000110001100001001010110100001010010011110110001110111010100000000111101101110011111010000001111000000110011011001000010100011001101010111000101110101	1148986.8	-2055.2999999999997
41	0011111011111101111101001011111100001010111110101111111010100001110101100010100000101010010000110100100100111011111100101111001100000110101110010100001000011000000010101100100110101100000100010111011000011001111001010001010111001100	1167109.7999999998	-2043.7999999999997
42	1110010111011110100011111011110011001110100100110011111101110111110100000111111111011000010011000101111010010011110011110011010011110101001000011110111100111100111101111101101011100010111011001110010010101101101101011011010101110011	1470469.8	-1936.6000000000001
43	1010010000001000011001101100101010011111010110110110111000011111101010101000011010011000110000101010000100001011100010101101011010110111101010111001000010111100001101101101101110011001011111111111111111000111111000000000010010110110	1263005.6000000003	-2020.9999999999995
44	1001101101001101100111100111111000111101001011110110111111001111111101110010111011111110011110010100111110001000100110111011101011101110111001110011001011001111111011001011110101011100111110110011110111100110011110101100111100100111	1496253.5999999999	-1903.5000000000002
45	1111001000000101101111100000101000111001111111000001001100101101111100110110001001100110101110001100111110100000011000000101011001101101110100011001001111101010111110101011000111110111110101011011000000101010101101111011110001000010	1257142.3999999997	-2019.2000000000003
46	1111110011101100101001000111101101111110011110001011110010101101111101110111010001100110101010100011001101010111110111101111101100111101111010110100111101011110111001010101111011110001001001111001110011011111111110000101001001010101	1459419.2000000002	-1923.0999999999992
47	0110001110010000101100000101101110111010110000011111000110011111110100000111111111011000110011000000111000110101011011111011110001111010101010111111010000111011101001111111010111001000111101110001100101111010000111011111111101111000	1411727.7999999998	-1967.3999999999994
48	0100100100100001011011000001101001000100101000111000001011010100100110001010110000110001110110100110111011011100110011100001111100011000001000000011001001011001101011011000000111111101010101110000100101001010000101010111000100110011	1068269.9999999998	-2095.8999999999996
49	1001100011010001000011011111011001110011011000001011111111101101001101110000101100000100101100011001011101111110001101111011010000010100100110100001100011000000111101000101000010000010101111100011100011100111100111010000110001111001	1166603.2000000007	-2047.4000000000003
50	0000011100110111000000000110110110111110111011111011001010010010001010001000011001111011100100111101111011011010111010000011010110111001100100010101000101101010011000010010111010001011001111001110010101011110010011000110000110110110	1134482.0	-2040.3
51	0100111111111101011010100111001001101001111000000010111100110110110100011000101101101100100000110010001000110110101110100000001101010110111000011001000101101001011100111100000011100100000001001000000001111101100100000011110111000011	1147884.5999999996	-2078.7999999999993
52	1011101010101100101001010101101101111110011110001011110011101010111110110011110011000101000111011111010100111110001111010101000111000101111100010101110011111011000111011111001110111011001001111011101101111010001001001111011010101111	1469456.5999999996	-1935.7
53	1101000000111010101000101101010010101111111111111111000011110011100010111111001111000101111101010001001010101010111100110001110100001111011110001011010000101000101101100011100101001111011111100100000001000110011111100111011111000101	1288079.6	-1999.1
54	0100101000001100101100010001110000011111101001110111101000001110001011100010100101101011110100011000101000011110001100100010001011100010100111001011101011010010011100001110100001110101110100000010000000110110110100101010000111111101	1106624.9999999998	-2081.8
55	1110100010011100001111011111111010101100101011101101001101111110111111100010001110100101001100001110101110111011010001011011101110101000010100100010010011111101111000001011100110001111001111010110011001011011110011001111000000101011	1280127.3999999994	-1972.2000000000003
56	0110010000100001000011010100110100100101110010000101001011000000111111100110000000010101000110000111110011010100111111001001110011010110000000010101101010111001110110010011001001101001110101110011001001100100011101011011010000001110	1124776.5999999996	-2081.5000000000005
57	0001001101101111100101011101011101010001110100100010111101011010010101001001100011100001101100100010001101000011110010101110010011100110000101111100010110110100111111010010000110110110000011101110011001000101111010001101001100101101	1195594.3999999997	-2034.5999999999995
58	1010101000000011111110101111011010001100010001000010110000111000110011110110101000000111111100111100101010111011110111000011100111111000010101001001011000110101010010011100101001101011000111100100000100000111100000011010001001011011	1184271.2000000002	-2059.2
59	0100110111001100111010110110111000110111110101110001100101110011100111101011101101010001000100100001111000110101011011001011100111111110101101100101100111111100101010001110011100000111110010001100011101110010110000111110101100001111	1332698.9999999995	-1976.1999999999996
60	0000100010001011000100101110100000110101100000000110100000101001001010110010000011111111001101001011111100110110011100110111000000001101011000100010010011100010111110011111000010100000110100111101101010111001100110001000100010101110	1182342.1999999995	-2090.2999999999997
61	1100001000101110101000011111001000101000000001100111011100111010000101110110001100011100101010000010111101000011010110110001000111000011011000100101001110111011000001001111000000010101101101000110100001000011100001010010000111100000	1076391.9999999995	-2104.9000000000005
62	1000101010111101101101001000101111100011000101000100110000101111000010100010111011101100111111000100011001010101000010100010101001010000111111000100010000101100110010011010101010010101010101010110101000100000110111011100100110110110	1067047.9999999995	-2071.3000000000006
63	0110011111110100111101101110111001001001110001001100111010111011000001101001101001110000011111010100100111101111000111100001101110111000000100100101111100110100101111000111010110000001010101101100111101010000111110000110101001001001	1284872.5999999996	-2019.1999999999996
64	0101011010010001000000111101100111111000001101010100011001011101111110011111011010001001101000000111011000000000111001111101000100010110000011110000011011001011000011011011101111010001100110110100111001000110000100110001110101101101	1148331.4000000001	-2047.5999999999997
65	1111111110011000001001111011101010010110001111000011100110100001010111010101101011101111110010001100010111100110001100010111010000100111111000010010001101101011001111110110110011001101110101101010100101111001101111011111010010101111	1383857.4	-1974.5999999999995
66	0100010011110000101111101111001010111010100101100110011010011011011011000011110011111110010011011110110110001110001111001001110001001100101110011100010100011111111100001100001000001111000011000000101000100011001011011101010011001000	1193691.4	-2047.2
67	0101001010111110000111001111010010101100001101110001111001010111011110000101000011011011010111000010000110100111010101101111010111011111110011000000100111000100111110000101010111010100011110010101010010000111110001000011111100101001	1224302.2	-2025.8999999999996
68	1100111100010110111110001100010000101111111010100010100100100001000100000101110101110000100111010111011011000101110100100001101000001101100110110011101100011111000010110101100000110011001101010111010011111111110110001100101110000110	1206231.3999999997	-2036.6000000000006
69	0101010000111110010100101010101101100110001010010001110001001001111011101100111011011101011111101000100100000100011110001101010101011001101111001111101001011100111000110100001110000011010100100011111011000111000100000110010100101001	1146995.5999999996	-2048.1999999999994
70	1111111100010100110101111111011111101100111010110111001100110010111111111101011000111110110110001011010111000111111101010001011010111111101010111001000000110100101111000111101011001010111001101001010111011010110011000111100000001111	1428271.8000000003	-1936.9999999999995
71	0111010010101111100010011111010101001000110001011001000100110000110010100101000110111101000010101100110111000000101001110101101011011011000000010100001011110010001000111011110101111100110100101101110011010111111101110011101010111100	1193514.6	-2018.7999999999997
72	1111101110111100000110111110000011000111111111000111110010011110001001100101111000001011000110111011010000111110011000101101111101111010100010011001011000101010010000010010101110101111100000111011010111011000000110011010010010010001	1172284.7999999998	-2014.9
73	1111111100001111010000100000001110010000100000111000011001110010101101100000011110111010100011110110110101111010011011011111001110110001011100111111010110011111101011000000111111001111110101011001111111010100011000111100010100100101	1274094.5999999996	-1989.8999999999999
74	1111000111100100100001010111111010100100010110000001010010001100001001111000001110001001110010100101010111111011011010110100010100100100101010111000101111100010011001101000101010111101001111111110010011011011011000010011111100010100	1151372.5999999996	-2038.8000000000002
75	1000011001111011011001001111011001010110011110111100101110101111110001111110111110010001000110110010001100101000101110111000111110001001010100100001111100111100101100011001100101011011010111110001111010101110101101101111011000111110	1280304.1999999997	-1965.4999999999998
76	0001100000000111001001110100010000001110110100011111100110000011100010111101100101001110101111110011100110010101000010011000010110000011110101111010101011111100001001110111001000010100110110111000001100110000100100100011110100101010	1198337.9999999998	-2072.7999999999997
77	1001100011010001100011011111011001110011011000001011111110101101001001110000100001100110111110000100111100111001010000010010101110111001000011100011000000001001010101001001111111100000101100000101010001011110101100001000100010010001	1073909.5999999999	-2083.2999999999997
78	0100000001000000001100001000001110110101110001011000101001001000111101110011111110111110100000010000000110000011101111100100010001000010110101111100111100000111100110100000010100000111001110111100010100011111111100101000110110000110	1046265.3999999997	-2090.9000000000005
79	1011010000010101111001001111001101110111100001001110110101101001011111011110110010000111110100000100110001010111111000100101000101111111000101101000100100001001010011101000000110000010101011000100001100010110011111011100111010000010	1131607.3999999997	-2054.7
80	0110010111110100111101001110111100001101101101111000110111111010111100000010010110001110010000000001001010010000001000000110100001011110100101001100101010010010101110011100001110011100000101001000101001010000111110000111101000001001	1061627.5999999996	-2086.4
81	0001101110101100101010100110011000001111000001010110101111010110011110010011111001000101110011101111100001101001000000011111000010001111000101000111010111110001010001000101010110110011011010100000110000110010101000000110000001101011	1099456.5999999999	-2077.2999999999997
82	0101110010000101010001101111110011101000011001010011101000100100110010110101000101100001110001000100110101110001011101111111111000011111001100011110110001111111001110000011011101110110000001101011100100100011010000111101100011111010	1272378.6	-2027.3
83	1010111101000101111000110010010011001000001001110011000000111011010011001001001110010010100001001000101110110001110100000000111111101010010000111100001101101100110011101011110101011100000001100111111110111101111111001001010000111001	1208877.6	-2037.6999999999996
84	1001001110001111110100111110001101101001111100010100011111010111011110000101000011011011010111000010000110100111010101101111010111011101111010101110111011110111000000101011111100101110111011010111110101001011100001011010001100110110	1358740.3999999994	-1967.5
85	0000101111101001100011111000100111000011001100001010111001111110111101100010101010100101001100001100101101111011110010101011111110101000010100100001101011010000001101100011011010100010101010110111101111100010010010101101111000010101	1232243.2000000002	-2019.3
86	0010000110110110000000111100001001101100111001010011000110111011000101011011110110111000101001111010001010000001000100101010100001111100111110001101000011100100101001000011011010110110001010101000001001111001111111011000000101101011	1090109.6	-2066.1000000000004
87	1011111010000000010110011001001011001101011001110011101001010101011001011111011100010000110001001101110110000001011000001100100010110001011100100110110011010101100001110110100101110011101101010101110110100101010100011011100110000111	1178616.9999999998	-2042.1000000000004
88	1111010011010101001100101100000101100011000101001100010100111001011110011101101111111001110001000100011010010100101011101010110001010100111110101100101110100001110110001010000011111000011010000111111000111100110001110100101011110101	1176313.5999999999	-2026.5000000000002
89	1001110000001000010110110111000100000010111011101010111011100100110101111111101111011010011100111101100100110000011111010101111111000011010110010001001001000011001101111000100101011011110111110000111110100110101001001111011101111001	1272022.5999999999	-1998.2
90	0101111000010101010000100110101010101001011100110111011100101100011000111011000001011010000100011000001000011001111100001011110011000011100000101001000111111011111110101011110111011100110000101010001001010000100010000010100000000111	1143775.9999999998	-2088.8999999999996
91	1110111110011110111100100010101110111010110110111111110001101110101100111000111011001010111100101111011110001000111100110101111100001010011100001001111101111111100111100111011001000001111110111110000101001011101001110001010000100111	1455662.6	-1949.8999999999996
92	1010010011011001101010110111110001011110000111111111001010011011110111001101011010011001110111110101100111010100001001011111100001101001111101100000000101110011101000001110110100110111110001011101111001010100111111110100100010101111	1273529.4	-1968.2999999999995
93	0000111101000001111110000001000011011110000010111101011000100100011110000010110100111100110101011011110100100100110011110011100011010110000011000001010000110010101010010101000101110110111011011101110111010001100000001101100011101000	1094282.7999999996	-2069.9999999999995
94	1000100101110101111010101010100110111010000011010000100101111110110000111001110011001011111100011000101000001010111100101111111001011100111100001101110010001001000000011100110111001111010100110000000001110110000101011011100100010000	1127410.6	-2062.4
95	1010001000000011001101100010100100101111011111100000001111101010110111110111111011011010010001101101000110100011000110001001010010111101001111111000110101111101000110111101000000010010110001011000001000001000100000001110010010000110	1217884.9999999993	-2076.2
96	0111001100110100101011100101101100101010000001100111111101000111001011110000001100100110101100000011110000010101100000111000110101101011011000000110001111101001110000010110111100010111101000100011111111011110101100101011010111011010	1139728.5999999994	-2025.2000000000003
97	0010001111010010000100111011111110001101100010001100010111110100111110010110100011000100011110100111100001011000010101001000111111000101101011001011011000100010101110100010010001110100101010110010011010000001010111111010100001110000	1134855.8	-2064.8
98	1010000001101010100100110011110110110011111010100011000101100011100100111100101111001001111001111110001101100111001111000001100100110101110010101101100100110110001000001011111110111000101101011111011101010111111101101001100100100100	1224452.2000000002	-2003.3999999999994
99	1011010000010101111011001111000101110111110001001110110111101011011101111110110011111110001010001011001111011101000111001001101011110101001111101111000001001111010101001001101111100001000011110111111010111111000001011100111010010010	1333591.0000000002	-1957.8
