SOLUCIONES FiN 

0	0101110001001000001010111001010101100000000011111010111100010101111100100111100001011111010000000110001001010011110000111111010011111001000011001100101101111000000010100011010100101100110100100111001000110001111001100111010101100010	1824073.1999999997	-1836.799999999999
1	1011010000101100010011001011000000110011100011011001100101100000100001001111110111011100100011011101111011011110000010010011111011000001000001110011011101110001110000110000001001100000000110111100011010101011111000011110000100000110	1817737.4	-1842.2999999999995
2	0011010110101110000100101101011100011011100101100011111110111001110111010001110010011000010010001001111110010101010110111110101111101001000111001100111101110101010110010010011110001101110111111100010111111010100011100100000010010000	2114647.2	-1767.099999999999
3	1101000011100011110011001100100101000101100011110010100001011110101100101101011010101100001101101011100100111111001111011011010111110101111101101100010110001000000110011011011001010000100000000110001001110011001001001001010100011001	1978444.6000000003	-1818.2
4	0010111101100011111101110011011010111011011110101111001110001011000110011001011101001100010110101110111111111110111101100000110101000001111010100010100111101000010011110101010010010110101011010011110000001111101101111110001011111110	2258000.8	-1725.8999999999996
5	1111010111101111001110101101100010110110101101100101110111001001111100001111001100010110101110111100100000010101101111011000110100101000111011010110011110111110011101011001100111100011101111111110100111000100001011110100111101101001	2233021.4000000004	-1717.8999999999999
6	1000000001110001101010101111010011110011001111100010111101111111010001001111000010000110000110011111011001100000001001001100101101011100111001010011100010001011001010110011000011110000011011000010111110010101000100010110011111011101	1918498.8000000003	-1812.3999999999999
7	0111010110100001011101110011001111011111101110110101111110010110010010111010100010000111100110000101001000010011010011000110100111101110001110011011011101110100110111110001101010010111011011101110010011110011101100000110110111101111	2208691.199999999	-1733.299999999999
8	0001001011011110011011011100010010010000101000010111110101111011011010000110010010101011001100001111000011101001011100000100100100011100101100101110101000110000100000111100001111110001000110110101101101001111001101010100000000100001	1810489.0	-1846.1999999999996
9	1100010001101101011001111101100001110111010101101001001111111011100111111010101000111000010100000110011101000010101110010000001010000100111010000111100010001011110110110000001111110100111000011011001100111000100011110001011110111111	1971045.8000000003	-1792.3999999999992
10	0101101101011011111111000100101110101110001110100110101110110111010110101110110110110101100110111101100010110011100010011010000011110011011010000000110001110011111110101101000001000111010011101111011010101100110100011111010011111001	2173042.3999999994	-1744.9999999999995
11	1000011100111101111111001000110000111100000001110010010111001111111001000010011101100101111110001011101100100110100100110010101010000101001000001000101111111100100011011100100111101000100010111110010111100100001101110010011010101010	1966095.0	-1804.6
12	0101011001001001101101101011110000110001100010001101110000001111001100110100001011101100111000101001101011111001001010010001001101101101100000111001111110110010101000110000101111101001110001001010000011010011111010111101000000110100	1877689.6	-1823.1999999999991
13	1101110010101001110011110100010010101100001000100000101100000101111001001011000001100001000111111110011111000110000001001010010000101101010011101100101110001010110111101111111101010000001000000110011100110110100111010101011101000000	1917443.4	-1844.7
14	1011001011001011111011001001111001100010100000100011011111111101101101101011011011100010010010101110011010111011001101010111100101100101100000100101111011101111111100100011001101111110101100110011000110101111110101001111101001101111	2236421.9999999995	-1728.3
15	0010111010011111100010111101100000100110100100011100110100010001010010101000111010010111010111001110000011100001101100011110111101000011101111010100001000010001110111000001100011001111101011001011000000101101011110100110011000001111	1897013.5999999994	-1812.2999999999997
16	1010110000110000010110101101101000111100101011100010011010000100001010010000100110011100000011110101000101010111001010011010110100110010100011001100001101110111111001001100001110101111001111000100110110010000010111111000000010011011	1831402.4000000001	-1838.9000000000003
17	1011110111111111001011111110101111100010110111111110101100101111001001111100000011101011010100001111110001111001011001110000011111110110010110111011000110100111111000111110011111111011010000011110100010101011111111011000111010100001	2387609.4000000004	-1696.4000000000003
18	1110010111110010011000010111001010100010000000101101000100111110010110110001000001101010111100011100010111100101100001011111000011111100111010101101011000110000101101100110001000000101010010011010111000011000110001011100101110000101	1916282.2000000007	-1844.0
19	1000010000001000110100001111010100110001100010001011010011011000110011000111000100111001001100000100101010010010111000011111100101111001101001001101101111110010001010010110100101001011001010010000010011011010111011000110111101100101	1845717.5999999996	-1843.0999999999995
20	1100011101110100101100111111111101110111110111001111110111100101111101011110100100001000111110110010011011101110100010001111011010001111111000100001110100100100101111010100111110111100001101110000101110100101001111111100110100101111	2308442.0000000005	-1706.9
21	1011010101011101000001111111011011111011011010001101011011001110010010100101001101111001010010001001011011100101110101010100101101010010111001101000000011110011111001111001101011101011110010011111010111110000010010110100111111011011	2174688.0	-1744.6999999999998
22	1000110101000001000110010001100100000111100001101101001100110001110010001001011110100110001010100111110100110010011001101100011001100010000001110111001100100010110011101111110000010000000110100011100111101001010000011000110010000001	1784840.7999999998	-1877.4999999999998
23	1010111011111010001011100101111011000000011101111110011100110111001001111101101011011110000110100100110011010110111111111011010111111111100001111111001010101101000111101000010100100101101110000110011110001001111010010010011101000100	2284247.8	-1734.2
24	0110011101001000000111000110101111011000100100101001100011001001110011000111011110111110100001011001001111000001100100000001111001011011001000100100111001110111001000011010000001010010011001010111000111011010010000100101110010011100	1794455.4000000001	-1849.8999999999994
25	1111100010111000001110101101111000011111010011101111100010100000011111000101001011011110101000000111100110011101111100011110011111011010110101111111101111110011011001001111010010111111001101010010111101100010000010111111111110110100	2315276.8000000003	-1712.7999999999997
26	0101001110010100010011110101110110011101011011110110100110110111001000000010000011001111011110010111100101011110110011010111001010010001111101011101001101011010101001010011101110101011100101010110100011011011110110001010011111001000	2083234.9999999993	-1768.8999999999999
27	1000101011010001101110011001010010010101111000011010001100000110010011011100101110111100110100111011110100100110100010001010101010000001001000001000001111011100100011011101111100001111001100101010011101101000111010001001100111100111	1879849.7999999998	-1828.3
28	1010110100001101101010110001100100010000111001111100100100010000001001111001010001111111011011011000101010101101111010100100101100000001011111100100100001010000101110100011001010101011111001010010111011011101011000111001000101101101	1881361.4	-1823.0999999999997
29	1100011001110001001010101001001000000111100010001101110010110010001111000110001110100010011011001110110010100110111011000001001010111101110110000100110011010110001000011100100111011100110010001101010011100111111010011001100011011110	1891700.4000000004	-1821.7999999999993
30	1011100011110101000100101010100110111010111110000001100001111010000010111111111110011010100100101010011010111000110011100110011111111100111001111100000110011001111100111010111010101011001001011011101001111100101000111011111011010110	2238368.1999999993	-1733.6999999999996
31	0101101001001001100111011110000110011001101001011011100101011010100111011001010111010111111001010010000011110000100101000110011000101000110111001100000110111100110101011000010001100110001100110010000110100000001111111111000010110100	1879894.4000000008	-1826.4999999999998
32	1001110101100101000001011010101011101111100010010111010101011001001011011111010100101100000001101011111101010110010101110000101100110111101110110011110000101101011000000110100001111000010100110111111100101011111011011000101000111000	2023277.6000000006	-1779.1000000000001
33	1110100010101100011100000011011011000100001001000111100010100110011110010000100010111100011111001010011111110100001001010111111011011011010001110010110101100110101011011000010011111101101011000010110110010011101000000011100100010100	1965568.0	-1822.4999999999995
34	0011110000101010010111001001000011110001110001111100111110011001110110000000100100111100110010011001011110011110011011010101010111010010101101000101101110100010000000110000010000001101011001010111010000001111001101101110101111101110	1891444.4	-1820.5000000000002
35	0001000101111011100101011011010111000011110110100100110100000100011100001011100100000111001101011100111000111010011101110101011010011110100110000101001001000111010010010000110110010010100110000010110100110000001000110100000101000111	1758299.8000000003	-1853.0999999999997
36	0000010010100001011110010000111010100010110000110111100100001111111010111011000001011110000010110010111000000111010010101111000100011000010100010011010111010110011011111011000000110101010010001111001110011010010100011010010110011100	1888786.2000000002	-1840.9999999999995
37	0110011111101101000100110011110011111100111101100011101010110110011110110111011001000001001001110111111101100101110111100001101110001111111011110111101110000111010010000101011100001011001101100000010011000110110001110001110010101001	2157073.4	-1750.5000000000002
38	1011001000011010111100101111011111101100011010101111011111101011101100101101011010101100001101101011111000111111001111011111010011110111001011111111011110111001011001101010101101100011111011111110100001111100111101100001101011011110	2459985.400000002	-1672.3999999999999
39	0000011110101011111010011111000000001111110000110111111111000000010111000111000010010010010001010101101111001001110111010000000001011110011101001100101100111000110010000000010110011000010001011010010000111000110110000011011100100110	1772534.6	-1852.3999999999985
40	1011101010111001111001010100110111110110000000111110111010000001001111000001100001101011011111010011111010110001011000011011111111100110010011100001111110111001111100101010101011101101101111000111100110111000010101011001000011101010	2179163.9999999995	-1757.3999999999996
41	0101101101010000011001111001110100010101011010111111110010110101110111000110000001000010110101101110111001001000110110000010001001000101111111001100101010010101101011111010100001110001000000011101001001101101011001001100100000001100	1910048.800000001	-1827.8999999999996
42	1011110001110010100000000100101000010110000001010111101111111010111110111001001010011011010000001011001010000111101100100110101100101001001101010000010111010100010010011011011001011110111000101111001000010010001101010001110100100111	1871902.5999999999	-1830.9999999999995
43	1010100000001100101100010110101001011011110010001100101000100010110110110111111001111111110001001110001000001000100001111110011001001000010101101011111111010011101111001101011100111101001010110111010101111010011100010110111011111010	2096772.0	-1774.2
44	0101100000011000101100000110000011010000010100111000100011110101001110110010011100101010100100101001000110000010001011111000111011011101001001011011111000000001010101000010000110001101000000010100101101110011110001101101110010001010	1682299.1999999997	-1880.9
45	0000011111110010111011101100000001101101110011010101100000011010000101110110011111000100110101111011100011101000010000111011111110111011100110000100110001111110010011001100100000100100010110100011101100100100100101001110100110110011	1992490.2	-1805.8999999999999
46	0011001010010101101001110101010001111111001100000001011011011001111100011000111001110111101010111011101001111100101111001110110001111110101000101111100000000001000001100110001010000010001000000110100111101010100110000100000000100011	1905090.5999999996	-1838.4999999999998
47	0111100011010110011001011110111101010101011111011000011001011010101000101010100011111010100000100110011010100101010100001101110011111101010110011011000101101000111000111111011110100110001000000001100101111000110010001111101101111011	2102233.4	-1776.0999999999995
48	1001011000111111111011110100000100111111100111110010011110111101010001100110000001001101001110010010100000100100010101110010111101000011101111000100001101110001110111000001100011001111101111100110010111111111110001000001110011010100	1996523.7999999998	-1776.0999999999992
49	0100001011101101000100111101000101001110111111101010100100111011000111010010001110100010100110011100010010011111101110000101011010101011111111101100010001000100111111101000111010101101111101011110011011110110001100000111001011111111	2166842.1999999997	-1756.5
50	1010101101000000001100100101010000111101110011010101100010011010000101110110011111000100110101111011100111101001100101101110000000000011010011000111011111001101000101101001110000000110110000011001000010000101000101001001011100110010	1819173.0	-1853.5
51	1111111000011010010100100011000010100001010001100101111110010110001101001001000000110101001010010010000111011101011011111011001000110110011011101011011101001010110111101011011001011110101000101111001000010010001101110111101011010101	2073471.3999999994	-1800.2
52	1000110010001110001001001000010000101111101100111010111110010000100101001110010100111111001000110000100011101010101111101010010011000110111101100011011101101000010101010111001111100101011101110100111000101011101000110011110000000101	1969196.8	-1815.9999999999998
53	1100010001110101010100000110101110100111110101100101110011111100110001110011111110001111000000001011000100111011001010110011100110101001001110010100001001011100110111110111001010101010110000100001001111011001011110111011100000001001	2066805.7999999996	-1790.9999999999995
54	0101111101100011101110011001111011011111000011100001010010000011011111110110110010101010111010110010100011100111100111010110011100110011110001111111101101101100010100001110100011001011111010101011010111011111110111111010011011000111	2279737.1999999993	-1724.4999999999993
55	1010001011110111001000011011001000011011111001011111001010000101101111000011011111001101111001101111100011111001010111100110011111000110100101100100101110011010001101111101011001001101010111010111111111000101101100010111110011111100	2282856.8000000003	-1725.4999999999995
56	0011011010000000100000010100001111101010100111100000001110001101001011110100010000001110100100100101101111111111100100001110111011111000000101111000000011100010101001001001011001100001100100011101010000100100011100101100010010001010	1748284.2000000002	-1863.7
57	0001101110100100110101101000011000001110111111111011111111101110010001011011100101001100001000101010011011101110110010001111011010001111111000100001110100100100101111010100111110111100001101110011101111000000100111111001011111001001	2143916.6	-1748.5000000000007
58	0011100000101100110001001000011111100001010010011010001100010001010111000110100111100001000011110011110010111000110100001110010101100110100010111011011001001110001011001010001110101100101100110001010100010100010001000110000010111001	1780024.6000000003	-1862.6000000000001
59	0111111011111111100010101011101100010000001110110000111110111011110100111100011000111110011000110011110100101000000101111111110111101100001001110111111101011010110111000110110011110010011111011111101001110101000101010110110111010111	2337965.6	-1715.4999999999993
60	0001000100010001110110110001011010100101011100001011100111101000011010010011100010011111010100011000000010001011110000110010000110110000011111010111101101011101001010000101011011001110000110100100101111000011001010110010001100010100	1741793.2	-1858.799999999999
61	0000101001110100111101011110110110001110011010000111001000010100010011000110010001011010010100111001010001110101111010101110000110001111010100000000110101111100001011101111011000101111110010011000100110111001110100011000101000001101	1939001.4000000004	-1824.4999999999995
62	1011000110111010010110010100101111101000000010001101110110001001010000010101111010000011001000101110011010101000110011100110011111111100111001111100000110101001111100111010100001000100110101110111100111100110101001011111100010011000	2062262.0000000002	-1795.4999999999998
63	1000110001101111010110011110101100001000001111010011011110000110001100111100000001111011100011111111001010011111010111000111101110010000110000001111101010100001001010111110100100011010001001111110100101000000000001110100100110010111	2020118.4000000006	-1810.9999999999995
64	0100101101111010011111001011100010101110110111100110011011101110011011111111101011001010001001011110111011101010001110111110100001101001101101101101001110111010010100110001101100100000000111010100100111111101011101011110101111010110	2243006.3999999994	-1722.2999999999997
65	1011010110011110010101100110100111111010100001111011000000001000110011110110000001011010000010101110011110101000010101010110001110001111011101101101111001011111000011110101100111110011010010100100010100011010010001110101000010000001	2004375.6000000006	-1808.8999999999994
66	1001011011011111100101010101100011000100000101010101010001000111010010100111110111100010100000111110101100100111101011111001010101010100100110101011101011010000010100001010001100100110001011010010001001111101000010111100110011100100	1899299.5999999999	-1826.8
67	1001100110010111110111101100100010110001000100110101010101101010011101110011101100110110011010100000110011111011011100101000100001101111001011000111000001101100001000111111101111000000100001001101110001110010111000111011101100010000	1990657.3999999997	-1805.8999999999994
68	0000001111111000001011110011010100000111000011011000111000000010100100110110000110111010101011010110110111100110100100001000001100001101010011100111011010000110000001100001001001010001001110101001010111011100000101000111001111001101	1712212.4	-1859.5999999999997
69	0000001010000000101110001010100000000101011100101110011100111101100000111011011110100000101001101100111011101000010010111011101111110100110010100001001000010001110101001011100010010010000110101010000101001100110011110110010011011000	1807934.4000000001	-1855.1
70	1101001111010010101000011101011000010001011111100111000011011111010000000011001100000100101100010111011001100000011100110100111010110110010000101101111010010000111001111000000011011000101101001011100001010000111001011001001001110101	1843028.2000000004	-1838.7999999999995
71	1011000011010100101000101001101001110111001001101010110111001001111100001111001101010110101110111110100001000101101111110000111110101000111111010110010011111100101000101011110011110011010111011000000101011100101010111110011111110001	2134493.4	-1749.0999999999992
72	0011011101000100101111100001110000101000011010111111000000000011100010100110111111010011010111001001011011010011100000000010100001100101010100011000010011011011110111001100001110111100000110110001010000101000000110011101001110100000	1813320.2000000002	-1852.8999999999999
73	1000001000001011101001000101000001000010010101011011110011000100001110111000011010110110010011100011100010111111001010111000101011010000110101001010010001000011011111110000010110101000100101111111001001101111110100111000100111001011	1893409.2000000002	-1836.3000000000002
74	1100011000111111000000111001001010010100100111100000100011100111111010111111101110100101000001000100001101010011110000011011100011011001011011111111100001111011000000011011010011110010101111000000101000110000110111001101100111011110	1982471.7999999996	-1797.3999999999999
75	0100000101111001100110000111001011101010111000000111100101111010001101001100011001010101010111011000001001010111100000100011101100100010100001101100001011101101000000001011110111101000010110010011110000110000110101010001100010101110	1763426.4	-1844.6999999999998
76	0000100000100111111000101100000010111101010000100100011010100110111100011100000000011000100001111010001101100100011101111101000110010011011011000111111000000000010001001101010110110110110111101000111000011010100000100110010001100110	1708177.2	-1868.899999999999
77	0110111010101111100111111001111111111010100001111011000111001110101101111011100101111100001101100101011100111100010001110000011010110010111110001011001100101010100101111111100100111011001100111011000100101011001101001010101101101101	2278097.5999999996	-1723.3000000000004
78	0101001110010100010111110101110111001011101001011010111111101111101100011111000101101110100111100100001111000100111101100101000101111101110101001111100010001011110110110100001111110100101000111011001100111000100001111010011111000000	2205821.0	-1747.2999999999997
79	0110101110000101111000110010000000010111011100000000101000011000001000010000010001101011111101000101100101111100110101000101110011101101000000100101111110001010011100110100100010110111101101010100101110001010010010100100110001011100	1800631.2000000007	-1861.2999999999995
80	0000100000100101010110001011110001110111101011111110011000000011110111111010111110110100100011100111001001000111000000010001111010010000110110011110100010100100101001101110011100011101101010001010001100010011001010001000011100000010	1857756.0000000005	-1838.9999999999998
81	1001100110111011110000110001111100110000101110001001111100110101010101000010100110000111100111000000110001110011101000100110011100000100011000001001000000001000110111000100100000001111100111000101010011101010010001101110011001111111	1752788.1999999997	-1838.2999999999993
82	1010111101110000011001111001100100010101011010111111110010110101100110101010110100100001111011111010010000011110010100010000110111100011001110001110110100111100000010110011010010100001101111101110100011011011110110010001011110111111	2063251.4000000004	-1768.3999999999994
83	1101000011100011110011000101011110110100111010001001110001000101000100100101101110001001100010001001011011100001110110000111011101000111110100000011100011110110010000101011001101110101110010011100101010000010111011101101010100011001	1879751.6	-1811.7
84	1010000011010011011001011110010000001110100101101100010111010111110110110111001110100010011111011110010010100110111011010101001011100111101101010010100001000001000100110100101101001101111111111111000010001011110001100100011101101100	2031251.0	-1790.9999999999995
85	0111110011000110100100000010111001011001110110011010000100001100100000100011100111000010010101100010010011101011010010101011111011101000010110010110110001010011011100111100011101110101101100000010001100100110100010001011110111011101	1947395.4000000008	-1825.8999999999996
86	0001011010101111001011111110101111100010010110111110101100100101101011000110011101011111110000111110010101001101111110000110111101011100111001000111000011001110110010100110011110010001100111011100101001000111101001100110010011110101	2186817.1999999993	-1748.399999999999
87	1110111111000111111010110110111001010011111100111001111111011111111001110110110110010111101000101100001100101010001111110100111100111101010011101100101111001010110111101111111100111111000100011011000101101010110001111000001101101110	2446135.1999999997	-1683.3000000000002
88	1010100001111111011110011001101110010111000101110111000001111010010010001010100111110100011000010110010100100000001101000001010100001001001101101001110000000111101100001011101111101111010100001010001001101110010111010111010000000010	1803788.3999999992	-1839.1000000000008
89	0001111101100111111010111011000100010011110001000100101010000001110000110000101101011110110111001100000111011001010001101010101101000000100110001101010010101111110100110100011001110010000111011101100000101010100111101111001100010100	1924607.2000000002	-1817.499999999999
90	1101101001011110010100011011001011000010001001101011101110000100000011110010011011001110101011010110101011000100100101001000010011010111101000000000011101100100011001000000100010001101100001111000000010101001111001111101000001011001	1621185.0000000007	-1867.1999999999996
91	0100110101001011001010011000010010101001010011011010001010000110010100001001000010101100001010101000011110001010100000110011010110100110111000010110100001001000101110010111000111110001100000100001001010111011001010001110110010101100	1716532.7999999998	-1884.0
92	1101110001000000101110010000101000100010110110110011100101001001110100100010111101000010011011010001011100101111001110110101000010101000101010001100011100001110111111100010001101010101000110011011000010000010110001001011011011110111	1889408.8000000005	-1839.8999999999999
93	1101011110011011011110000111011110101001000010001001010011011110010001000110110101000000100111101101010111110111100110101110100111111010000000111001110100110010101001001111101111011001010110100101011001111010101001011111010011100011	2137224.1999999997	-1755.9999999999995
94	0101010000100101001101011011110000010100010101101000110001010101000010000111011000111001101111001011111100111110110000101110110110110111101001011101010101110101100110110011011010000011011011111000011110001010110100000101100000110011	2055656.6	-1798.7
95	0001001111000000100111011011010010000011100001100111110100000110110111011111010001001110100000110100110111101101001011100000111111011010001001010101010110101101100100001100000010001101110010011010001111110011110101000101000010101110	1937616.7999999998	-1820.7999999999997
96	1101011110110000001111000100001110111101011111010010010001100101101011000110011001011111100101111011100110011011010011011001010111001100010101100001000110110111101111100001101011010110101001000101100011000100000011000000011101000001	1980081.7999999998	-1806.2
97	0111000101011110101001100010010000110000101000100110011110110110010110000111111101110100001100001011000110010100001101010111100101101100100000100101001110111011010110110001101100100000000111000110111110101001110000101000110011010000	1856648.6	-1836.0999999999995
98	1111001011000001100100100100000110001100001011010111111110100101101000011110000010000000111100001010111010100100000101001001000100011111101100011110110001101100001001011100110001010100101100110110100101001100100110110001001000001100	1761381.6000000008	-1864.5999999999995
99	0100001100100000101010111110000010100111011101111011100111000001000011110000010111001001101100111110100111011010101000100101101110001101010110111001010110111010111100011110110101011110100100111111110110111000011110110011011101001001	2121526.8000000003	-1762.6999999999994
