SOLUCIONES INICIO 

0	110001000011010010100001011111111010010100011010100101011000001001111011000000000010001110001110101101001011010011010100111001000010101110011110101101100010011011011011110010101000101000101001100110001011010011010011111011000011011011	1123362.9999999998	-2069.7
1	111001101011001100100110010101001101001011011010000011001101011101000110110111000000110000101111110011111010001001011000111011111100110110011001000111111110111111000101100111101100100101000011001110100001011001010100110000000000010111	1219381.1999999997	-2049.6
2	100011000111011110011101101000110010101111110000111111101110111100110011011000001001000011111111110111001000100000001111001110001100110010001101011100101111001001000110011101011111101101000111000011110110100000001110010100011101101110	1194648.3999999997	-2026.0999999999997
3	111110011011111010101010100110001100010100100011010010101101011000000101010111111010010110101000110010101100100000111111000101111010100100111110100111101110010011000000100010101010101101100000001000001100001001110110010100010011110000	1029081.9999999999	-2078.6000000000004
4	101011000111100011111110111000010001010011010000100101110000011100101010000001110010001001110101101101100111101001101000110111011000010010111011100011011101011110010101101111100000100000000111000101010110010011111010001110001111011101	1203291.5999999996	-2057.9
5	011000101010001101111111110110001010011001000001100111111101010101110000101001001111110100011011111111000000111100100001101001100001100000011100010010011101110011101100010001100111011100100110001001101010000101010011101001010100111011	1095378.7999999998	-2059.7999999999997
6	010101010111101001100001001000110101100010110001101010010110100011000111000000100101110111111100111101011011110111100000001100101110110111100100110010111010101101100110110101111100100000111110101101010000100000111100001011001000111011	1211699.6	-2048.8999999999996
7	111011111101110010000110100111110101001011100000011010101111000010101000100101000111101111011101011000111101110001101000110100110011010111100100110110010000111101101111100110010101000100100001111110101011011110111101011000011011010010	1265667.5999999994	-2020.7
8	101110101001110001000110101000111101100101101000000111010101010100001010111100000101010011101010001101101010000001110101100011010011000001110101001100101001011010011110011000100111101001001101010101101100000111000011100001000011011010	1055759.9999999998	-2094.699999999999
9	111000111101100011001110111100111001010001100101110010000000110010011100101001111101011010010110011100000011001100011111001001011000101000100001110011111001111110010010101110100000101100100011100000110110011110101001111011111010110001	1155461.0	-2047.0999999999997
10	110011111111101010100100010110111000111101100001000001101000111100000001101111100011101101011110101011001001101000010000011001000110001011110010000101110001110011111010110001001101010101101111000011010000101100101010000110011011000001	1076816.4	-2066.1999999999994
11	010000101011010011001111111101010000100110100011010100101010100001100010001111010101101010001000100101000011010101111101001110110111001100011100110110000000110001000010011100001001000111110001101100001011101011100001001000010011010101	1023860.4	-2100.9
12	010001001111111100100110000011100010100100001000111111100111110111011001010011101010001110111110000111010110001010110110001011101010001000100010111011101001010000100010101111101110011101101000100001110110111011011101111101100011000111	1195053.000000001	-2021.7999999999997
13	000100111100011011000100111010010110011010010110101000101011110001101000000101010001010010110110110011010110000100110110101011011111010100100001111100110000010001110011000001100101101010001001000100011110110110001101101011011101111111	1067796.2000000002	-2061.5
14	100000010011111011010111011001010010101100010111011110100001100111101110101101011011100111000011100111011101001011111110000010101010001111001110010000010010101001111010111010000000111101100110101100010011011111101100111101100000010101	1209046.4000000006	-2030.4999999999995
15	010001011111110011101011011000111000011010111011000011000001101100001110100101101100010101100001010001010101101100001001011100100111101001000010000111101010000100001011000001100100111010110111011101011101000011010101001011001101011001	1025201.5999999996	-2083.4
16	001111010010101011100100101001100110110101110000110010110000011101100010011111000101000011000111101100000111101000110110010100111000010011000111011111000100111010100011100011000100011000000000110011111111101000111110001010001001011010	1084729.7999999993	-2088.5
17	100000011111101110000110010101111111101111110100111010101101001111100111000000100000010111110011011111001111001100010101010000001100010011100111110001001111001100011110011111111111101011001000010110101010111110001101110011111001000000	1283098.1999999997	-2013.5999999999995
18	110100001000010001110010000101001100010111110101100011001010111001010110000101100101011100100001111000101011011100100110010101000110000001000001110010100101010000000101100110010000101111110011100111001100010111101101000010000010001001	984597.1999999998	-2126.2999999999993
19	110000110011010110011010110000110000110000010011001110001001011010011010101110100110111110101000001100011000111011000100011100110001000101011011001101000100100010010010000111100000000111000101111110100000110101110110001000010110010111	982417.7999999998	-2106.1
20	011010000000100011000111110101001100011001011000101000111011110100011111001000100110100110001110010101001001011011011111100110001111101111000000000101110000100000100110001001111100101000110111000010111100100101100101111110000001000000	1045335.5999999999	-2094.4000000000005
21	011000010000101100111000111100101001110111011110111011001111100000100101100110001111111011100010010100001010010110011011111011100000011011010001110111101000011100010111011110111011100111101111010101011100001010101000100011100010000111	1250712.5999999999	-2030.3999999999996
22	100001100011000010100000010101101000011110010111010101110101101000000100101110010101110100100111010111001001000010100100101000101111011101000100111011111000100111010101111011110001111100000001111101000010011010000001000111100010110100	1152926.6	-2090.6
23	100011001000011010000000110111011111101011111010010001001011011011001000000010111000100011100010100111011001111111011111111101000010100100110101000110010110111100101101110010100010100010011101000001101011010101011100101111110000100011	1205659.7999999998	-2053.7
24	101001101001001000101011100010100011000001011101000001100100010010001011000010101101000101000100101000100110010011001110001101010001110101010110001101011110110011110010111000110001101101101100000111011100110100100011000011010100101011	1038902.6	-2111.1
25	011101011010010001000001100111110001101010101110111101011001101000100110111111000100110110010101010001011111100010001011111101000100000011010101001000110011010011111110011101001011101110000001100010010000001110010011010111011100101011	1190965.9999999995	-2053.599999999999
26	110101110101001011100101111110101110110010110010001101010101101111001101011100000111000110001011001101110100111000000101011000100101110011110001001010111010100101001110110000010000101001111011110101001001101101100111010001111101000010	1143892.8000000003	-2040.999999999999
27	110111011100111101000101011000101111011101100111111010101110001101000110101001101111000010100001011010110011101001111101000001100010001010101010011010001000100100110101011000001101000111011110010010110110100101001011001111100011011100	1115806.8000000003	-2048.0
28	100000110000100111001001111101001111010011000110010010110000001011110100101111011101001000010010110000001010010001001000100111001100100001000001010100110110000010010000111111010101100011010111111000011110000111010000000010110101000101	1000935.3999999999	-2121.199999999999
29	001100101011101011001101111010111101010101010111000100101100111010110110100111100000101101001000110001001011100111011000010010110110111110110000101010100011010100100001000000110100011001100000111111111010100011111001100111010010101101	1026667.6000000001	-2045.0000000000005
30	001011100001111010101000100010000001000010101101001000111100000010101000100100001010011100101001101001011000011100010110001111010110110111101110001100000011111100011000100011101010011101011101101000100110010001010101000001000001001110	1026143.7999999995	-2127.099999999999
31	000000011101001011111000100110001001111111010101111011011000101111011010111001110011111101011000101001111001111010110110001110000110101111001100100100010101111100100100111011010011011101011100111001101001011101110101001000000001000011	1232127.4	-2023.299999999999
32	101001000110101100101001110001001011000110111001111010011000110010101010011111001111111001011000001100101101110011110100011111111110110010011011110100010110000001111100011000101010110111100110100111101110100101110111011111111100001110	1214714.2000000007	-1998.0000000000002
33	011011001111011100101010010111110111110011010100101100100100011110100100110000010011010100101111101000001101110000000001010010001000111111100011010100000010011101111101010001010001000111011100011100001010100001100001100101001011101000	1066274.4	-2086.899999999999
34	101010000110011100100110001111111100010100101001011111111111011111001000000010011111001001111000110101100011110101100110111001100111000100100111000001111101101100011001010100101001101110010100001000100010000111101000101101011101001110	1144035.3999999994	-2050.0999999999995
35	000011110011011001111100110000101111010111100100001111001101110101110010101001000111010011001100111110101100001001010010000100100011110011010001010100101100011100100100101110101110011001100010010011001000010010101010000010010011011011	1088646.2	-2082.4
36	100011100101100001001100110001110110001001110010010001001000000111011011000010011011111111111010001010110100000111000111111111011011011010001101010100000110101000001010011111100000001001111000110110110111111011000110010110000010100111	1164747.0000000007	-2064.3999999999996
37	011011100111010000001010011010110110110011011100010100100011101011110010110100100110110101011111001101010100111000000001011011111101100011101011100100100000111111100011111011001010111101011111100110001001101001110100100110001001000101	1240497.7999999998	-2037.8999999999994
38	101100010101111000101111001010000100101111011010110111111110100110100111111010111111111011100011111101101001101111000101001000010000110010000010101010111101001100111110000011001111001011110001001010001011110111000000110001101001001010	1160087.6000000006	-2029.7999999999997
39	000010100000101000101001011001101010011111001100011101101100000001010111010000011010001111101110001100100101001001111010100010111011100101110100110001100000101110101111000010101101111010110001110000010010010000001100011111010000101000	1081552.1999999997	-2103.7000000000003
40	101001100111100101000001110000000100001011010010010000010000010111101101010101001111000111100000001010110111000111100100111000110010101001100101110011001011001010000110001010001100101101010010011111011001001100001100000110110100110100	991555.4000000003	-2116.1
41	011111110101010111111100101000000000011000011111101011000111001110010111010110000000000000110110011010010100100011110011011001001001101010010011011001101001101011110110010110001100101101101110111001000011100100010111001111001001100011	1136220.2000000004	-2049.5999999999995
42	111001011111101001010010001101001110011110101110001101001001100010100111100010001010111010001110111101101001000101111101000011000010001010011000101011001101111101111111000111111110000000010111110010111001000100101001100111111101000101	1236379.6	-2027.1999999999996
43	111001111011101101100101111010100100001010101110111101001100010001110001111000010100011111011101111110000111100110001001000010101110000001000111010000100100101110111100000101101101010001001100000101100010101001100101000110110010100001	1066762.8	-2083.6
44	010000111111011010101100010110111001111110101011111011010010000101101011000000001001010111101011110111100000001101101101011100111111101100101001010111111011000001001011100000001011110000111111111110111011110101110110110100111000101010	1211372.0	-1998.6999999999998
45	010011011100101011101110011100010000100000101010010001110100001100011110111010101001100011011101110101011010111000101000000011010010100010111001101101111001110110000000100010110101000110100010101010011100011101000101001101110111011010	1011183.9999999995	-2076.4999999999995
46	011001100001100000011011110000011100110011101001010111101001111011111101110010110011110101000101010101001000011000100110011010111000011111100110101000001110100000100000010010101011010010100001011010000111000010111001101110001111110011	990158.0	-2073.9000000000005
47	010101000010101011001110011000100100111101001110001011111011000001001010010010111000001000111001000001110010101001001001111000100110011010111110111100101111000110110111110110101111010011111110111011011100001100011110101101110111100011	1234825.8000000005	-2023.1
48	110111010100101011100101010101001011111001111101111100010101000110101000100111111011010101100111011000011110101100101010001101101110001011000100000111000110110111100010100011110111000100011110101011100111010000000001100101001010010011	1144219.4	-2042.7999999999995
49	011000110000000000001101110011100111101011001001000101110110010000011110110101010010011011010011101010011110100101110001010000110111000110001011110110001111101011100110001001011001111111000100100011100101111110011011010110011001011110	1130281.2	-2049.3
50	110011100100010110001101110001010110001010111001110011011110101011010001100000010010011110011110000011100001111001101101100001010011110100111111101100110100000101001001010011001110111101000010100110010101100001110001010101000011101001	1132134.4000000008	-2063.1
51	011010010111001001001100101011111000011101000100110010110111010100001001001100010111010110000001000000011101101010001101000001011010110110000101110010001011111010000100001010101010011110010110100011000111010010001001011001000010000011	959666.7999999999	-1892.1000000000004
52	001001010100101101011011001100010110101111110100101101100010100110010011000001111001011101010110000011001100101010101011110011001000011110101101000000100100101010010010101101101010010001000001001000100110011110011011001101000011111000	1095366.4000000001	-2094.8
53	000101011010000001110100011001000011000001011001110101010100010100110001111101001110010010101100000101101101110010101110101100110100000101010001011001000000110110001101100001111101000100011011011111110000101001001100010101101110111000	1040287.3999999996	-2095.6999999999994
54	101000111011000100110111001001000110000100101001110100000000000011101001000011111100101000001110001010001001010011010100111110100110010000100100011111000110001100101101011101111011000000010111101000110101010010100000000010000001010000	1038254.0000000002	-2145.2999999999997
55	011000001001101111011101110011111101100101110101010000001010001001111101100011110011100001010110110101010110111111010011011010110100011001001110010010011111111111011001100011001000001010011001010001110100101100110111110010111101111100	1244147.5999999996	-2005.5999999999992
56	101001011001111101011111011000110010010101001000101101011110111001111011100111001001011110110000000111011101000000111111000101010111011000000110101000110011111101001111101010010100010010000001011010001100101111001011111000101011100110	1232522.6000000003	-2030.9999999999995
57	000001101010010001000100010111101011010000110011000010110011001111111001100101000000110000111110011000000100010111010100001110111010001011011111100011111111110011001111001110001001010100100011101000000110110001010010101010101011010111	1172624.2	-2073.7000000000003
58	000110011111101011111111001111001111111011100100001111101001000100101000110101111000010000110001011100111011010110000100101011001111011011000101010011110111110111110100000001011110101000010010000001001110100010010011011010010001001110	1121153.3999999997	-2041.4999999999998
59	100101011011011001111000100100101010010010101110100110000101010101011111110011101111110110011000110000010100000000011010010111000000111110100110000110111011100111000011000100101011000001010111101010011011000001110001010001111111101011	1038210.3999999997	-2062.2999999999997
60	110011010100110000001000110011110101100010000110110110101010000001110011011110010110100011010010011001010011001010001011011010110111101001101010000111100011101000010000001111100010111101111000101011010010101110010101011000010111111111	1096742.0	-2059.6
61	000111011100001011000110001111101011101000010101100111001000110111111101111111111001101111001101011110010001011111110100100110000110110110101000110100010011110110010011000101011001001000001000111010001111100000001000011111001010010100	1152789.6	-2049.1
62	100101011100001010010110101100010111011110001010001110110101001000011010100100010001111101000000000010010111010000101011000111010110111111001100011101000010100000010100001111011000101011010010111111110001011111101000100111001000101101	1086703.8000000005	-2081.4999999999995
63	001000111100101100011100001111001000111000010011100111111111000001001100111010000100100100101100110011110111101010000011110101000011100101001001101101011101101011101001010100011001110100000011011010011000100111101100111010000010010100	1099412.8	-2074.2
64	000010000010011001100111001100000011000010000110101011011011100100101101001001100101101011101110001010110000100101001110011011111000010011010111001001110101000100010110100001000110001110011011101000000101011010011100001111000111111101	1026316.7999999999	-2100.4999999999995
65	110011100111111110111001101010111111101000111100011010100000111000001100000000000110000100110011001011111010111011001101000001110111011111110001111101101011100110011111010100000001111111110010001100010110010110010001000111001111011110	1264294.1999999995	-2021.5
66	000011110000011100110000000011110111100010111000011000100110000010001110010011101101000110010100001001001100000111111101100100110111001110111110100101011001111110111100011001010010010101011111000101111100101100101100011100101011101000	1154888.2000000004	-2063.1
67	100111000111011001110010110001001101100110101110111000001001000000111100000011110100110101110011100011110111001011111101001101011100010110100110101110001001001111001100010011110110000000111001110011001101110111010000001100100010000110	1155492.6000000003	-2065.8999999999996
68	011111010100000100011000000111110100010000001111110101101011111101101111110010000101101011111100111010001101000100101101000100110111110110100111011000100100001000110010111011010011011110101001110000100001110111110010100010100111111101	1185531.4	-2034.3999999999994
69	000111111101110000101111011000101110001101101101101010000101100001001011000110111100110101100110001001100100100001001000000100100110111100100101010001001110011111110110110110000110111010011110111000011001010010011111011000111101100001	1138978.6	-2057.7999999999997
70	001000011100100110011010101111010011001010011111110000101100101011101101001100111110101010000001100100011001100001110001111111000000101111101000101110111011100111100100011110001100000000011110100110110011011001101000010010110111001111	1176567.8000000003	-2054.8
71	011110101100100100110001100100111101100001111110011110011101101100111011011110011100110100101001101000101100011000000011001101100010001000101011010101110100000011101001100101001000100011110010010111110011111100000100011010001111100110	1101670.6000000003	-2057.7
72	001000001100100111001101110011001010111100000101100011000101011010001100100010101101000011011101000010010001101000001101100000010000001000011010010010111111111100001110111111010111010010111101111110010001111110011100101110010010000010	1152018.2	-2090.2999999999997
73	011001100110000011011011111000100100000110001001101100110000111100011011010000110001101110111010001101000001101110010000111011111101101000010101111011011111110011110001001100011101111100001000010011110000111110100110011100011000111101	1123086.8	-2037.3999999999996
74	001100111101000011011000010000000010100111010001010101101110110100111101001010000010010100000011100101001000111011000011100010101110000110110001111000111110001100100000100101101100001000110000010111101000000101111001000111000010101011	975881.0000000001	-2121.6999999999994
75	000111101101000100011010111011111111110110000100110010001001111101110011100101110010101010010000111011011011001011010101110011011100100000000111011000111111000110111001000001010000100100010000111110101010001011000111010111101110110001	1125407.8000000003	-2037.799999999999
76	100000101100001000101011000000011100100111011000111011110010101001000010000000100000011011011110101011001010010100110011110001110011001010000000000110000000111101100000010000110001000010011010101010101001001010110100001110001011111010	847823.1999999996	-1915.1999999999998
77	001111011111010001001101101000100010000110111001101011000010001011110100111000101000100011101011111111111000111010011001101111001100110100100011000100011111110110001111110010101000110011010010011100010011100011101010001000011110100101	1214349.3999999997	-2049.1999999999994
78	111001000000101101111011100001101100000100101001010100110110101001010001110101010110101101111000100101001110111100110110010110110111110000000100101100000101100000110000011011011111011001001111001100111110111100110001001111100101100000	1108001.6000000003	-2058.9
79	101100001010000111011101100010100001010110010001001111001000100100010000010101011110111110100001000010101000111100010001000001010011011111110101100100010101000001010010110111110100101010010101010010100100000100001000010100010011101101	1025603.3999999999	-2132.5999999999995
80	110001101110101010010101111011001110101000100000111101111111110100000000001101000110000010101011000000110101100000000001011111110000111010101101110000011101101110100100111011111011110010111101000110011111111001010001100111000101000100	1155414.6000000006	-2055.7
81	101101011001101110010111111111100011001111001001111001111111100111100010100111110111000001000010101010101100011000101111011001000100001011101011000001111001010001011110010010000000100011001000011101100101000001001101100000100111001110	1138190.6000000003	-2065.3999999999996
82	111010110010010010000101011100111101101101010011011101111001000110010100110010101000001011010101011000100000000011010001110101100000010000011000001011010101001110111101011010001111100011100011101110010010101111101100011001000011111111	1063616.4000000004	-2069.1999999999994
83	010011011010000100001001100110111101100001110010011110010110001011010001000000110010001110001110101001110010100110101010000101111100000110011000010111110011110110111011011001000110110000011100010101000000111011101111100000001010010111	1131966.2	-2080.1999999999994
84	010100001000011111111011010000010100111111110011011001001011100001011110110101110000000011100110110000010000101110100000100000000111011100110110101110101111111110001001010100101000111111101001110111011000111010011101000000101010100011	1084752.8000000003	-2055.2000000000003
85	000110111110101111110111001010110111011110011110001010000001101101101010001000011011010001100000111001000111001110100111011100011011011111111000100101110011010100110101010011100100000111011000010100110101100111010011101100001001100100	1192855.9999999998	-2040.4
86	101001100110001010001000100110101001110010111001110000111111011011011011100101000100001111110100110111111010010100000001111111001011010010110001100100010001101111101101101111011000010101110101011101001000100001011011011111110101100101	1266248.8	-2031.2999999999997
87	110011110001010001111011110100101100000000000111111110100001111010111111000110101011001100010111011001100100000011110000001001010010111011110100001011110010100111010110010100101101111000110001110101011100101011111110101010101000001011	1105748.2000000002	-2037.6999999999994
88	111111110010000100011000001101000100110101110101001101111101010011011011101010000110010110001101101100110011000110110101111000111101111001100110011111111101011101000111000000001101100110011010001010110100100101011001110101100110010001	1172815.4000000004	-2035.9999999999995
89	100111011001010101100101011001011111101001101001101111001100000010101101010111100010100100111011111000001111110011101000110111000110111101110000100011011110110000110011011001000000111011001001101011010101011111000000100100111010111010	1194973.0	-2028.0999999999997
90	101010100111010111101110101110111110010100111111100110110101101010001011111100010000000110100110110111000000001010011100010110010100011001100111001011010011001101101000011101010000010001110000001010010110001001010001001010111000110000	1082600.7999999998	-2073.5
91	011010101011011100010100111101100100010000001001100011010011001011100101001000111010001110000111000001011110001000110111101011100110010010000001100001100101100000010010100110001111001101001111101011010100000010111110100010010000110001	978796.0000000002	-2107.7999999999997
92	100110111110010011011010000101010110001001111101011001100000000100100111111111111011010110100001101101101011110010110010101111100101011010101101100000101111111001001110000111101101001101101000000000000010010011101010001001101100010101	1216878.9999999998	-2046.6999999999998
93	011101101000000001101000001010101111000010011111101101110000110000001011011110010110100001101100111110110010110011000011001100011110000011010001101100001000100111011100001111100001000101010100001111111001111101001111110100111001001001	1129922.2	-2069.1
94	000000001010100010011011001010100011011101010100101110111100011010011011100011011000000101010110000101010100100000110010100010010000010110010010101110101101011010111110011010000010000110001010000111110111100100010100111111101111111010	1070944.5999999994	-2089.5000000000005
95	111100001000010001010101111100100111100010000100100101001011101011110100001010001001111011111111000100001100000100011011010110001001001001001001110100010100000011011111000000110011011101111110111001001110001010011010110011101100010110	1009367.2000000001	-2083.0999999999995
96	011111011000110111010100010000010100000101110010000001011011100011110000001101101101010011101001101011001011110110110011011101100000101110100100110101101111110001000111110111001010110100100000111010000011000111110001111111100000011110	1268041.5999999999	-2055.3
97	100110111011110100100101110110101110100111100010011101010001110011000110010010101111001011011000100010000110100001110100001100111000000001100001010101100010001000101011000111011101110010011100001111111101101011000011010101000110101010	1076556.3999999997	-2072.2999999999997
98	010100111000101010110110000011001001110011110011111100101110110010010100100000110011101000000011111001101100011100111110111001000000001101101011101001110111100100011000000110101101111100110000110000111001110100000000001110001001010011	1060542.8	-2081.4999999999995
99	010100001011011000001100001011100111001101011100010101001110011010110011100110011001110000111101001100111110010010100100111000100110001110000110011100000101000110010000000001011100010101110110001001010000001111011100110110011100111010	914336.2	-1854.8999999999992
