SOLUCIONES INICIO 

0	10111000000110010011100001111010000010101011011000011011101000000110011110111001100100011000110100000111111010100111101000100101010111001100101111110111011010010011111001100100001111110001010010110110100101000001001100001110100101001	1171054.0000000002	-2058.7999999999997
1	01101100110110110001000011110111011001110101000010101000111101111110100010100010010110011111101001011111111110001000101101001010101101101100110111101000011011111101011111101011100001101111001100111101001010001010110101101100110001001	1348193.8000000003	-1991.299999999999
2	11011100100000000011011001111110001010101010101110111110001011110001000010001100010101111011111111100111111011111101110110101100110011000011100111001010101100011001110001001010110000010100101001000100011000010100010010000111110011000	1214612.4000000004	-2049.1000000000004
3	11111111100000101110000101100010010100100010101010111001000110001100110101111010100010111110111101100110011011001010101110001100010010000111010101110111111100010010000100000111100111011111010010100001100110100000011010110110010011010	1046453.2000000002	-2052.1000000000004
4	11010110000010101101101111000111000111001011110100011001110110011100111010111000011010111000110111001101000110001100000010101100101010110010000101000101010111100100101110111000011000111110111001111000101111000110110110110001001000011	1147441.8000000003	-2043.0999999999997
5	11011000100110001011010100000111100110011010100000011100100000001011001101000100010101010001101111000101100111000111101010101110110001010111011111000100100000000111011111111010111010110010000010010011111010001100111000000011000000111	1196798.6000000006	-2084.7999999999997
6	00110110000101100110111011010000010101110110111111000101110011101001000110111010101001101000101011111110100101110100001111111100110001000100100111111011111110001010100011011010100100101011011010100011100001010101001101101101100101010	1232933.2000000004	-2011.3999999999999
7	10101000000001000011010011000011101010011110100111010110101010001101111011110110111011000010101100101001110110101111000101001100101010011000111110111100111101011110010000101110101110011011011000100110110111000010011110011110011110101	1166831.0	-2015.1000000000004
8	11011100010001001101111110110101110101010110010000110011111010001001010001110110100110010100110001110000100000101011110001111101101001100010011111101001111000011101000010001001110001000111000110111110110101010010010010011101111010101	1113956.2	-2036.5000000000002
9	01001011011011001010011010001000001011011110010111010110100010011110000111010101010000010101011110110001001011110001110011001001100010000111010110101101110101100111010010111001010100011110100110011111111110101011111111001100110010011	1218528.0000000005	-2021.5999999999997
10	00110010111011000001011100111010100101110000100000110001011111111000001101001110110111111001110001011010110111011101100100010011001001100001001101110111101000110111000000010100111000000100010101110111111110000011011111011110110011000	1087742.5999999996	-2032.2000000000007
11	10101010000010100001111111110110111111010110001101000001110110000010100000100010011111110011010101010010110011000110100001110110110010000101100101010101010111111101010100010100110110100111110101111000100010010010111100001101000101100	1107968.8	-2052.8999999999996
12	00100111111100010101111001111111010101001011111110010011101011010111000001000100100000000010001011100010111010110001000010110011100011010101100010100100110111011000111010000000010100111001101010010101110110101100011101100111010110111	1103620.9999999998	-2037.8999999999999
13	11001000000000010101110001110100100111010111010110000101110100001101101111100111101011000011000011110001011101111011101101010110110110101000110011110110011100100111010111100001011101101111100011010110001010111111011101011010001100111	1280290.2000000007	-1995.1999999999998
14	11100100101001110100001010001110001011111101000111100011111011111001101011101000010010000011110110011110000101001100010100110000101010110001110010010110111111010010100010110001000100101000110010111000011110101100010011101100101101011	1086823.8	-2053.2
15	01001100111101100010000011110010100100110100010110001011000100100000100111010110111001011001111100100110001101001101001100001110111100010101000100100001011000110010100011110110010011101111101100001111000010100001010111010101101111111	1067217.4	-2059.6
16	10101111111000100100011001010111011110111111100000101101101011011100110000100100001010010111111101110001101000011110101111010010110000011000110111000101010110010001100101111110100000011001111010000011111001010100001010010101000001011	1204553.4000000004	-2044.7999999999997
17	01000000000111011001110001111111111111101101011001011011110001001001000011001000111001110110011100101111001100110000111000101110001010001000101101010011111110000111011010010101111101110010111010100100111000011000001000111100001010111	1146687.0000000002	-2044.2999999999997
18	10000011111011100011110010001100000001100011100111111100111010101010110110100111100010011011101001010101111110010011010001100011101111100011010000010001000111110010001101101011000001110001110000000000010111100111101111001010001001010	1139345.0000000002	-2049.4
19	10111001000000001000111110001100000000101100001100111110011101010011011110111100000111100110100101010100000011111100101111001011000111000010100011100011110100010010001011001101011111001010010101001010111110010100000001000100000111011	1061148.5999999999	-2088.4
20	10100000111010110110110110001010111100111010100100010001011111000111010001110010100110001111010101000000110101000110011110000100110110111010001010000110000100100110010101000101110110110110000101011110110010111010101100001111001001100	989140.5999999997	-2064.3
21	01110100010011100100000000101110001010111101001110010011011001111100011110100001110000101011010000000100001111110110110111101010110011010110100011000010100010110100000011100011000101011001010001101101100110111011000101110101001011111	1054024.8	-2062.9999999999995
22	11010000011100101111111000011010010100010000010110111010110101011011011000001111011101010001001111111000110011000110000110100101111001101100111010011100000111011101011001110001011110010000101100111001011011001000010111010000000000000	1156794.8	-2067.4
23	01101111100111110101010011110000110100011010000100000111000001010101111001001110111010001000110010110000011111111110100010011000101000011000010010010110000100000010101101011001001000100010101111110110010100111000011100111011111101011	1086919.5999999999	-2059.7
24	01111010110011010100000010011111100001000001101010001010100110100000010011011001110010110101001011001000111000010101101010110010100100110101110010111011010110011001100100010100011111000110010101001100000000110111001110100000010010110	1047777.9999999998	-2097.5
25	00101011101000000011001100011000010110010111110011101011010111100100101011011000011001100001011000010011010001100010111110011001011011011001101000110011000010110110111110100101010100000000110101110000010110101010110010011110111011100	1148811.0000000007	-2065.4000000000005
26	00111011011000000001110111101011010111100100000011011011101111010110110010010000001111101010111011111000110000101111001110001111011110010011000001000001000010101001001011011100110010000011001000010010110010111011100111010111100101001	1117236.8	-2045.9
27	00100011000001110101010001001011100101001011010001101110000101001011111000111001101000111011100111011001010000101010101110000101010110000001100011100111100111101101100100010010100011100011000101001100011001101000011110000100010000111	1041455.0	-2090.5999999999995
28	11111001010011011111011001001111100000011101111101101000001000001000011100011111101011010110101010001000100100101110010101011000111101000000110010110111011001111010010001001011011001111110100111100001101100101011101000001110011100001	1099162.5999999996	-2036.5999999999997
29	11001111101011011011101111110100100110011110010101001100101111011111010010110001111000000111100101011001011000010101111010000011011010000110011111100111011011001000111010101001011101000010000101000001110100110000011101111110110110111	1234246.4000000008	-2013.5999999999995
30	11110111001110011100111000001001011011101100101111111110010101101101110101010010001101000100010100110000100111001101011111110011110111001101011000100110101100110110001001010101000111100111010011001001001000100000111001011000000100000	1129004.2000000002	-2047.8999999999994
31	00011100000100111101000001001000000001110111101101110001011000010010111010000101010001110000111110110111111100111011011011011101001011000111011100011011111101011101011100010100000011000111101010000010101111100110101110010000010010000	1181998.0000000005	-2059.4000000000005
32	00110001100100010101101010001100000000110000000100011111100001101000011110111110001100010100010100011010011101010011000100011100110011100111110010111000100110100101110011111110100001011011110011011011101101111110100011000000100010100	1170339.8000000003	-2074.2
33	11000111011101110110100000001101000000100001111111010011110011001111010111110011101100111010001110010011000001110001010111110110010110000010100001010100000001100011010000111010111000001001110101110101111001101111000000011010000100000	1038846.8000000002	-2070.7999999999997
34	01010111110001000100101101110111111010010100100100011100011011001011111101100000000000111110011011011100101011000101000111101010100110100100110111110000000001001001110000001111111011101011111111110100011111100100000011000110010011101	1085128.5999999999	-2030.6000000000004
35	01101001000111110101001000010111010101110110100010011110010000110011000101101000010110010111010110101010100101100100111010011010010001011101001101010110010000100001000110000110010111010101101100010000001100110010000111100010111001111	993200.4000000003	-2084.1000000000004
36	01011110010110001000001010110001100011101110001010101110100100111110000011000110011011010111011010001110100000111001000100000110110101001101011111110010001011001010010101001110110011110100101010101011101111110111011001000111000001001	1097923.4000000001	-2049.100000000001
37	10101000111101101001010011000011010101010110011010101100110110010111001100101010001001000101000101001001100011000100010001000001011100101000001010010101010001010110001111100111001010110000100100010110001111000010000101100001011000010	978791.4	-2130.9999999999995
38	10110010101110001011100011010001010000001100010000000001100101110100001110111101100010001010110111011000010010001001110110011011111111100000000000000110010000010001111001000011000001001010101111000101010111100010010100010111000110000	961415.4	-2122.6000000000004
39	10100101101011001001100111110100001111001100101111011001100111011000110001110101010000010000111010000011001111001110110100010010011000101011011001111110001001101000101010010010110100011110100001010000000101101001011100101100000010100	1071883.6	-2078.8000000000006
40	00110101010000000001101101101011011110101100110111000000110100110001011110100111011101101111101100110110000010011011111010010110011000000001101111011110100100111110001100001111001100010100010100110111111011100100010011010110110110000	1127447.6000000003	-2041.7000000000007
41	10111110001111001110100010110011101101010101000001100110111000100101011001010000010011110111110101001000101001001000111101001010000001010101110110001010000001100110000110111000011000111101011100110101000111000000100111010011111000101	1048665.1999999997	-2078.6
42	10001001110101011111011110000110011010011001000001100110100110110110011010011101101011011100011010111010101101101110101110011010100101100011001110110000111111010011101110111000101011100110111100100001000001101010111011100101100010111	1302800.800000001	-2000.7999999999997
43	11010001011011011001000010011101101010110001110100011010011010110100010010000100000000101111100100010010100100111000001011110100111011011110110001111111100101010111001111100011111101000110001100111001101010001101010100011010011101010	1183632.6000000006	-2051.2999999999993
44	00011100000001101000010100000101001000000111000011101000110001110011110101100110010001100001000000101010011001001001001001100111111000001110000000010001010100011000110001110100010001000110100001111111101101111101010111011000000011001	947229.1999999997	-2136.8999999999996
45	00101100110100111011110001010000111110100100101111110001110100101111001100010010100010111010101110111010100001010001111000010110100010011000011100000100100101001001100101001101100100000011001101100100010111011011100000110100101111010	1040305.7999999998	-2072.0999999999995
46	10010011110111100001101011000011110101011011110110011001101100011100011000001011111100101001101100010000111010001001001101101100011100100000100000111001110000100000111011010010001100111010000111011101000100000100001010011010011100010	1064255.0	-2089.4
47	00110111101101010010010100100100100010010000001101001100010010100010010000011000001101011110011001000010100010010101000001110010100100000011000000010100011010111101001001011110100010110010111110010111111101000011011111001101011111101	991080.2	-2096.5000000000005
48	11010100101100000001010101011110011010111111001110001010110010000110111001001111011100011011110110110110100101001000000101110110101101001110100001100111111111000111101111010001001000100111010011111001010111001000010000011000000000001	1182390.800000001	-2053.9999999999995
49	01000100110111110111010001011011111101001001000001010000010010010010101110101110001100100110011100101001100011101010000111011011111010100101010111001001100010100101111110110001001111011111100100110011101011101010110001100011001101111	1234239.2000000002	-2028.1000000000004
50	00101111010101000011110111100101101111010000010110111111111011110101011101110011011010111011011011111001110100110111101011111111000000100000010111100000010010001111000011101100101001111111100011010100100101111000000101011110000011001	1223067.8000000005	-1992.8999999999999
51	01010111110011010110110000010011110001101111010111100010001100110110110111111111011110010110110011011001100001110110100111100111011110010000001011001100111000100100100010101111010100101001001110110100011111110000111110110101001010000	1175210.000000001	-2010.0
52	00000010110100111101011100000111011000000100100010010001001011010000001011101001101110101110100101010101101000111011010011011011001111110010000000101101100101101110111000110111010110000011000011011101110000001100010001100001010101011	1082171.9999999998	-2085.6000000000004
53	00001001001101001111001001010100011001110110110111001101111110100101100101101000001100110111010001101110010010111010011101101001101011000101110111100011010000011000101101011011100011100010111001000010001101111111011111110100100001000	1181838.600000001	-2035.0
54	00000100010011000001101010100011100111011110001110100101010000111001000110001001110001011110001101011001000110010000110001010011010111111010001011011010001111010011111001011110001010100110100101101101000100101010110101000110101100000	1160721.6000000003	-2092.9
55	10111010011010011110110110110111011010111101111011100100100011001101110010001011101011010111101000100111111001000001011010010101001100000110110010000000000000010011000000100111100010010100111001111101001111101100100000110011100101000	963331.8000000002	-2052.5
56	10000100100101101101010000001101111011110111000000011001111101101101100010100000100011001001000101100000001000100001000100111000111001100101111011110100100100011101010010101110100001111100010010001011010110001111111111111100011011011	1066655.0	-2064.3000000000006
57	01110111101000100011000110000110000110100011000111101001001100100010110001100000000011010000011011110110110000110001111001011000000010011111010000001111001111110100101110111001101001101101000100110110100011110000010100000000101011111	1135853.2000000004	-2086.499999999999
58	10011010111101110111011111010000000111110010000110011110011001100000100110110101101111100101111111101110011000010010101111001011100100110101011000000110001010011111011001101011010000101000111101110010101110101001010011000001100111011	1191518.2000000007	-2019.1999999999998
59	11011110111111010000100111100111010010011011101101001111111001000011011101011110101110011110001101010001111111001111111011111001001111011110111110011111110000110011101010110001010100100100100010000000101111100101110100011011010101000	1365110.8000000003	-1972.2999999999997
60	00101101000010000010101010001110000100010111101011010110010101000100000110101110001001000111100010001001100011011010110001000001000100100011110111101001000000001110010000110010000000011100010100100001010000001111110110011010000011010	897987.0	-1920.9000000000005
61	00110100000010110001001000001011000011111000100000111110010100110001111001111111110010111010000010010001011101010100110110100111010011001111011010010111111001000000111100000111110011000100111011010010000100011000001101110101011100100	1086109.2000000004	-2071.4000000000005
62	11011110100001001000001000001100011001111011100110010110101001101100110010111110100101001000110000001000111111001100110001010101001100111011111111010100111000100100010101010101011100011000010101010101011110000101100010000000111110001	1075928.5999999999	-2067.899999999999
63	00001000001011100111011110101011111111100110011010110101010111101011011100100100101011010011100001100011110000000110110001011110011000100000100001001001100011100010000110101111110110110101010010000110000001011010001100010100110111101	1048068.6	-2058.2000000000003
64	01101101110101011010000110101100001011101101110011110000001110010101101101110010001100001010000111001111101001001101010110111111101000110110001011011100011110100011101011110010110000101010101001100010001001101111100011110111101100000	1233861.2000000004	-2023.0000000000002
65	01000111110111111100000000111001110001101001100101100111110101100101101010001101111100000101001110110000100110001100010010110110110000100011011000001111011111110001100100010100111101110100110100011000111010011101010100000001111011111	1108883.4000000001	-2045.4999999999998
66	11011000011010111011010011011001010111010011000111011100010111011101000011101110001111001100001010000111001001001010001010011101011001011010110000101001111110110000100011111001100011101111000111001110010011011100100111100001101001111	1179894.4000000006	-2024.2999999999995
67	00010000111100110011010001111010110100010011111101110011110111001000111101001010100000001011011101001101011001111000111001110110111100001111010010101101101100011010101101101011001100010111101011011001011001110110100111010100111110000	1274063.6000000008	-2003.4999999999998
68	11100110001010111000100001101110010110001010001110111110000101111000001100001110111100010110101011110001010111101110000010010000011001110101000110000100011101110111000000010010010001011101110011110100001011100111110111000111010011000	1021776.9999999999	-2062.1000000000004
69	00000101001000100101111111111000001111011110110100101110110111100000111000010100010111010010101001010100101010100111011001000101011001011000000001111001110100010111000101100001011101101011000110101010010011100100101111100101011111001	1105956.2	-2048.3
70	10000101101100101010001101111001100010010100000101001010010010000000101111111001010001010101100000001001100001101000000010010001100001101100001010111111001000000000101011101011110111001011111101111110100111110110010000000101100111111	1019648.6000000003	-2091.8999999999996
71	00100100111001101111111011100110010110100111010110010101010110001111010111010110010111011001100000011001100011000001001110010010001011010110010000010101010011011100011000111111000010011110001011100010101100001010010001001001000001100	1052150.9999999998	-2075.7
72	10110101010111110110111010000010110000111111101001111100111101100011011111010111110001100100110011100111011011001011001111000011110101101010010101100000001001101001100000000100010110101101000111100010100000011011011010011011010001011	1079697.0000000002	-2031.4
73	10101110001111110010110100101000001101101110111111110110111110001110110000001110000001100100000011110010010011111011100111001010000001010111011011001101011001010001010101011100010101000110110110101001001000001001110000100111110100110	1188707.4000000001	-2049.2
74	00001010010100001101010100101100011010011110111110110010111100000111101101010001011110001110001111011110010100100111000101000110001110111010111000000000110011010100011100000101000101010010100010110000111110101111111110110011101000110	1039942.7999999999	-2060.7
75	01011011001011001100101000101100100101100100111111000101001011100100001110001010011001110010110010000100010111001111001101111110011100011110100001001011001100000111001001000000001111100000011010010100100010110000101111111110101000000	1027284.8	-2087.0
76	11110001000011000111110101011100000000100010101001110010010101011101000000100111000111101100010001101000100100001100111100101110011111100011010101110101000110000111011111000011011110111001101000100000101110100001010010100101001101010	1124783.4000000004	-2081.8
77	01110101011000100110101000001000100100000011011000000010000101100000101111000001000101001100011001100101111011110111010001011110011001011010100011101011010010001010001101110001010001011111010100001011001001011011100110111111000010101	1098630.4000000001	-2092.2000000000003
78	11110010011001010110010110110010101101001000010011110011110000010110110101111101001101011011101101000110111010101111011110111110010011101100001010111011001000000111101001010111110111010000000010011111010011010100111101100111000110011	1220986.2000000002	-1999.1000000000006
79	10110010101110100111100101011100110000110100001110101010001001110011011000001011001011111111110110100010001001000000000101100011100011111110111001100100111010001001100100101111100010100011011101100110000010010000011101011101111100000	1073841.2000000002	-2064.2999999999993
80	10110101101010101111110011010001001010101011111010110001101011000000100100110111011000110100010000101011001101000100110001010000011001001011000001101110101110111001010111001011101100000110000010100010110011111000001001100110101001110	1143136.0000000007	-2073.6
81	01000000011010101001100111010001010000110100110110110001000100100101101110000000111110111010010000100111110000101000100110100011100001111000111100111011100001110010001110011111110110111011001100011001101000100101011010010010101100000	1068795.4	-2081.3999999999996
82	01011011111110101011100111110011100010001110000101101111001110010101111000101011000000111010110101001001010110001101000100110100101110011000100011000000010100010101011000101000100001111100000110101011101011011111100011101111000100100	1074335.7999999998	-2054.3999999999996
83	01111101010111110000001110011011110000110000010111110101001100010110110011101011111001100100100000001010010011001011000110100111111110111111110011111110111011110010100010111100111001001011011110001111000001111111111101001011001000110	1286350.2000000007	-1990.9999999999993
84	01101000000011100011110001011110011001111101010110011000000000100100001000110001000011100001101010100110010000100111010110000110000000000110100101011001101100010010000111110100000000111001000001110010101110110111001010000011000100011	934781.1999999997	-1903.4
85	10000100000010111110101010000001110001110100001100111100111111100110111110000111011100001101101011101111010001101101101100010010011111000111111111000011101010111010001101001001111001001001110011000110011111111011111110010011101011001	1230894.6000000006	-1997.2999999999997
86	00010010001101001111000000010011101011111110110011101001000101000111011111110110011111011101001000100000101011011011110001010110001001111110111111000000010011001100000000111010011100010100110100110001101001010001001101101100001010111	1097083.7999999998	-2061.8
87	00110010110111101110111111101001111001100010011100100111101000110100100100000111110010101011010001001000010010001101000010000011100000101001000111010110101001011111001100101001001000100110101110001010101011101011110110011001001101111	1082118.0000000002	-2053.0
88	10110011111001011110100011001100010111110011110000000001111000111100000111011011111001000000101010010110011100110111001110010100101010111100100011010010100000111100010111100010011100100111001001010110110110010100000110011000110100001	1097994.6	-2056.399999999999
89	10001100000000100101001110010100011100001100110010011010001001101100010000011001001001110101110000101100111101101000010011000011100101011001101100010100000001110100111111011111010100101001000000010110100110001010101000111010101101001	1086151.3999999997	-2106.0999999999995
90	00100011000110001100100110101110101011101101010010010000001100100010000010100100100010110011101011100011000111001100101100111011001110111101110111100011011101111001010000111101101101001110010001110010110111101111110010001001110011110	1170917.8000000005	-2028.5999999999997
91	10101010110000001000011101001111010101101101101101101001011101001011110101100110101000100000000000000011000110100000101101010110000110011101110001001000101100001100011010110011111110111100010000100011100110001100011100111100111110101	1073438.2000000002	-2066.3999999999996
92	10000110110111011011110000011010100100100001110011000011100010110001111000000111010010010001001001110001011101110000101101000100010101111011110101101101111000100011111010101010101111001110000000010010100001010001010010010100011010101	1171374.4000000001	-2080.3
93	11001100100100101101011010100011110011111100000001111000000101110101010110001110101001110111110011111000100011001010110100110000010000101000011100110111100000110000100110010001110010001001111001010110011010010010100010110011011011101	1030064.2000000001	-2069.1000000000004
94	10011000001011111010010001000010001110110011001001100001100100011010000100011100101011101110101110111001100100110100010100000111000110001100000110000000100001101000011001101000000011110111001111110000100011000000000000101100111001001	924226.3999999999	-1906.5999999999995
95	10001111111010101000000110100111011101100100001010010000011110001110011000110000110101100101011110011111101100100000111110011111101011101111110100010101111010100101011101000000110000100011100100010010111010110111001001100101100001111	1182270.6000000003	-2043.4
96	00000101000010001110000001000010110011000111010010100001100100000111111100101001001100111000011001100101111010110000110010110000000010010110101000001010101000110001010111101101100010010000110010110100101101000101000111110100101110111	1057786.0000000002	-2115.7000000000003
97	01000010011010001111001100000011101101111010000100111011010010101101000000110010110001011111111010000100100011010000111010110111001011011011101101001001010110111101011001001100111001111111000101001100100011001101000010001111001100011	1149655.9999999995	-2055.8999999999996
98	10001001011001100101011011100100010110101011110100110001110011111111011100101111000001110011100100010011001010110001110100111000111000010111001111101100111101011100101000110110000110111101011001101011010111111001111000000010110100100	1176036.4000000004	-2015.7000000000005
99	01000110100000111001100111100110000000010100000111110101011111011010000101110011111011101100101110101010111010011011001011000110011010000100110100110011010001011011101110110110001100010101001001101011100001010011000010110011000100100	1155981.8000000003	-2073.9
