SOLUCIONES INICIO 

0	001011111111100110110101110000110111010001000011000011001000001101111100110001111101110111000000010000101110001000110001011000011001111111000100111111101110100110101100011101001000100011001111000010010101001101100000111000101000011111	1117056.6	-2062.4000000000005
1	001001111110110011010110111001000010000001110001111011110101111001011011001000011011000011000100000100011100001111001011001110101001010110100111011100111111010101111101010000101010101001101000011000010010001010011010101101001110100010	1078259.1999999997	-2066.2999999999997
2	111011111111111000101010101000000110010010100001101001110110101101111111010110000100111011101011110001110110101011011110101010100001001000011111110010101100000111110001011100110000110000111100111011101110101000100011010101101001010010	1141137.1999999995	-2029.1999999999998
3	001001101111001110110111100011110101111000001000101000101001010111001110100001011010101001000100110111000001010000001110100100010001100010101100110010110000000000100000101111101101000000010101111101110011000100111100110100101110010010	927918.6	-2102.4999999999995
4	111000100111101101000000100100101100001010000101101010100101011000011000001110010100011110001011111000011100001111101011001011101101101011000100110001111001110010101001011001001110011101010000110010001011110010101110011101101010101011	1076109.9999999998	-2068.5999999999995
5	010101000111010101101001010100011011000001001110001101100011101100000100011100000111101010101010101001101101000001011000110001011010011000011110101100110100101101010100000000010111110010101010110001100101110001111001110001001111110001	918779.8	-2084.9999999999995
6	100100001111010000011000011001110101011101010010101000001110001101101110000011110011001010000000010010011110111111001000100100111100100110110100101100000001101001011110100110111110111111010111000010011101001001010000101100111011111001	1096824.4000000001	-2061.6000000000004
7	100100000111000111101110101100001101111110100000011111101010111111000100100000001110110111101010010111011001010010110001111001110001010111010000001110110110000100101011110001111101001100111001010001111001010011001011010001001101001001	1086834.5999999999	-2052.7999999999997
8	010011111100101011000000100010000001101000000010010100111010101100010000101111100101011010011101110111110100100001110100111011110011110000001010010101010001000000100100011100000100010011001000110000110010100000100101110111000111001010	964830.5999999999	-2131.4
9	100111101100000010101100010100100010011101100000001011010100011011010011101010111111110111111100101010111010000110000111001110000000011110001101111011100001101101111011110001100110011110100011001101011110001100111001010100111100111000	1148613.8000000003	-2037.0
10	111100011000001111010100101001101111010111100001010110111110010110000101001001101101011000100011100100010100101100000010010101001100110011011100010110011010101011000010011001011110010000011111100111010000000001000110000100100000111101	979488.5999999999	-2099.9999999999995
11	110100111001010011000001101010111001101111100110101111000100001100010110110101110010011010011100110101001011100001101010110111010101001110110000101111000110100100000111111001010111100111111110000001101110010000111010001101100110000010	1154762.2	-2038.8000000000002
12	100111001000010000010110011000010011011010001100010001110100111111100011010100101100010000011101101000010101011010001011001001011111101110010000110100100110110101101100101111000000001011000110100111011101100100010111011011010010100010	1104298.0	-2093.3
13	110100100110100011011111101011010000011000111001001101100110111010100111110010001001100101011111100000111110011010100000111010001100110011001000100001000101000111110010100110001001111001001000001110001001010001110000101000110001011011	1012693.2000000002	-2087.7
14	110000000110011001101011101100110011000100011110011111101110010111001000000000011100011001001010111110000110101011111101101000111011101010010010101000110000011100010111110010110000010001011111110111010000110100110111000010011011000000	1144021.4000000006	-2077.3
15	101100100000001111011111010000110011110000100011000001001000101111000110000101110000110000000001010011100010100111110110001111110011010111100101001101011101010000000111000111110100101000000110100010000011100110101000111011011010111111	1088443.5999999999	-2088.7000000000007
16	000110110100000001101011010110011010001001100010010101011111111111101100001000001100011001110111100100010001000101100100001010100001111100011001110000011001000110000011101111000001001011111111110100000100000001000000100000010010011110	1002790.0000000002	-2134.7000000000003
17	101011111100011100010001110101010000000101100010010011001101111111100011100000011000010001101011011111000110011111111100000011011010001001100100101100101110000011110111010101001100100111111101001110001011101111011010101000000000100000	1110180.0000000007	-2071.2999999999993
18	101001011101010001011101110100000011110000001000101001011000101001010000110010101000100000101110011111100001011010111111010000111101010101001100001000100110001011011010001000011001111101011110001001000110010110010110110011011011100011	989084.2000000001	-2079.1999999999994
19	100011001110010011011010110100111000010000011001011011110000011101100111001000101101110011100011001011101000000011001010011000110000101001001001100110110000011110100110001010000011000001111001011000100100100110101100010110110111101111	950351.0000000003	-2099.1000000000004
20	010101110100001110010010101110100101100001111101110111001111001010110110101010011110011000000101101000011100010011000010111110101010100000111100110011011110100110110001111000110111100001100111001010000001001000110111011000100101001000	1086192.2	-2069.2000000000003
21	000110011111101101100110110010010010100001111110101110000110100100111000111110010100111110100010011011111100111101011101000001101100100000100110101000011000111010100000100110000110011011111011001011001010001101111010010101100110011101	1033746.0000000002	-2041.1999999999998
22	000111001101000110111001111000110101000001001110111010101011010000000001110111010001000110110111100101001100100010101110000100110010011000101010110001100110000100101001111101101101010000011101101011010000110100100101000111010000011000	1056805.2000000002	-2094.7999999999997
23	101011001111000111000011110111010101100110001101011101001110100000000001110001101010011101111000110000100010101101110010110101011010001000011111111101110011011010011011011000011010001011011111000001100110101001101010111011100110110000	1130408.2000000004	-2039.4999999999995
24	010100110001101111000111011111101001100001000111100010001010010111111000001011011011011100100110101101100011111011001010110100100001010110101000010001100011110111111000100010001001001100101100000100111001100001001100100110001101000101	1026695.0000000002	-2074.5999999999995
25	100010010110110110100000100100111001001010000000100001001000001100000011010001001001101100010101001111011110011011111111100100111011010001001110111101110100011101000101001000001000011011011110101001001101000001101101000011110101000110	1024996.6	-2101.3999999999996
26	010111100001111110111011100111000111010000010010101010111001101111011011001011001100111010100001100110001110000110000011101010000010101010011110101001001010000011100111111001000001101111111111101000111001101100011101001001011111000110	1128821.7999999998	-2040.9999999999993
27	101000011110111010100000101111101110000101010011100001001101101101000001101101011100000111100011001011011100101111101111101100001110110101010110110111110100101010110000100011001000110100101010001111100010000001101000011111100010110010	1087482.6	-2058.6000000000004
28	001110100001110101011110101101011000101101101101001111111001010010010001010111100011111010110100001110111100100100110110010110010001111100110011111100110011111110001001001100001110100001010101011001111001100001111011101110010111101011	1147701.8000000003	-2002.0999999999997
29	000111111100100011000101000111110100110101010001101101101111011110011111000011000100010110100011110000110010001111010010101100111100100000010110011100110011100000001111000001000011001110111000010000100010001101100111001011110011101000	1000715.3999999999	-2084.4
30	111000100010101101101001110110001010000001100111011111101010000111000000101010110010110111001011100100001100101001000001110011001000010101101011100011111111111001111100100111110111101001001110111011001101110001101111111001011101011010	1183888.0	-2018.3
31	001111110011101101010001110010100110010110000011100010101011100110101101010001100110100110000001100111111011110111001001011111100111101101110000100011100110000110000101111100111100011100111000101010011111101000111010010011000010000011	1166083.0000000002	-2039.2999999999997
32	000010100010001110011110110001100000101111101001000001101001101110100101101110100001011010111001010100000010010110011101101001110110011000110100101001010100110100010101111000010110000011101001101110100011100101110011000110001000100101	1022068.4000000004	-2090.7000000000003
33	111000001011100100101010110000001000010101101010000100110000110011111010010111001101101001110000010110011101101111110110100011101010110101111001001011100110011101111011110110001010110000100000011110110011100000111110010111101001011010	1246901.8	-2048.8
34	000011010010101110000111110101110110011100010011011011111111111000110101011101001101001110000100010110111110100111110001101111100010001101110000001100101100010111111111100010100110110110010010011010010111010011110111111010010000000010	1219536.6	-2016.8000000000004
35	011111100010001000001010110011111000010011100011100111110110010011111001100101011111101001101010000111101001011111000000011100001011001111101010101110000110100000010101011110010110101110001100111111100101000111101101110000110110111010	1150890.0000000002	-2029.3999999999996
36	110101001111100011110101000111101001110010001111101111101110010001100000000000001011011010010100001000101111001101100101010100100111011011100100001100011110101010001011111000000011101010111010011110011010000101100011000010101111101001	1080691.3999999997	-2055.1999999999994
37	011001001011010111100001110001001000000100011100010100011001100100000100001110011111011001100001000010011011011100001111010010110001010010001001010101100100010010010011011001111010010100010101100011010110001010100010110110001010000001	986196.4000000003	-2138.4
38	111001011011001011001110111111110101100101010100101010000100001100101000101101000110010011100111010110111110100001100011000100100011110000101000111000011010100000110110100100111111010001100010111101110011110111101000100101010010101110	1051680.7999999998	-2056.2
39	110000101001100101011110000100110000000010000101010111001110011000100101111011100100100011011010100010111110110010100111101011110001101001100011110011000111010001001011110000101101110111111111100101110000101110101111010101101101010101	1124646.3999999997	-2035.6999999999991
40	110010001000010001110101111101101100011110110001100101100011010100111001110001010111011000000001011001100100100001100000010010010011001011101000010110010000100110100010011111011111100001100000101100011110000010010010110101000111100111	989660.8000000002	-2105.2
41	001111111011011000011000101010101100011110000100110101010011101001100001000000100101000100101001010101100101001000100000001110101110100101100110011000100111110110010101011110111111011100001011000100111110111111110101101100100010011100	1089842.2000000002	-2063.5999999999995
42	100100111100101011011010000101111011111011011111110101111001001001101001111111111011001100111001101001111101110001000001000101010100011111011000010000100100000111010011000001101111111010000001111011000011100000101001111011110101110010	1043311.8000000002	-2016.6999999999998
43	111010000001000011111001100010010011111011000111110111000100000111000101111010111010110111011110110101100100111111111100010111000010111111001001101111010111100010011111100110010000110000001101000111001111010010010111011111101001000101	1282905.3999999994	-2009.5000000000005
44	110110011100110110011010101111011000001011111000011111011011001000101110001001101101001100001011010010101100100110101001110000011111011110100010101100101100111001000110101100011010100010000010000110010001010101011000000001111011001100	1050720.8	-2078.6
45	100001010011011100101101010010011101100101000000100100101001100110001110011111010001010111100000101100010001010100100011000010110011110011000100111000100100111101101010010101101001100011111101000101101000110001101001001010010100111111	1002768.2000000004	-2086.4
46	100000000111011001011110001110110011101100110011000010110101000011000010011111110011111111111101100101101000111100111000001000111011100111110101001000101110111010100110001001011101101000001000010111011011000011101110011001000011000110	1052238.4000000001	-2050.0
47	001110001110001000001110101011111000001000110101100101011111110011001000010011111110011100110010010110001010110101000111000110000111010000001010100111101101110010101000101111111010110101100011001010100010111001011010011010110110100111	1122119.4000000001	-2049.8
48	011100010110000111010100110100010000100011000000100010011001101110110111100010010100001101100110001100011101101011000110110010101111101110111000101110011111000100111111010001101011101010000001000111011100111111100001011001011111111011	1192332.4	-2043.5000000000002
49	111101101101001101111100010011111110011111000011001110011101111000111011000110011001101001011110000001010001111100001001111110001000000111001011110010001001001001010110001001111110000100100010001000101001000100010010010100100100011111	1028981.8000000004	-2066.9
50	011011011111101000010110101010011110000001010011011101101111111011011000100110100011111001110111010111011100101101001001000101101100100111100101011000010101000101111100010001100011001110010110110110010011010111010010001000000101111111	1111746.5999999999	-2030.2000000000003
51	110000010101000111000111001000101000011011110000101111011100111100100010010110101100010101100011001011111100110111111111100111011001000001001111101100011111100010000111101110001000100001101011001010000110110100100100010101011101111110	1218022.2	-2050.8
52	001010110001011011111110110100001011000001111111000010001110111000100100100011100101011010001010001000110101001110011100011110100110001100111111011110111011000100000110001010000010010011100101101010001110110011001010001000111100110000	1046688.0000000002	-2080.3000000000006
53	111001010111001011001001010001010011010001011110010001101100100101000001011101110110101001100110100101011001100110010100000001010001101110100010101011101100111001100100000010011010111001010010111110100111100000110100010101011100000011	928686.4000000001	-2093.7
54	110000010110101011001000101110101100010011011100110110011010101110010110000101100101000101111100101101011110100101000100010111100011100000000000011001110101010001010011111001001101010011100100110011001110111101001101101001100110011011	1101059.4	-2061.8999999999996
55	111001001100111000111001010111110011001011110101101111010011110000000111011100111100111011010010100000010010110000001111010010101100111100110100010101100000000001100100000111100101100111111100001110101001110010010010111110010100100110	1010600.2000000003	-2060.5000000000005
56	011011000001111001101000111100110000001111010100010100010011111101011011111010011000011101010110100011011001101111010001100110111110100001011011110101010000000010010010101010101011010101001111000111110011100011000100101000111100110010	1081935.0	-2053.9000000000005
57	101001101011010111000000000010011000011110110101010111011010111011010011100000110100111001010110101101010010001110101101111010001110011010010110010110111001111110001101101000111001010100011111110110101111010010101010001101011100011110	1154906.1999999997	-2029.1999999999996
58	010011111110101111110011011011000100010100100011101100011100011111110100001110101011000100110001001110011100000001011100100100111000001111011011000011111000010000111101100110000001011101001011101011010100001001010011000111110000110010	1108223.2000000004	-2063.5
59	000111000101011011101100101011110110101100110001100110001110011011101001110001101011110011110010001110001111101000011100100000100101011000011010001011111100001000101100001010110001101100000101010010100100100001111101011101010000110101	1036463.0000000003	-2069.6000000000004
60	111100110000110000111101010001111000010010010110011101011001011000111010011110101001100001110010010010111010100001111010010111000010100010110100001000100111010000110101111010000101100010011001000010011000111101100111001010011000011110	1066585.0	-2084.7999999999997
61	101111010100101010000010111001000110101010100000001101110100000111101001110100011101010010110101001111000100010011001000001100100100010110101111010000110000001011000100101100000000111100001111011010000011100010110111101110111001000101	923826.4000000003	-2108.3999999999996
62	011001101110111100001100111011000010000001001011000110011100010110010010100100101010000100001000111010000111010000110100011111111101000000011100011100011100011101101011110011111110000100101000100001001101101111100111100001011001101010	1116999.6	-2076.5
63	000111101101001101011000010001000101000010101000101011101001001110100100111010101111010110100000011001010111001000011111100101011001111101010001011101011111100010011000101110001110100010111111101011110101100100111101011001111110010000	1135331.0	-2037.9
64	111111010111000100100011010010000100011111010001101101001001011110110001001110011010010010011010011100011111000001100101111100111000110110011100101111011010110011110011100110101100110101000011011010011111101000010101011110100101110010	1184253.4000000001	-2018.8000000000004
65	111000110110101001100110001011011100010000000010011010011100111000010100010010011010001111110011010101011101111100100000111000010110000011011010110000010000010010111000000011111110110000111101110001010100001010111110100101100100000111	951589.8	-2092.6
66	101110010000110001110101000110000101100011111001000000001000010001101011001101101011100001001110100110011011000100111100011110111001010110011000111000110000010011010001010011100110100010010100100010000111110011101010001000110010101111	996283.4000000004	-2098.8000000000006
67	001101001110101111010010111100001100110101110111001101101000010100111011011011010001101101111001000101101010111000111100101011101100111100001010110110011111001001000100111101100110101000010000101011111101010101101000100110110011111000	1154950.8000000007	-2024.2
68	101100000001001110010001000100101001000110101111100101100111100001001110001000111010000010011110000001001001111100001000100010010110001101010100000000000111110000000110101001000011100110011011000100100101110110000000011100001001000000	846742.0000000003	-2166.2
69	000100111011110001101011101110101100001111011101001000101000001101011101100010101011000100100101101101101000000110010000111111100001100101101110010101110000010010000010100111100110111101100000110000100010000100011101011000100010110011	975193.2000000001	-2089.5
70	010110101001101100001010110011101011100111110001101001000001000110001101010110110110001100100010001101000110000000100000000000000110100010010101111111011001001111010010100101000011000001101111111011110100010001001110011100001000101110	932292.0000000003	-2106.4000000000005
71	101011011110101011010100110100101001111010100101100111010101100111001110110010101001110100101110010100100101001100010010010100011001101011010111100011000101010110011101000100100110110011010111000101001011000010101100110011100011110110	1048929.0000000005	-2041.6000000000001
72	001101101000011100101011001101000000100100111100011001111010011000101000010000010110101000010000111101100010001101101110010010010110010101100001110011111110001101111010101010111111111101101100100010010110010001101110101101101111100011	1096204.7999999996	-2049.9999999999995
73	000110101010011101110011110010001110001111001111101100001110011000100001110110111000110101111101101011010111110111000001010011100100111011011000010000010100100100000111100110101100100111011010010010011111000111011011110000010000001011	1100343.4000000001	-2048.5
74	000111110101010101110010000100111011101001001000111100110001011101110000110000001001001010100000011100100001100010100111001001000000001110001011000010100010110000100101110011111101010101111111100101001010010100001001110000010101000101	946213.0000000003	-2112.2999999999993
75	100101110011010111010011000110010111101000011001011110011010010000110010011111101010101110001100100010111100100001100100010100101001010110000100011000101101101010010000000000101100010111001011110010001010100000100000001011100000000001	826481.2000000001	-2124.5
76	001100011110100100000100111111001011101101001010100100000110111000100001110001100001111011000100101010000000010100101110110001100010011110000000001001000100100110011011011011100011001000111011110111010110011110101101010010111101001010	1035331.6000000002	-2090.1000000000004
77	110001101100110110111010000000010010001011110110001110101011100100011011101100100111011010001110110011100001011010000001000100101011001010001101001000000000010000001111010100101011110000001000000111110110110001011000010111111101000100	939614.4000000001	-2108.4
78	011001100111001011110111111101011110101111100100011000011010011011001101101011001101010001001010010101011101110000110000111100111010011011011011100101100111101001011101010101111110010111111000111000100111111111100001100101101100010101	1251838.2	-1991.2999999999997
79	111111101001010111100010011110000100010110100101000011010101101101000110100001010001101001110111000001001001100000010001110100111010000000010101011000000100111100100011101111000100000100100010011010101010010000010110010010110101010100	953040.6000000003	-2131.4000000000005
80	001110110101101001110110110100110101001101111100110110101100110001010000100001111010111111011011011111010111110011001110101101010111101011100001110001100011001101111010111111111111101101100001111000010100011000010011001000010101001010	1347156.2000000004	-1998.2999999999997
81	000000011111011010011110000100010001101101110111100110010010101010100010000111111010111111111100001010001011100111000011000000000000110001001101100010111010011000100001010111111001111011101001001100000111011111010010111000100001000110	991184.0000000005	-2077.2999999999993
82	101101001011101010110101101011111100100111010100110110101000111111111011100010000010010010110110011110011001110000000100100100000100011001100011111011111100111111001100001011100100100100011111010010011011001001111000010110001001001001	1099706.6000000003	-2043.3999999999999
83	000001010101001101010100101000110011110100111100011110001100010011011100000000111100001001001011100001001000111011000000110111000111000000100101111001010110001000000010001111101101101011101010011001111000111000010000101100110101100001	963576.8000000003	-2123.8999999999996
84	101100100101111101101110100100001001010000000010000101100011111010110101001000001011101111110010110001101100011110111110010100011010101001101100110001101011100110011001100000010011010001010000111101110111110101111101111100101100001011	1070546.9999999998	-2041.9999999999993
85	000001100010001111001011011001100001010010111010010101000000100101011000000111000101110000001110001010001001011110101101100111010001111110110101100011111110011000001000101111000000010010011011001111010010100100101010001011111111100101	1098607.4000000001	-2088.8
86	001000011010000001111010111010100000010001001110111110000001000010010100011111110111101111110100101111011111011100001111100001001101111010101000100000001010011000101111010110110010100100011100110000101111111010001110010000100101100001	1106873.4000000001	-2070.399999999999
87	000010001011001001000000010111100111010111010100000001011010001000000110100010111000001001111111101011100111011100110100101110110100110101001100110010111100011110101111000101111000011111010010101111101000110010100100000111101010000001	1100478.0000000002	-2079.6999999999994
88	101011001010100111000101100111101001011100010110100110010011000110100110010010001110110101010101111100000011101110011010111101001100010111111101111101111110011110100011100111000110001010001100011100110110101100010101110101000101110000	1242028.6	-2034.3999999999994
89	101110110100000001111101011111001010101111011001001011010011001010000000010001001100011101100010010011110000011000010111101110100100011101011001110100011100010001111101110101101000011011010111110000101000111100100001011100011100000010	1126113.2	-2081.6
90	101010000101100010011000011101110111101001001100110110110001101110101111111010010011111100000001010010100000001110110011000101101111101001101011110100100010101000101101011011010110001001101101100101010100001001011100101011101010000101	1112637.4000000001	-2056.8999999999996
91	111111110110100000000101011011110010000110010001100110100000011100101110110100011100010011111001111111011000110111010001110110001111000010111001011101101110111100110000011001101011010011101101100100001100100001110110011001010101110010	1140723.8	-2044.5000000000005
92	110100100101111010001001010111100001000011010001010011010001110100000011011000100111111101001111010100011110001111101001111111100001101001101110101100001101000011100110111011001101111111001110000111100001100100100011011100000000010100	1158598.2	-2064.7000000000007
93	110011001101001101000001001110100010110000001110100111100011100000111101001101001101011111001001010111011010110110010001100100011100001100011001101101110100010100010111000111100101001001111101101000101000001111011111001001001101101000	1128993.8000000003	-2074.2999999999997
94	101101000100111011110101101011011111011100101110111100101100001011111110001101110010110010001010100000110110000110111011110010010100100110101010101100001101001010101111111100011100100110001101001111000001000001101111110100001000110101	1172447.4000000001	-2023.2999999999997
95	101000111010001000101010111110011011000111110000011000010110010110111110000101111001011110100111001010001011100111100011000001001010111001111011001101000010101010100001110011111000111101011101010100101000001100010101001101100010000000	1037731.2000000004	-2074.5
96	000100111101011010001110010111000111001111011111100001010001011001000110101011101100111011111110110000111111110110101111100110100110011110111100111010011110010110111110101100101010101101110101111110011100010001000101110011010110100100	1300109.4000000001	-1981.1
97	100001010001101111101110010001000010101010000101000011111111100000011100110111110010000111011001111000000101111100010011110111010011000111111100011101000111111100011000010101101111010110100100110011100011001000101010010100011101110111	1123754.6	-2041.5000000000002
98	111011000000101110100010000101000101010010010110000100001010000110000111100110011110100100010111101110010010000001011011010100100101011000100111100001111111001000100010010011000110111100001100111101010010101010110010100011011110001011	973988.4	-2104.1999999999994
99	111100110000000100100100011100110000000101010110011010011001010100100000010011101000000100111001000001111111101110111100000101111001110011101110111001010100110110100101011100101001001000101000011010001101100110000010101110100000001010	1062987.2000000002	-2105.9
