SOLUCIONES INICIO 

0	100001010010101101001010010000011000110110100111110100011111001000000010100101000001111110010010100101101011101010010111010111110011110000101011011000001100110100101001101100101010001000101100110010111011110110001110000001000010001111	1558497.2000000002	-1853.8999999999994
1	011111100010000001110000101101110010001000110001001111001100111010010011111001011111111010111011110111111010000011110001001101101110101110000111000100100101100100000110100110001100111001110110001101010100010111111010110001101100010000	1634530.3999999994	-2049.8
2	101110100100011101111010010011001110001010100000101100110111000101010011000010011011011111011011010011001101000000000100000010010100100101001011010001001001101000100000101011110001110101100011000000001011011101110000000001011001101111	1373445.5999999996	-1880.5999999999995
3	000111000000010100001111100010010101101010010000101111001000011111110011100001000001101111000000100110100011110111000101001111110011011100100000101101110101010111001100110011000111100001001110111101100110010001111001011111011110110000	1612942.7999999996	-1828.3000000000002
4	101100110010111110001110000011100110111111111100000110110101101101001100010101100000100000001111111111110101110001111110000011001101000010010101011001110000010111111110000011000010100100101110111100101111011110001100111000011101101110	1654216.5999999999	-2019.1000000000006
5	000010111001011010000000101110101100111111101011111101011111101111011000010101010010011111101110011100001001010000110000101110010001100110000011011010111011011111001000111010011110000111100110001110100011001000011100111100010001000110	1639210.2	-2049.2999999999993
6	010111110110111111010010000110011001110010101100111110001100111110100010111010011100111010011010110000101001000000010010011100100010010001011010111101010100000100111110101101100001001011110101101011110100110010010000001100101000001100	1569544.9999999995	-1831.1000000000004
7	010111011000001011011000000110110000101010101111010110011110111110101000110001001110110101110010000010111011010001111101110100100111011101101011010100110010001111001101001001110001100010001111110111001110001101111011010111100010001101	1709530.4	-2025.2999999999997
8	010100111000100101011100110111011101100001110101011000000000011110001110110010001100000111001100110001000011111111000010011001110100001010010001100110110110101011110100001110001100110111000010000110101110010001001111001110100001110011	1544080.2	-1843.8000000000006
9	011001000000010100111010000110101110110100011001100000110110000100110011111010001001011010111110000101000101101011001001101001101011001100001111011110000110000111111010111110110111001010110100001111001111011000001110100011000000100111	1651149.0	-2063.9999999999995
10	100001011010110001111010011111111111110000100100011011000011101001111011101011111110001010101000011100010110111110001100100010011000100111000001111001110100100110011001001101100001101111011000101000100100111111101110110010000101100110	1654643.8	-2035.7000000000005
11	110011100011010001011111000101101010010000110110000110001011101101000101011001111001000010010110110110100011111011101111001011011010001110110110011010001100010011001100110001010101101000101011101110010111010000110100010110000100110100	1570382.7999999996	-1823.4999999999995
12	110111000101110010001001110000111100111100110001010110101111110100010100101111110010110011111100110110101000100000001101010101001011001001110000010011011000001111101100101010101011011110000110000001011010001101111110101010110100111101	1609954.5999999996	-1810.1
13	101101100101010100001011101001011110100011011011001001111011100101011110011101111010111010100001110101101001110001011111010111000101001010000010111001000111101001011000001011001001011111100100110100110110100000100100000011100010111010	1590381.1999999997	-1821.9999999999998
14	111010010101110001010101010000111100110010101110000110011100001100011110000111011100100001010111001101100011101000010111110110100101010000111010010001100010001111101011001100111000111101010001110111011111010001111000001110011111100010	1640088.5999999999	-2036.3999999999999
15	111100111001101000101111101110110011010111000101000010100100010110100001110101110001110111010100100101011110011100000010010000111101011100010001100011101001000101110100010101001101010011100110010110100111011111001000100100110011010011	1559043.3999999997	-1821.1000000000001
16	010011010001001100101010011011101010000101100101010010001010101010110001010101010100000000100110010001101001011001101011110000110000001001100000111001001110111010000100110000110001010010110010110111101100101011100100101110100101100100	1369915.9999999995	-1883.5999999999997
17	111011000011101001011100011111001101011011100110000010011010010101101010001110011010000011111010000010101111110010111101110000110101101101000111011011100010110000000111101111101101100011111010111000100101011111010111100000011000010011	1764165.9999999998	-2027.9999999999998
18	110000111011111101010111001110011000011000101001010011100000000001010111000010111111111111011110111110010010010101111111100111001110110010000111101111001011111001011001110100000001110011110000111001010110110011010001001011101010001010	1750669.199999999	-2022.099999999999
19	101100011110010111101001110001000010110000000011001001101100101110101110100111011001001001001100011001110000001101110010111101110011000101110011001000100100000000101001011110111101010001110101110101100011001011001011010110101100001011	1580419.5999999994	-1831.1999999999998
20	011010100001010101010001101110001100011010010011101101110111110010110001111111010100111010010111011011011110101110000100111010100101001000000001001110111111000111110111010101101000000110100110010101101100000111100001000110001010111110	1687155.3999999994	-2033.6
21	110111001011100111010100010010001110110000111011011001110111010001110011110111111000101100111010110100111000111000110001101000010010101100101000001100011111001000110111110101010101000010110011000001101010100100110101000000111010001001	1623611.7999999986	-1833.099999999999
22	100110000101110110100110111011100011110111110011110111000101100101011000011101101000001001010111110011110101101111100011001010110101111101011111011110110011101111110111100011000000100001011010010110011001100000110101100001011000010101	1814618.7999999993	-2010.6000000000004
23	001011001000100101111101110100101110101001000111100111010001110000010001111110011010001110100111011000000111111111100110001101000011111001100101011011001111010001110110010011101110000111010111000110011100001010000000111000101010001100	1642722.999999999	-2058.4
24	010000110011100100101101101111111110100100011001001010110110110111101101111101100110011001011101111001100101110101010000010011011110001101110001111010000101011111100101000000100011110111111101111110100110111101001110010010010101001000	1677087.5999999992	-2007.2999999999995
25	011000001010111110000010110000101011111000001010110100101010110111000000101001011001100011101000110100101010010010011001011010000111000010011011111010010110000011011111110111111111101010101111110101111110000110111000111000010011111000	1687038.1999999995	-2045.3
26	101000111110111100000110010000011101101100011100111011100111110110001010101100000110010000100110111100101011011100011011110110011010001001110111100010000011100100110111100101111000111001101111001111001111000100110010110001001101000111	1698398.7999999993	-2035.5999999999995
27	010110011101111110101100000101011110110101010110101010010001011110010001010010110010000000011001001010010000011011000011111010101001000100100111110101110110111000000101000101100010001001111010000101001010100010010001101011110001000110	1466380.4	-1865.4
28	101111111101001111110101110100101111111100100010100100001011110111111010111000001100010100111010001010101100101100111111000111110001011110010101010001001000101011101010110010101110010100000101111001100000000011101100000100000001010100	1641191.5999999999	-2051.2999999999993
29	101000111010010000000100110110000110110101000101110100000101011110110111100011110100111110001000010000010100001000101101110111011100010100111111100101000101111101111011101111001110000011000000001100101000000011011011100101111010100101	1666845.1999999997	-2067.8000000000006
30	011000111000001101101101011110100010011111001000110000101100000000111100000110000100000000101100100110010101000001100110111010010000101111001010100100110110110110110011011110000010000011101010101010100110000100100011100100011000011100	1462614.3999999997	-1895.8000000000002
31	011100111110011010110101111010110101010011011010101001111000000001101101011000000001001010010101111000101101000101000011000000001001110110010000111111111001000111101011100110011110000001001010111110011101111110110010010010100100011100	1594258.5999999999	-1826.1
32	000011111101011101101101001000110011101001111001100110010000000010111111111001001001011011000100110110100111010100001001010110010110100010110010110011110110100100111111111100001101001110101011001001011111110011111101111000100000111000	1747373.5999999994	-2026.0999999999992
33	011110111101010011001010101110111001000100010110000110001000110110111001101111111010100100101111110110110111000110000010110101001010100000110010001111000010100111010101101110111010000011110010111110100110001101111101101011101111100110	1742209.5999999992	-2016.3999999999994
34	100111011110010010100010110000000001000011111110010010010011101001111001101100000000000110111000110001001110000001000001111110000111111001001101010110110010001001100110101011011000001000001001010100000010111100011000101000001011100101	1449416.8	-1899.2
35	110100001000001111111110001100101100111011011111100001001100001110000001000000110011011111110101001100011100101001101100110111100001111011110101001101110001111111000100111110100001000001000011010111001100100000000111100001011101111011	1718282.7999999998	-2054.5000000000005
36	111010111111010001011001001101100101101100011000111011101100000101101111100100110010000001010010001111000011010001001100000001101010100001110111001111111111101010110111100011111000101111000101100110100001010001010101001100110001101110	1663506.3999999994	-2046.0
37	000111000111101011111110011101010010011011000100110111100011111101011000010101101111000110101110000010001000000101000011001011000100000111011101111110010010001000010001001001010010010111100000100001010100110001100001111110011100011101	1434908.1999999997	-1852.4999999999993
38	001000010110000101100010100011001110100101001001000010010001000100110000110101111011010011110001011100100100111101011010001111110000001110111001101001000010011110010000110010011011010001010101010000001101100001000011111010111101101001	1464650.1999999988	-1874.6
39	001100100101000000011111011110101101111111111100011011011100100111001101111101101110001110101010100110000101001000011110100111001011100010000011110101001110000011110110001110000101001001000110000100001011100100110011000111110010101011	1640847.7999999996	-2058.0000000000005
40	100011010010101011001110111011001001000000010110011010101101011001010000101010000110010101101000001110000100011010101011010110101011101110010001101011111001100101010010001110010110110000110100000000001010000000000000101100100110111100	1442112.1999999997	-1896.7000000000003
41	011110010001001011110010011010110111000110000011010111101111111101000101010011111100000010010101100011010001100001001111000111100110100011111100110111011000101100001100011010111001101000000110100111100110101001010110101000101110010110	1626057.9999999998	-1807.9999999999998
42	111101110001011011110100001001111001000010001011100100011011100110001010001111011111001010101000100101111001001110010111110000111110101101010110011000000000011111101001101010111100010100110000011000001010110110101110110001100001100111	1644892.2	-2059.5
43	011110101100010100110100100011000100101011110010110000000100100100111111011001101110000100110000010100010100011110001110111000110111010010011101011101101010110101110001000101010111101000110010111101110001100010011010001110011010011010	1540998.0	-1834.8999999999992
44	010011001101001110010111001110011001100110110101110001111110010010110001011011011010101000101001001111011100100000110011001000011110101001100001111000001000011100110011011111000011101001010000100100011100110111001001000101010010010000	1566038.3999999997	-1852.4
45	111111111001011110001100010101011100101111111000001100000100100011000000101001000010000011101001010000100101010000100100100101100001101000001110111000010011110011111000100001100000101110010000001011110000111011100111111010110000111001	1386265.2000000002	-1875.9999999999995
46	000110011111110110000001010001111110011101100001000010011100011111111010100001010100010010100011001000110100001111110000100100111011100100000010101000111010001101001100000111011101101001110000001111010110110101111010111111010101100000	1518906.5999999996	-1836.2000000000003
47	111000100100111010011000100011010101101001011001000011011111011000011110000101010010100010111010101101100111010100010011001111010111011110011000110100101110010100000000101000010110010000011001011011001111011101010100110001000110000100	1490538.1999999995	-1862.0999999999997
48	110001000000101101111101111101010010010000010010100000010001110101010011100001101000000001100100001001000110000000001010100101110000110100101001101001110001100101010010110010100110010010100011101101101001110001001011010100001010000111	1332929.5999999999	-1911.7999999999997
49	100110010100011001000011101001100110010110111100010101110111110101011101100101001111001000001001010010101000101101110110011000011011010011111000100101110101110111011000011000110000000000100100101110010011111111111101110000011110010010	1603329.4000000001	-1820.1
50	011101101100011011101110001001111111011110011000110110000001100011011110010001101010001011001000010100000000010111101110001010001010101001101000011011001000100111011010000111100100110101011001000101000110001000010110100010100100110110	1468429.4000000004	-1861.5000000000005
51	100100000101011111100101100001100001011010111011110101100110101111100011011011101110111110111001111110100110100101011111011010000000000101010000011000001010001100100111100111010011110010000011010101111011001100001011001110010111110101	1652798.9999999998	-2037.7999999999997
52	010111100100011101000010001001010000110110100010111001000110001011000010101001110110101001000000000001001100111010110100101110111010111110011111101010100010000011001000011100001111110011101011101001010111101010000110100000100101010101	1517073.7999999996	-1858.4000000000003
53	111100000010100000100001110010001000000011011000010001010010110110100010001011100100001101010101001100011011010011011100011000000010001111010111110001101000111001010100010110010000100010101101010100000011100111111101001100011101111101	1443468.2000000002	-1877.9999999999998
54	010001010100110111000001001000110001011110001100100001101111000010000001010101000100011000011101010100010110001000100100010001101010010000101010011110010011111010001101100101110001001000101000111100011000110100000111010011101111111111	1446422.3999999997	-1873.4999999999986
55	111011010001100011100100110001111001110110101001110111101111110000101111000001111111111001111011101001100000101111111001101001111100101010111001111100110001111110011000001101100010001100110101011000000011111000000110001001100100011110	1719215.1999999997	-2020.0999999999995
56	011111010011000010011111010010110111001000111010010001001000000011100011010100111111001100011101000010100110101111001111010111101010011000000001010011101011010111111001100011010110001101010001111111001010001111010001011110100010110111	1644642.4	-2041.6999999999996
57	010100100111011101101000101011111001101000010010100100010110110010100100101010000110011111100111000110101011110001100111101101111010010001010101110000111011101100101111111110110000010011000100110000010110011110001101010100001110000010	1755601.0	-2062.1
58	001110010011000111110100110001011100010010011011111001100011111010100010111001000111101001110010010000001111000010000101110010100101111110101101001110000100001101001011110110010111100011101011101010011110000111100010001101100011000101	1652456.9999999998	-2059.0000000000005
59	100010010001011110100000111111001001100100010010011101110001100111001111010100100011001110001000000111100110001010110110111001111011011100111100100101001101001111110001110111101110101101100000010101100000010000111011110001100010001110	1661051.1999999997	-2062.3999999999996
60	010011010001101100001011001111110011111111100000111100001111100110111011111101100100011011110100000011000001100001011101100000100011101001100010111000011010111011111101101001010100101011011101110011110110010111110111010110000001100111	1718054.5999999996	-2010.7999999999995
61	010010000111001101111001111110010101110110011110110011111000110001101011011111111111111101000011001011001111011100000010001000110010001100011101111101010100100001101000110111101101100001110111011000110111001011011101011100001100101111	1757523.5999999994	-1994.8999999999999
62	110110101100010000110011010011100100011101011011100010100000011101001000001110011000011010001110001010110111110000010111111101001110001011010010010101011100110110000011100011111000100101011001011111010001010001000000100101001110101001	1542993.3999999997	-1843.8000000000002
63	101110110000101010100010010101001111100101000110011101011100001001011111101010101110101010010010011010011100000000001011101000100000100000010111001011001000011110001110101010011000010011000010111011001000011000011101001111000011000110	1468332.7999999998	-1874.2999999999995
64	111000000110011000001100010010000010111011101101011011101100010110110111100000100001010100111010101101001001010100101011010100111001011010010111000111111001100010011101001010000110101000110011110100101010110010101010011010000010101110	1562941.8	-1852.4999999999995
65	111110010110100011100111010010001010010110100110000101001001000101111100110110110000111001010101010000100000010100010110101011001001111111100100000101110000001111001011001111110110111111010101010011000100101111111001111101100100101111	1652802.7999999998	-2033.0000000000005
66	110100100001011100101011111101101101101000110100010010001101111101101011110110011001101111111110010101110011000111111011000011000001100111111111010010101101010101010001001011111001101000010010010000000011110111001111100011101010000101	1700196.3999999997	-2016.2999999999995
67	110000100000011011101111110010100001001011111010010111001110001111010010111101101000100101101101100001110010101001001010001100100011001010011100100111111000000111001011101100000111010111010101010010001110000111101011011100110010101100	1607224.1999999995	-1826.1000000000001
68	100111011100101111101100100101100010111111110000011001110000110011010100111100000001100101010001011110110011010010110111101011111000010111000111111010110101111001100000111000000111100010011011001001001101100110110110011101000101111000	1679743.799999999	-2028.1
69	100001001011011101110100000101100100100101011001000010100001001000010111110101100000010100011101010000010110011010110110010100010100000001000001101110000111000100101110101111100111100001000000101000111100001011000111101001010001111001	1451848.8	-1889.700000000001
70	000110100000011111111110100101100100111010100100010011001111101101110100111010010011000101110000010111100110101110010100010101111101111101001001101111011101000111100101101110110110110110000011100101100001100010111100111111010011111100	1806537.9999999998	-2007.2
71	110010001110101100001101101001101111001010001011000011110010000101001011111000000010111101001111011010001101110111101111111011001010001100111111011111000001110100100111100110100111111100000101111111011011001001001000111111101011100111	1834205.1999999995	-1997.299999999999
72	110011000100000110001100001011111100110100101101111001100100101000101101100011101011110110001101010011000111000110111111100100110111100000110100000101101101011110000111100111100000011010110011100110001001011110011111010001011011111011	1705973.1999999995	-2027.8999999999994
73	010110001010001000001011110100001101011110001001111111110101100001010010010101101010111101110110101111111010110001100010010011100010110010000100110001100111110011101100000001111010001010100010000110100010100101000010110111110111100011	1526757.3999999994	-1838.1999999999998
74	011000001110001101110111010010010111001011001110001011000010011010001110111100010101110101100100011010010100010100110010100010011111011001100100101001100001000111000000001000110000110000010000000011010101001011000111010100101011100111	1357943.4000000001	-1882.2000000000007
75	101001111110010111010101011110110100101011101000011101001110100001100110011110001101001001111110101111100001101000010000100010001000110011001001100011100011111111101001100111001101000010010101010100000011011101100100100110000011101101	1583505.9999999998	-1823.8
76	000110111110100100101110110101110111110100000001010110010110101010011000011010000100011010010111110110010111110101110011101000011111100100110010111000010000101101101001011100001111111010000110110001000011011101011010111111101110001111	1689461.5999999994	-2018.8999999999992
77	000000001101110111101000111011000000101100011000111000001010010010000101101110110010111101000110011100111010111111101000010100100110001111100001110001000111000011100010110011101110111010000100100000101110110011101101101001010101111001	1556928.0	-1838.0
78	011011111100100010000101101101101110001111100010010011110011011101001110010001101001110010011001000000000010100010110011011001110110100010011110101110101111000110010110110011111100110100100001110101000000100100011100000110100101001001	1580936.5999999999	-1833.8999999999996
79	111101100000011001011001000101111110001011110111100011011001110001001111001000011000011001000011111100101011110010010011011011000100010110000001011100110010110110100100011011101100111101110011001100111000100101000001011110000000010110	1558750.2000000002	-1834.7
80	000011111001000111110010111110110111011110100100010101100011110010010111010001001000011111101000000001110110010001111110111100000110100110011001101010000011001000110101101110101100000000011100011011110110100101011110110100111100101010	1676907.799999999	-2047.9999999999995
81	010100111011101111110100110111000101000010110101000101011000000000100100000110010101000000010011101001000001010011111100111011001000100110011011110001011100001001010010001010001110110101110111000101001110000011000000001010111110110000	1408039.7999999993	-1881.5000000000005
82	111110111101011001100001111100100010001111111111010011111100110001110011100100101000110101001100111000100010001000000000100011101001100011111110100000000011100110011110010111111111011010100101110101010011011100101010011111010111101000	1647677.9999999995	-2023.7999999999993
83	110010110010000111010110001010100000111101000101100010000011110011101101111000011011000000000101110000101011000011000100101101101011000011010011100101010010010000000101110111111001010010010001011011001011111001111011111111110110011010	1560744.9999999998	-1835.999999999999
84	001100110100000000111101110111000001110100000110011001010000000000011111010111100000100001001000110000010110010010000001101111110000100001010010101011000111000010011101000110001000110010011011110100001000001010101010000110111111110011	1387888.9999999993	-1900.0000000000002
85	100111110011000110000100000010011100001111111001100111011010101100001100101001001101011000010111101111101110001111000010101011101010011110110000010000000101011000100000100110000001010011100111110010001001011111110000010101101011001001	1486762.5999999992	-1847.999999999999
86	110100010000000001100010001101001110001011111111001101111011100000100100110010001101010100010001110101010010111110001111100011000001000011110010000110011110000011101011110100011011111011011010101110001010110101011000000011011111001101	1620760.7999999996	-1830.1999999999996
87	101110001110100110011010100000010001010011001010000100011010101111010101111101101101111101100001111111111011001111010110111000111010100011011011101100011011100011010100001001001010001000100111000011001100101001110000001111101000001111	1649791.7999999986	-2051.2999999999993
88	000100010000110101100000110001100010000100111011001100000101000111100111000001101110111100000100011111000111101011111100011111110110001010101101110111110111010001011111001011001011110011000101011011011100000111100110111110101111011010	1771084.9999999998	-2031.4999999999998
89	010110110010110001010001111100111111101000101000001100010100111001110001001011110101100111100000010110110100001001001110100101001001111111101110001101000110101110011110111011011001001100100001100111011011001000101000010100001101110000	1656567.3999999992	-2059.5
90	101100011011000110111110010110101110011101100101111100100011000110100101011110000110010100110011011000000011011010100001011101111011010101111101010000101011011111011100001010111110111110000001101110010010101000111101101100001001010111	1702008.4000000001	-2025.299999999999
91	000000011111101111111000001011111100101000100110111000011110111101001001100111011110110100010001001101111110001100101100110110001101110111101110101000100101010000011110110000101100100101010001110101000010001001110111101111010110100101	1708631.7999999993	-2033.8000000000002
92	001101111000000000011111011110001111000010000010010111100011101011011001101111100000011001001111001001000101111010100110000011001100010000101100010001100000111010111110100011010101011111001001001011111100000000011111010111011010010101	1545485.5999999996	-1834.2999999999993
93	011101000010001110110100111110110101100101101100001011010111110010111110110101001000110100000011011111110001001000010110110011001100111100110100010010110011010100010110111110111111101000100011010110101010101011101000011011010110111100	1727284.5999999996	-2015.1999999999987
94	101101010000011110111101111000111000101011111110001010011101100010111100000011000011000101101011001101110000100011011100010111001010110110001111110001100101111111100111111001101111010000100010010001010101001000110111011001100111111011	1763390.199999999	-2021.8999999999987
95	000100100110000110100001111100000111011100010001010111000001000011110101001110000100110101101001010010111010000011010010010000100100110111100110010000110110110111010101011001111000111110000010001010011000010001111101001111101101001001	1470676.1999999997	-1862.2999999999993
96	000001101110011110011000111100100011101110010100100100001010001010111101010000100001101111101000011110101000101010101101011111100001001110000101011011000011010001000001001001101000101011101000110101010110111000010001101110100000110010	1426303.4000000001	-1862.0999999999997
97	100001011101111110010011101010001010101111001100100100011111000000001011100010001100010000011000101100111010011100000101011100010010000000101000101101001101101000000010010111011010100011010011000110001111001011111101101010000110111100	1442006.9999999995	-1863.1
98	000001101100010010101110001111011010111100101101010101001101000001011100011101010010101001011000010110101010111101011001000110010101011111111101000011010101011111001010001110100001000010011101101110010110101010100110001001111110010001	1661380.5999999999	-2052.2000000000003
99	100100010000010110110010110011101100010110010110001010110100010000010000010000111100110110101000100100101010110010101001010010000100001111110010110011111100000101100101100100110011010001110000100001001100011001100101010010010110110010	1409938.3999999997	-1901.5999999999997
