SOLUCIONES INICIO 

0	101101011111011010100010100001010101101111110000101100111010000001110100001010111001001011111011101100000100100100011000000111111001011101000001000100101000100101101110111100111110011111000001000100010000101000111110111111101111111	1907989.5999999996	-1788.2
1	010101010111010100111101101111001111011000000110101110010111010011111000101001111101100011100101100001110010101001011000011101010111011101011100000010000001001111101100000000101101111001101100100110111100000100011010001111111101110	1842252.9999999998	-1779.3000000000002
2	011000011000100110111111001100110111111111001110101000000110010100011010001000000001000011110011010001111111110010101001111100001010100001001000111101000100001110010101001110011001111110011011000110000101011111110000101110011000001	1797837.6000000006	-1810.1999999999998
3	010101011110111101001011010000110110100001000110001111100011001101101110000000110110001100001100110010101010110011111011110100010011000101011000001100110010001101110010001010001111110001111001101110000011110001001100010011100100100	1775686.8000000007	-1816.3999999999994
4	001101000001101111110001010100000011000110001011000001001111010101010001011011111100110010110100011010011001111010101100110010011001011001010001001000000100010001111111100111000011010011100100011011110000101000110110111110001111101	1829022.4	-1813.3
5	010001010001011110000000010101100101111000011010100100001101011000110100100110110101000000111010000000110001110101000100110110110100101011010010110010101111000110000010010001101110010111110111010010011000110111110100011100000110000	1622164.4000000004	-1846.9000000000003
6	010111101000000001010111110010110110000101001110011100111101100111110011111011101000100110001101111110011111001001001101110100110111010101100101000110100100011010101011011110001011011000110010101100101101100111001100000000011111101	1975571.4000000001	-1761.6
7	000100100000110101001111011101100100101000101110000011010111010010001000001000110000010000011001000110100011000100000011100100110111001110111011100100011111011011001000101001011001100011000100110001101110110101011011101111110100111	1715930.0000000002	-1834.4999999999998
8	000110010011001010110000000010000110010001110000010000010010110111111011110010111111110001011111111100000000111000111001000110011100110001000110100110100100100100011111111111110010101001100101010110101100111111001110110011101011101	1916394.4	-1797.8999999999996
9	000100010111100011001111110001011101010101001011000001011101101001001100011011100011110100111100001001000001000100111111111101010000010101001011111010010101101100011011000110100010000101110010101101000111000010111101100000111010111	1810477.1999999997	-1798.2000000000005
10	110111100111100100011010001111111011011111000111101001001000111010100000110111101010110100000100111111100100001001111100011000000101101011101001111101000001101110111111111100110111101101100001110111001110010001100111011101110111001	2151951.8	-1721.4000000000003
11	000011010000010100101100111010001111101001001100011100110010100001101011100110000111110010001000101011111111100000101101101100001001000110001001100001000000000111110100111011010001000110000011101111001001001011100001100000100001100	1656710.2000000007	-1862.7999999999995
12	101000110000111111101000000010001110111101111011111001110010000110110100000110110001111011001010000100111101001000111110001000111100000001100111101111011000110101001010101010010000111011101011011101001010100010100110101110100011011	1880409.4000000001	-1792.6
13	000110010111011101011110110001101111100001011111010011111010000100011101111101110100110010110100000011001111110101000000110011001000011000101011010001010110001101001011010000010111001010101000000101101111000011101111101011100101011	1850865.0	-1785.4999999999998
14	100111101100000101000000010110000100000100001101101010011011001010110101000001011111111111001001011001001111000111011010000010111010110100110110100010001101001111010001011101101100010011011011100000010101010110111000101100000011011	1749430.2000000007	-1833.9999999999995
15	100111111000010110111101010110110000001101101101111100110010011110111000101110011011110000010111011111011110001001100011101001111010001000100001001001111010101011000010101101101100101001101001111000100000000111011101001000010001011	1846612.4000000004	-1785.0000000000002
16	101100111000010100100101000010011100010111011011110111000111100011101001101110100110110000110010100011010011010101011000000000101011110010110111110111011110001010111000001101111000011001010011010111001111011110110011101000011000111	1894864.800000001	-1779.2000000000003
17	100100010100001000111101000100111101101101100000111010110101110100110010100000000001110011110001100100001100000010011101010000110000111001101011110111011110101001011111111110101110100000000000001001111001010000111111001111011011001	1882757.8000000003	-1819.1
18	010100111001111100011111011011010101011001110010011000000100001111111000110111010011101111101010001101000010011010010001001010111101000110010010100010010011110100111101100010101110110110000101110001111010011001010100000001111101001	1883324.600000001	-1792.1999999999998
19	101111001100010110001011011010000000001010010101000001101011000110100111111110000001001111001111110100010111110111011101100010100011011110101110110101011001011100110101011111000010100001111100001010111010010101111000000000110000010	1917417.6000000003	-1802.4999999999998
20	100101000101100010100000011101101011110011111110000010011100011000010001010011101110001011010110011111010001010101011000011100001100011011000011011011001100011001011110100010111101111010000001110100111001010101000101001010010110001	1812044.4000000004	-1823.0
21	000000000000011000010011010010001111110011110111100000111011011111011001011100111111111011110110000100010000101111000010111111001111110101010110101000010011000111100111011001000111000101100011110000110011011000000011011010100100110	1897158.2	-1804.1000000000004
22	000000100011001100001100100100101111010001101000111110111110111110001110011011111100011110000011000101001101101001011100001000111110111110101101010001110011100101110101000101011000101110000101011101000000011101001000101110100100011	1849668.1999999997	-1807.9999999999993
23	010011001001001101000110111100000000101111111011010010000000001101001110010100100110011010110011010010100011100001001101001110111000110001100001100100001011011011001110011000001110001101000001011010100001100111100101110100001000011	1684754.9999999995	-1857.8000000000002
24	010101110100011110101111000111000001011011101101000100011110110111111001110000110000011011010110010110001100110110010001011101100001001110000010011011001111111101011110011111010101010111001100111100010110100111011100000001111011111	2022415.5999999999	-1755.3999999999999
25	111000111110010110011110011011111100000111111001000100011000100100111100010011010010100110100000001111001101111110001011110000111000111001011101001010011100100110011110100101101001110011000101000111100010110011101111101101101010000	1967858.6000000006	-1773.8
26	111111011101110000100001011110110000001101000111000100111000110100011010110110001110001000010001010011000010111000010100100100011101100110100101001011101011110101111010100101011001001111011000100110100110011111010010000101111100010	1816351.2	-1813.1
27	001001011100111100000111101111100000001000101110110101011110001011001001011100001101001101010101001001110100011110101101101100110010010001101010111000001111111110111101000100000001111111011000000011011111101101111000111001011111110	1983126.8000000003	-1774.3999999999999
28	101110110011011110110011011111000111001110000100101010111000101011001001001111100100000010110101010001110101111111110110101001110000011010000011011100001011011101011100011110011001011001111111010101111101101000111001000100110001000	1969297.4	-1768.6
29	111011001000110101000011001110001111110111111010111111111000100011010000011000001110001110111111010110101000000001000010001110001110111010000111100111111111010010101011101110100010001010001110100011000010111100001100011001100000000	1897992.4	-1807.0999999999997
30	000110001111110110001111011101110110011011111110000001110001110000100011011010101010011111110011101101001101000100100111100000101100110001000100111110100100110011010011010101001101010000110000010110110111001001111101011100000100111	1870940.6000000003	-1786.1000000000004
31	011000011101011101010101011001100001111101011001110010110101110010100100100111100010010000111100000010100010000100110001101111100100101110111001101110010000010010000101000001001011110110111011110101110000011010110110000111011000111	1716282.8000000007	-1802.1999999999998
32	010000100110111000101011010000100111011011000111010100111010001000100011100101001010010011100111010001010000101110100100011001111100000000000101101011011110001001010110101011000100100111100111100101001000000011111101010010011001100	1686435.2	-1850.9999999999998
33	110001000010010100000011100100111101000101111001011011010001000011010111010100101001000000010111101110001110011001000011001010101011100010001111001101111101110111110100110101010001000101011100110001100100010001011000000111110100000	1783166.8000000003	-1836.5999999999995
34	101000101110100110110101001110111101001000101000111110110011000101110001111000111011001000000100111101000001000001010001001101110111101111101000001110101101011110110011001001001000010011110001101111010111111011111101001101101010101	1952695.2000000007	-1764.9999999999995
35	001100100101000001001010110100100011111001001011010111101111100110110100000101100101000101001101011010101001000001010100001101000001100011010101011100101000100101001000011010100100110110111000000100001000001011000000010101110000101	1549386.2000000002	-1886.7000000000005
36	011011000111010010110010111100001111010111000000100011111000111011001101110001000111011110001100101000011011101100111101110011010101101000101000010101010000110011000001100101010001110110011101101101110110001000000010100000100011110	1739330.4000000004	-1815.599999999999
37	010100010000001111011101011001011101001111100000110110010110001101000101111101001010110011111111111000001001001011110101010001001110101011100110011011001110010011100100111010001100000001001101100100000001111111001100010011100101111	1899403.8	-1799.0999999999992
38	101111001110000010001111100000111101000011011001000100011110010101101000010000000010110001001111111110101110000111100000010101010011111010110100011111010010100010111000111100101011110010110110011110101011100101101010010011001001100	1883768.400000001	-1803.9999999999995
39	000110111011101110111001010010100001111000010010010010110000011001111111100001001010011110010010100011111001011110111101010111110100111101000111011000000010111101011000110110110000100111110000010001010011001110110110010100010111010	1905180.9999999993	-1784.3000000000009
40	001000111100000111111000011100100110010000110100111101010011010011111101000100010010101000111101100011011010000100111000100001010110111111100000101011111000100110010110110101101100110100100001010101101001110011100010011100000101111	1833850.0000000012	-1810.7999999999997
41	101101100010101110100101101010100001000000011000110010111011000011010111010010110001001010110000000111101101101101011101010100000100101100000101010100000111110010110111100101000110100110011011100110100011011001110101111001010010011	1818965.6000000003	-1811.1999999999994
42	011010100011000110011011110100111110000100100011011000011010111001010000110111011101110000011100001011101010111100001111100000001111100001010010010111111001001001111111010100011010000111010010001110000000000000101101000010110011011	1830525.7999999998	-1822.6
43	010000001010100101000100100101001001101100000010111110001011010000001000100000100101101001001010001000101000100001111111110011111010101101000001010110011010100001011101001011101011000110000000101011101000101110000100101001100111100	1621976.6000000003	-1881.3
44	110010110110011100111110100110110011111100100011000100101111000110110011010010111101010001110010001010100001101110010110011110111111000001111101100011111110100000010011101100000110001011101101101101011010011000110000000101110001011	1964932.2000000004	-1779.9999999999998
45	001111000111110100001000111100101000100001010011100100111001100111100111001001010011011010101111111000000001101010110011001110000000011000001001110100010110101001000110000001111011110101001010011110010010001110110101010110011110111	1682768.2000000002	-1816.6999999999998
46	010100000011100000000100011101111111001100100110100001100010001100011100110010101000010110000100100010010001100101010011110100010011010110101000000001111011011010110100100110111011100101110011100001100011001111011010001101000110111	1674056.2000000002	-1832.7
47	010110100000111001100011110000110100011101011111000001110011110110011111001000101110100101110100110001100001110100001001001001111001110011010110111000110000100101101011101110010000100010000010111001001000010011000001111010001001111	1811336.7999999998	-1826.7000000000003
48	011011100111001001100000101000011111010000010111010001001000000011101010010001001010000101100011111111101011111111111100010100011011010101010001011011101011000111101000100011100001101100000100001110010101010111111100011111100011111	1892141.9999999998	-1795.5000000000005
49	101100010011001000001111001111001011001001100100100111010101110010000010110100111110010101110100101001111100011010101110111110111011110111100011101000000101010101100111010111100100011111111100001010001000000110001101110010010101100	1942534.3999999997	-1785.1
50	101100111101011001110001001111111010101001100100111000001011011000101111110111100111111010011110001110110000100100111110101000110101000000000001011110110011011010011101110011001001101000010001100110111010011110010010101010000100111	1932352.800000001	-1776.7999999999995
51	111111101011000111001011101001111000101000010010000110000111011011010010001111000011010110101001010011001100000001010010000001101000110000100111001110101100101111000000101001000001100100111011111101110001001000001000001110001010111	1620286.0000000002	-1842.0000000000002
52	010010011000110001010111110000100010111000010000111110110000000000001110100010001011101000011000001011110000000011100001010000010010101110110101101010101111110010001011001100000110010011000010000000001010111111011011000111001011111	1602822.5999999999	-1862.8999999999999
53	101011001100110010010100000100101101010011001000011000100110110001110010100110111011000111010111101010000111010001110000111010111110001111110100110000011100000111101000100100011100010001010010110111111000000011010001000110101100010	1731091.6000000006	-1833.1000000000006
54	101010111010001010111111110000010001001011100000001000011101110100011001100110011100001011101001110100011110101101111010101001110010100010100110110010010101010111011101100100000001101110000100000110011010100101100101000111011110110	1832028.3999999997	-1816.6
55	111100110010001110110011011101111110101000010111011110100001110001011111001010111010011000100100010100101001100001010010100011100110111001111000001011000010110100110010111110111101101110110111110011011100011101101101011111100001110	2002020.0000000005	-1741.8999999999996
56	100100001011010111111000100011000000111111000100000110010010110010110100111000010100101101001000010000011101010111110101010100110110000100000110011001101111010011110111101110011110011000011111001110101111110111000010000011111100101	1913233.8000000003	-1803.2999999999993
57	001011010000100011101001011000101110001001111101100010111011111110110010100011101001110110011101000000001110110000010101110100110000101110001000001111101111101100000101101001111111001001011110011000001001011010010010001100101010101	1805969.2000000004	-1801.0999999999997
58	101111100100001100110000011000010000011000001111101011100100100001111000011001110011100001110100001110111011011100000101110001101101001011001111000011000110101101011001000010011011010111011110011111010010000101000110000100011000010	1712130.9999999998	-1829.5
59	101011101101011101001001110010010000110110100001011011011101100010100011101110101011011110101111010111011111111110101101111001100000111101011000101000011011001011011101001011110001000000010110100010111101011011011011110111110011100	2080525.6	-1735.5
60	000100000100000101001001101000010000110001101011110011100101000010100010100011110101101110000111011110111000011000110010100100111100001111001100101101101111100000010000111001001111101011101011010001010001100111011101001001001001010	1723622.0000000005	-1839.8999999999999
61	111010101010000001010000101010011100000011111110001001001100111101100100111001011000100110011110100000001000001100100001111110100010010000110110001011111000011011011001110001100100111010011101101001011000110001011110010010000111111	1760754.6000000008	-1822.0999999999995
62	000010001001010101110101100011101001000111111100011101111101001100110111111010010101011110101100000100001001011010010001100000011011000011000110000100111111000001111010000111000110100001101110001100101111011011001010101111110101001	1787933.6000000003	-1801.8999999999994
63	001111111101000111011100010110011010000010111010011110100011101110010000010000100110001011000010111001101000011010001011001110111001111010001000010101110001000001011011100000010111000000100011111110010011010110101110000010011110111	1774072.3999999997	-1823.9999999999998
64	101101011110100000111110101101010111000111001001101100111001110010111101100000100011101001010001001010010000001011011111011110111110010111010101101110110111001001111010101111111101100011011011110110101011110001101000011110010000101	2100704.2000000007	-1742.999999999999
65	101001110110100111010111100100110011101100001001011010011100000101011011011100111001110000111001100100011111111110111100100111010001111100110100100000101010000011111010000110111010101100110111010011100010111100100110010001101100111	1936053.4000000004	-1763.6000000000001
66	011100100001110101011110010011110100111010000001100101110100110011110011011111000100001101111111110110000111011111010110000101000100101111001100101101000010110011100011100011010110101100001000010101000110110111111010010100000001100	1860812.2	-1802.3999999999994
67	110110110101100110001101100111101110000110110111000100001101100001001110100111010000000011011000110100001100110100011111100111111110000010111000110000001100001110110010111100110001010111110110100100010011010110110111111001011101001	1918969.6000000006	-1781.7000000000007
68	000001100100011110010110010100110010001011110101100110111101110101011101011110111000100000110000110110001001110001000111101011011110111100110010001111110000011010011011010010111001110101010110010011111110100010100001010001101110111	1950026.8000000005	-1770.8000000000002
69	110000010011000000100100000111001011111100011110011000100001000110101000111101010100101111111100101111011001100001100111101111000110000100110001000010111010010000010001110011011110110110111001001001001000111100100111101100010101101	1764258.0000000007	-1816.7999999999995
70	101101011010101100110111011010010110110100010101101111010011000101011000100100011110101100111000000010110111100001110000011000000010000110110100011101001111000110101010111001110111010100001001011000100010110010100101110110110111110	1874359.8000000005	-1796.1999999999996
71	011111110110111000100101011010000001010100010000011010111001011101000010111100111011010001111110100111010110100010001111001100000101000111001011111010001001011100010010100101010101100111001101000110010101110100000001000000011001010	1716646.2000000002	-1824.2
72	011111111110110010011001110111000100000000110011000011101100011111010011011101101111011110111111110011111011110010011010110011010000000110100010110001011110101110010100000101110111110111000101000110010100100101000001001111111000010	1912264.4000000001	-1765.2999999999997
73	011100001011100111110010000100110100110111001001000110001110001100011111110100110011010111100011110110010000110000101110001101111010000110000101011001111100000111110001010101101011001101011010110111110111111000011110000110100000011	1856585.8000000007	-1785.1000000000001
74	011110000100110010001001101110111010000010011000110011111010100100101011001010110111010000100110100001000001111011001111110011110001101110111100111110001110011001110001101100110001000001100011110111011100011110001101110000110011110	1933951.4000000006	-1784.6000000000006
75	101101011011111110111100011000010000000000011001011100000110001111110011001011100010110100101100110001000000100110011110110010010111000001100101011010010101011100011101111110100111011111001100000100011001010110000011111010001001110	1857859.2000000004	-1803.3000000000002
76	010101100101100011000111101101010011000011111001010100101010011001110000111101111110110101100101100111000100100101111000101100010100110111001000101100110111101000001011110100000101101010010000010011010000110010110101111010001110110	1864793.0	-1805.8
77	000011011011001010011111011010111100001100001010000011011011101101110111011000010011111110001011010010001000001100100111101011110000100001001010101100000101000000100110101011101011001101000100000100111010000101110000101110100000110	1678761.8	-1839.8
78	000000000010011101100101000001000010101110110100101010100101000011000101101101000010010100100001111000011010111001011100011000010100001110000110110000100011100110110001001111111101010001111000101000110111000101010111010110000110111	1626323.2000000002	-1852.8
79	111000010100110011101101000100011100001011111011011101101000000110011101101111110010110000111101011101011010000001001110111011101100001001100101111111101110110010111000001101001010001010100010111001001000101100101101010000110110010	1903803.6	-1786.3000000000004
80	111001101001010110111011010010110111101100100011101111011001111100010101110100010011110010001010111110011000111101100101101001110010001110001101011111110001101101001100100011110011110011110110101110111111101011100001111100111010110	2088898.4000000006	-1705.5999999999997
81	001111010101111110110000011001001001001010011110010101100000100001001001101111010110011101111111011110001111010101101000000101001101001000001000010110001100111000110010010001011001001100001110010111100100010001011101101111110101001	1768779.4000000006	-1816.2999999999993
82	101111011111111110000101000011110001111110111111001110001100111010000011111100110000001100111011000111000011000101011110111010101010000111000011110110110101001001110010111101010010011000010011001100001010000010001101111000110100011	1959362.0000000005	-1776.0000000000007
83	111100101010010110011100101000110111101011100011001101001111000011011011101011000010011110010100011011101100000001001111111000111101111111111001101001100111101010001110101011111000110101110100111000100001000101110101001000110101100	2033796.0	-1757.6000000000001
84	100000001001001110100111111111010010101111110100001101001001001011000110001111001101011011010110011100010111100111010110010100001111001000110110000101000100110011011101110011100111010111110100111001001011011010000000110011100101011	1929269.0	-1789.7999999999993
85	110100111100110101000000001000001111111001101110100110010111101111110111001001110110110011010110001011100100100111101010110100001110010000010101010011111011101001110011111111010000100100000001111111000010111011001101010110001111101	2018695.8000000003	-1767.7999999999995
86	001110111101010011101001010001110000001100011101110111101010010001110110000011101000110001100010111000011000011001110111001100001001100010101101111001000000111000100001011000111111101101110010101001110111111110010110111000101110010	1809596.8000000003	-1789.000000000001
87	111011101001101011011110110111111011011111111010110010011110101001110001111111110000001111101010000101100010100011011101000111010110001000010101101000110110110001010101010101000101010101001101010101010110101010011110010010101111001	1974759.4	-1746.8
88	101100101111101010101000001101000000101011000000111110011101001000100111010111111110101010110110000011001101110001010110101001000000000111000110101101101111001010011010010101011101101000000110010100111100001010010000110010011000001	1733631.8	-1830.3999999999999
89	100100100110000111010011011110000011010011101110101001000111100010000110101110110011011000100010001010011110100000010010111101101111100100011010000111000000100111110011101111100000110101111100110001101110101101011011011111101100111	1919431.8000000005	-1774.1000000000008
90	101101100010111011100011000110111001011101000001011110001110100101101101000000001100010100000110000111001000101111111010011001110011110010011101100001101001010100000100111011010111100011001110100011100010000100010010000000010100011	1707832.9999999998	-1840.0000000000002
91	001111011010111000010001111001000110110111111000101111011111100100001001000110100100110100110101110111000011001100111111011011001111110000000111000000100001001101111101111100111100001100010101010001001100001111100100101001000001101	1948966.2000000007	-1795.6000000000001
92	010001001000100010100110111100001010101000111100000101100111011111010011010101100101010110101111111001100101010101000111101110010011001000111111111011010101101101010000001010110111000110010100111010010010101001111010010101010110100	1859470.4000000004	-1790.0999999999997
93	110110110111000011001010001111010110101000111100100100110001001011000101000011010100100001101011010011000001000110010011100101010111001110110110010111011010101001011010101100111010100001011011011010000100101110010001011010111111101	1843086.4000000008	-1811.1000000000001
94	000011001110011000000100110100000110000111101001100101010111101011011010011000010010011011101101011010011110100101010001001111010110100111101111101000100010000101000001111100001010010010011101101100111100110001101101101011110101110	1837964.6000000006	-1808.2999999999997
95	000011011101010011000000011001000010000110111000111011100110111100011001010011000100111001100011110100101001101001110001000011100111000101101000110010100011011111000100110011101001100000110001011011000010100100100010111001110001011	1675806.2	-1848.9999999999998
96	111011100100001001111111010000110110001100100111100110000000001010000011101110001000000101001010100100000011000001010100111111101010001100110000110111001011001010011001100010011111101010011101000001011110001001000111000011100111000	1665402.2000000004	-1845.9999999999998
97	110100101100011000100001001000011111101011100111001000010111011001110101110101100111000000110001101001011010111111101010010100110111100100011011010011101100110110001110110101111001001111011101000010111011001100001000010000001111111	1952124.8000000003	-1781.5999999999997
98	100100000111111110110100111000101010011110110101010111011001001011011100001001100101001110011000100100001010000100001111000101100100001111001101011010001000001000101111001100011010100000011111101000111100111011000100100101000101010	1738235.400000001	-1831.5000000000002
99	100010111101001011000001111011111111100111000011011000001000101100010000011011101100110001000100011011100110100000110011100001011100111000011001100110011001010101010100011101001101101011110101000011010000110111111110001001000111001	1770895.4000000004	-1813.9999999999995
