SOLUCIONES FiN 

0	10101110110000100000101011000101011111111010110000110101010001101100001011001111011001001010010100011100100111000010011110000001100111111100111000011000100001100011011101001011110010101001010100111010000000011110100100110111011111011	1038123.3999999996	-2058.1
1	01100110001010101001011110110001011010001110000001110010011011100000110101011011100000111110100001111101001111011000010000000010100110000000100011111011111011011000111001100011000101001000001000000010010011100110001111011011001000001	992775.5999999999	-2097.3999999999996
2	01101010110101010100110011111100010010111010001100110010110110001111001010100100010100001110110010010010100110011000010100000111111011110100001110110001100111011101101110001111101110010110011000001001110101010111100101001000111100110	1080971.3999999997	-2041.3
3	11010100011111010101101000110110011011101100010001011000011101111001001001010001011010001001000000111011110111000010001011011101101000111011101001001110100000000111001111001101000101011111111111001010001000010110000101011111001000101	1074618.9999999995	-2047.1
4	01111000110101111000011010101111101111000001101001110000000110111000101000011100100001110010001111001010010010000110001111001100001111010111000000111101110010010000000110101001111110011010010101010110101110100110100010100000000011001	949702.7999999999	-2082.0
5	10011001111000001001001000101011100000010101101100111001010101111010100010101101110011110110100001110001001011100100101100000010001111101000011110011011001010111110101010111000110101101110001110001110100011100110001000101000011100110	1070006.9999999995	-2065.2999999999997
6	11010110011010110010110000010011011111011111101111100010011000110101100101100101001011001111111110111011110000110111111111111100100100101001011001110110011111011110111111001110100010111111000011001011000001111001010110111010010011011	1306503.6	-1960.8999999999996
7	00110111111110100010000100111100110110001001001100000111011101101110001001101000001111110000101011010000101000001101000001010000000110011010011100000010010011001101001011110110000000101101000111000010100000000010101101010010011010101	888610.1999999998	-2119.3999999999996
8	11100001110011001011000101110110111110111111110101000010010101000101111100110110111001011001001010111100010100111011101111100101111011110101001101111011001011111111100011010111000110110000010111010011111110100011001111111110111111111	1240668.4	-1931.5000000000005
9	00011100111010010010001011010000001011111101011011011111101001011010011000110100101111010010100010101100110110111010110001101111010100100011010100101011101011010101000001101010001000110010100000101111001100001101110100110010010100001	1005130.1999999997	-2054.8999999999996
10	11100110000111111011101001100001010110010001010100111101100001001010100000000100010111110110110100100010101010000101001001111010011111101001000111001101001010110100000011101001000001001111110010001101100010100001000011100110001110101	981560.3999999994	-2097.2
11	00000101010011001100011000010001110110011101011001111000001110110000110010101100111100101100110010001001101110101011110000101000000100111001101011111000011101110011011011011010110111100000010100111110101110011011010001010101010110111	1115163.7999999998	-2049.7000000000003
12	00100000000000110001110000101010000010111011110101001100110101110101111101000000100000110001000000001101110000110100000100100000111011010110111000111010101010111000111000110100000100111101111001101100111000000111010101000011111010000	925761.5999999995	-2108.0
13	00010100101000010111100100111010110011100101101001000001010110100111100010011111101000110010011111101100001111101101101100001010101100001111000100100100000110100110011000110010100001001000011110110000100001101101000001111110011001100	969869.5999999994	-2082.7000000000003
14	01110100111010000110000001001101000000000110100111011101001110001100011110001001000001010110011011010001010111011101110000001000100110001010000101101010000111011000100101110101111000101010000111110001100001001101101000110101101101100	912285.2	-2100.5999999999995
15	11101010001011111110001000001110011010000110100010001100001111101110100011110100111011111000001001101001001110110010000000100011001010001001110111100110010011100111001010110011011000101111111110110010110010010110011011111001010010111	1042854.5999999999	-2031.1000000000001
16	10011000100000011100111000001100110011101100011000000101011100010100100000001110001000011100111011010110101100001000100110001001010100000011001101001000000111110000000111100000011010001011001010011010111101111101101111010011100111011	866824.3999999998	-1867.7999999999995
17	01011110110101000100001111101000111111100101101001100110011111110111000100111101110111110010111001000100110011100010001001001110111001110100111110100111001101010110010100001101111010011010111101011110000100011011011011100100001101111	1080120.9999999998	-1989.2000000000005
18	00101100110101010000010100110011011110101011000000110110110100100000011100001011000100111001110000110011100100101000010100101111101011000000100101001001101000000010111110101001100101011101001111111111111111111111010000000101001000101	1014954.3999999994	-2063.2999999999997
19	11011011110010011100001110101100101101110101101011001001011011110111011000111001010000001010110110011101011000101110100000001010100101011010000100010000011000110110100101101111111100110000100011100010101011111100111000000011101100000	963897.3999999998	-2055.1999999999994
20	10101111101011101101101101111101000000000010000110001000101010110111000001010000000100101000000011011110001011111111100001100100101001001101000001010001110100001001000011101100000000101101110100111110000111111011011000001011000100111	961812.3999999994	-2089.7999999999997
21	00000000110101010000111001100111011000000101101110001110011110110100000110100101110110000000011010000001001110001011110110001101010001100101110011111000100001011000100111010110110101010010001101110011110110011110100001000110000000000	949113.3999999999	-2104.5999999999995
22	10110011010000101011001000101011100000001010001101110110110011111101110101010011000110011101100100000010101110100010000101111000000000100000000100110010001011001101100011000111011111111010111110100110101000010010001110110100111000000	870017.6	-1858.5999999999997
23	11010110000101000111100000100100100000001110111011111011011110001011100101100011010000001011010101001100110101011001110101110101010000100001101101100001110010001111010110000100101001000001111011101000001110111011100100000000100101101	965343.3999999994	-2086.5
24	10000010111001011101101111101111101110001111101111101100101101111101001010000100001111011011111001010111011100010100111000011011101000111100110111100111101111000010101011011010011101011100010010001011111011001011001111110111010101001	1213999.2	-1957.0
25	00000110001001111111000001110000000110101000111010111111101000110110000100010111001011000111010011000101110110111110000001010010101100101110001010111011010000011011101000011111011011101101101000111101010011010001100101100001000100000	1002402.1999999991	-2066.6
26	00110101100010001010111100010010011111000111111011011000011111010011111010001111111011001101001101100100011001001001110111010101011001110100100001100010000011101001111011001011110011101011000100100111010010110110111010111111101011111	1123310.9999999995	-1998.3999999999999
27	01011110010001100111101100000011011010000110101010001010101111100011000110111100111101101011000000000001001100100110000001100101000000001001110001111010100100111001010010000010110111111010100110100110100011110100110111100000101000110	862248.6	-1855.5999999999995
28	11100101000011010010111001101000000101011111110110110111010000111101110110111010011101101001110000010010011100101000000100001111010110010000001110000111100000001100001011100000111111000111111001010111001100110000001100000110111000101	930545.1999999997	-2065.5
29	01101011011101010000011101111111010000001000011100010000010100100000110010100100001010111000010100011100101011010101101111111111000010010010111111000101010110111100110111110000101001010011101100100100000110001111110001110001110011111	1138880.9999999995	-2052.4
30	10100011011001111100101001101010000111010100110011001101110101100000111001001011011010010110011001011010100111000011100010010100110100000000001110000001011110111100010001000000110101011011111101010101110000101100100010001001101100101	863583.1999999996	-1849.999999999999
31	10111001100110111111001011101100011001000111111100011011110101000011110100010111101010001101111010110001001110010101110010011011111011011111101011001011001000100101001110100101101101110101011101110011010011010010111110110011101100110	1156431.3999999994	-1965.4999999999995
32	00111111000000010101010101110110010000101110011010111100001001111101011011001101011100111011011111101001001100001001110101000101100100101110111011011110011111110100001111101111001001100001010111111101101111101101000101101110110110110	1181276.5999999994	-1982.0999999999992
33	01111111100001110001010111000101010111110101001001011010100000110010000111100100000010011011010111000101100111110001000110100101111101010101111000010111111101111010100111011101010010100010100010011111100001010110100111001101010000100	1141603.0	-2033.6
34	10101000101111100101110011110100000101110011010110110000100000100100011110001000110011000010111101000010101011100001000011111001010011001101010100101100101100010000101110001000010010010001010000101000000110110011101010010001010001011	957699.7999999998	-2124.1000000000004
35	11011110000011110010100001000110011000000101111101110111010010100001111101000000011100000111011010011101101011010100000101111000101010000001001110111100111000010000000101111001011010000101010110001010110101001101001011011000001000011	986862.3999999998	-2093.4000000000005
36	11001111111000010111111000001001000010111101110110011100001111110000101011011101111000111101010111000000010000011000111001000011001000000011101001010100100011101011110110010101100111100000000010010100001011100111111101000001001001101	971343.2	-2072.3999999999996
37	10000111101100101000011101101101100000110001010101100101101101101000000000111001011010101000011010000110110110100101100111001000110001111000010010100011001100001100111100010001100100110110101111110111110110110010011100011000001001111	982578.5999999996	-2067.8
38	10001110000111100011000100001001011000011100111111100000101110001010111100101110100000001010001110000011000100101001110001000011100100010110000011110010110011111110000101111110101001010001001101000011000111111001100111011110111010110	991024.7999999997	-2068.3999999999996
39	01111100000000111111110111011101101110100100000110000001000110011100001011111101101111111010111111010111111011101011101011100101101011110101001101111011001011111111100011010111000001011011010111010010010101111001101111101101001101101	1235811.0	-1945.9999999999998
40	10011100110000000011000110000111010100010101001000101110110110010101000001010011011011111110101110011011111001111100110011101000001110100100011111101011110100101010100101011011100010000111101101001111100000011101110000000110011100000	1072847.999999999	-2061.7999999999993
41	00110010000001010110000010110110111111010000011001100111000101001100111001010111101101111010001111100111011010101110100100111101000011111101100001010010111010101010110001000011101101011110001101011011101111011101100110010110000111011	1040994.9999999994	-2013.4999999999995
42	01001111010100000001111111011000011100111101010100001000001101010011100000101011110110001110111011111100001100111111111110110011110110110110100100010111100110000111111110100011110101011101001011111111011010111101010011011011111101110	1256665.5999999994	-1958.5000000000007
43	00101010001100000001101011111000011000101010001000001100000000101011001101010010001101001011001011010011010000111000011110000011111101011101111101011010001100101100100001101011111100100110010101010101001100000111001110101000101110000	946966.9999999998	-2088.2999999999997
44	10110011011001000101000110111111111000100000100100110110010011101100111001010000010101101001000100001101010110111111101111000011011110101111010000101000111001001001011001000010101100100001001110011101110110001010000100000001100111011	1009265.3999999997	-2073.7999999999993
45	10110011100010001001001101010111111101111111001011010001000110111000111111011011101111011100001101100101001111000101011111110010101000110110000110101011000000010101000010100011000010100011010101101000010011000010010101001111001001001	960396.3999999996	-2051.9
46	01100000100000100011101011011100011110001100100111110000101100000010001000011100001001111010110001000110001110010100010001010001110111100111000100000100110010111110110000001000000010100010010010000110000010010110011001010010100001011	872087.5999999999	-1910.4000000000005
47	01010100011110110101000101011101100010111100101000100111000100100001111111101110011001011000101001010111011001111101010100010110100010001011110110111110001001010101010011110010111010011001011011100101001111100011111000110100110001001	1118255.8	-2023.8
48	00110010100110100010101110100000001101011011110010001010100111101110011001110110110110001111000001001111110101100100011110001100110101010001100100110111101111001000100110111100010001101011111110111110001111011010010010001011001011100	1115633.1999999995	-2026.5000000000002
49	11110011100111110000110011111100010011110011110011111011111101111111101001011010010011101100111101001110101100101011011110001010100101011111110000101111101011000111100111101000001010100001101010011111101101001111011110110110011011100	1265645.1999999997	-1953.9
50	11111010110010100101111110000101011110001111010000111111111111101100011111100110111011101101111010100011110101011001011100110101010010110011000111011101010001001110010011011010011011011010111101111010001010101110101011111010111011111	1224480.9999999995	-1941.9000000000005
51	11111110111001010111110000100010101111111111011001001100000101010000110010101100110011011001100011011010111100010010110101111110111011100110101111111000111101111100110101011101111100011111101110110101000010001000110001101010010011100	1220243.999999999	-1973.2999999999995
52	11100100111100100110101101111000001100100101010010001100000001011110011000000000110111011100010111000101001001111000111011010110001110001011100110110101001000100101000000111111110010000001011010000100000110111010011001010010101111001	960801.9999999997	-2091.7000000000003
53	00010101111011101101100010100010011111101000111110111100000101011001011111001000010111100100011001000101100010010001000010011011111001001001111000100010011010111101111000110001000110100110010101010110001010001101101110101100001000110	1010067.1999999997	-2070.4999999999995
54	00110110101101000010111111101000010100001000000010110111001101110111010100001011111000101101111010110010010101011001111100110101110000110011010110101100000011110010001111101111110111111000100110100110100011101100110111100000101000010	1100953.9999999998	-2033.4999999999995
55	10100100000100100011111100111110011011101101110100000111001110010110000010010101010100101100001010111101000000111001010110011001010000000011010111000100010101101110000010110111101101110101101100001001011010111110011011101011110010101	957488.1999999996	-2053.7999999999997
56	01100101001111010111100011111110011110101010001101110110110011111101110101010011000110011001100111111100101100011110111010001010101101111111110011100011100111101001011111110110101011101101101011011111011100000100010110110101001001101	1291865.7999999996	-1940.7999999999995
57	11000000011110001011110110110110101101110001001011000101101010101010011101101000010110110000011110010111101010000100011100000101101010110110100010111100100101110111000110010001111001101110111001011010000010111011110110110110111111011	1045290.5999999997	-2015.6
58	11110010111111101110101100111010101110000000001000110110110100010001101101110111001011011010001011001001101011111110100101100111100100111101001111010100000111001101001010101011110111100111011001110101110110101001011011110010001010111	1158615.9999999995	-1979.5000000000005
59	11100111000011010010111001001001110001001010110101001101011101011010010010110111111111000010100000000101000110000111101011110011010110000000111000101110100100101000100001010100010111111111010110100111001100110000001100000010111000101	913268.6	-2069.4
60	10010010111101111011001111101011100100000000110010101101011110000010001010100110011001111000000011001010010100011000000011000100001000100100100010001010101010111000100010111001010111001000100010100111010111111000011001000000000100001	868247.7999999997	-1894.5999999999992
61	10110101101101001001000000011000001101111001100100111110001100000100110000000100000011011001000110111000110001010000000000001110101110100010011111110111000110111101001001111000000000111110001001010100010001001010110101011101100010011	988626.9999999997	-2112.7
62	01000000000011100001000111110000011100110111011110111100111111001001111001101010101110101011001011000010010001001010001101011100111100100000011100100000111110011100010001001010110110110111110010110110001001001110011101010001001001111	936717.3999999999	-2050.5000000000005
63	01111011001100111101111110100111111000000100101101101110110010001000011100010100111010001111100111110110010000011011100000101001111011110100010101100101000100001010100011010100111010011110001011100010101010010100111001000010001111110	1023871.8000000002	-2048.5
64	00111010101000110110110001111000110101010011000101111100010101010110110111001100111010011011000000111010011001101011101111000001111001101011011100110000110010000000100000100001110010111010011011110001100011100000111101001101001101010	947158.1999999995	-2053.7
65	10011111110000011101011011110110100111101101100101001111111010111000001011010110111010001110101010111111010101111101010110100011101110001011001100111110100010111101101001101010110111100001111111101100101110011111110011011100011100100	1229629.9999999998	-1944.3000000000002
66	01110101001110011011101001000101011011100001000100011111111001001010111001100111101110001011110111001011100101000011010110111110001111010011011111111111010001001011001101011001100011011111111111001010101110011101010010011100110011101	1197901.5999999994	-1970.1000000000001
67	01000001110010101001110101000011011101000000010111010110000010010100111111000111000001000110101011100110011101001101111110101111000101101000011011111001111110000110100010011011111011001000001011011110101000000100110100101000101010000	1008231.9999999998	-2071.0999999999995
68	10010011111001101001111100101110111011000010100111100110011001011010111011111000110110101010000001111001000101000100110110101111010101001110010111110100111101110110010101010101111100111111001110111101010011000000000101110011001101001	1111675.5999999999	-1995.9999999999998
69	01001110110010010010100100001011111000000011001100010011111111110101000110000110011100010101001111001000101011000011110011010101111001010000011100101111010110100001100010000110000000110001000111100100010100101011111010100010101010001	915010.5999999997	-2099.6
70	10010100000110011110000011111101111000010010011100111110100001000101011011001100011011001101001010000101011011011001111010111101010101101001101110011110111000101111100111100001111010110100111110110010100010000110011011111110110011100	1190349.3999999997	-2011.9
71	01011001001100001011100110011011101011000011101010011010110100110011011010110100111101001001100011101011111110010110001111110111001100101000111001001111111011010010110000111111001101010111010110110111011011100011001011111101110000000	1179590.2	-1986.4
72	11000100001101010101110100111111100000010111010000111011111010111011000110101111010010000010100001101000001101100110111000110011110100001100000100001000001101110110010011100110000111111011010100000000000000001001110000011101011100111	973429.3999999996	-2085.3999999999996
73	00000101010011001100011000010001110110011101011001100011011011101101001111001111101110100011001110000100000011100110111010000110101101010100100111101010111100101110011101000001111001110010010001111100101110011011010001010101010110111	1035540.3999999996	-2035.1999999999998
74	01010010100001101110010100000001110110000101011001010011000010100011110011000100111011000011111100010001101011010100001110010001011100111000100111000101001010000011110100000101110101100100101110110000000100101101011010110111110000101	932760.9999999994	-2095.6000000000004
75	00001010001111110000111110111011110000010111110011111110000110101100000100100110001100001110101001010111101010001111001001100011110111100000010000001010101111000110001010011100010110011100000111100000010000001100001101010010101011000	986982.6000000001	-2087.1000000000004
76	01000111111010101110001000100101101011011100111010100001011000010100001100001010001001000111011101110110000010111000001011101001010100111010100011011100011101011101111010000001110010000011110101100010101000101000010100101000011011110	1018395.9999999999	-2089.2999999999997
77	10011110001110100001101001100010111010100010011110110011000010111001000001000001011110001101001001110011111100010110111001011110011010010100111000000101101100011100010011011101110011011110111101010010100101101100101100100110010001111	1065751.9999999998	-2042.1999999999998
78	00111111110100100101101011001001110111000011101101010101011101111001001000011001000000111001110000111101110100101010010100110110011111001011001110111110100011000100001001000001011111111010001001000010100111101100111101100010000111111	1009575.1999999997	-2022.1999999999998
79	01001111010100000001111111001000011100111101010100000000001101010011100000101011111000101101111110110010010101011001111100110101010000110011010110101100001011110010001111101110000110100100100011101011110010111101010011011011111101110	1105526.5999999999	-2030.9000000000003
80	11101000010110011000000101010111111100100100101000011011101011000010100010100000001111111001001000111111010010110010101011100011011001101101110011110001110101100000110100111101001001111000001010010101011010001010011100100111110001101	1078096.9999999995	-2049.3
81	11001101110010100110000100010111100101001010001101010101001001011111001101111010010011101100001101101001011010001110010010111100110100100011000101101110001010101110001001010000000110010110100001111100100001100101010000001011111001101	944775.3999999996	-2083.7000000000003
82	11100001010011001010000101010110111110010111100110011010101001110101110001011111111101101010111011110011001111011110011100100011101101111011100101011111111001100111010101011101111100111101100101011001111110110011011111101110011111111	1307995.7999999998	-1913.300000000001
83	01111100111010110000111011110000100001011000011001001001000111111000100111011100111001101011010000011010101111101011111111001110000111100000010011110000110000101001101111000111111001111101011001110101000000110110001011110100000100000	1055446.3999999994	-2041.0
84	01110011000010011111111010010111000101010101001110010100010100001010010110111000110111100111011010010011110010001100000010100010111001000011110101110000110111000000101100010010101101110101101001101100011110011101000010010100001001000	931063.7999999996	-2081.2000000000003
85	00100111110110100111010010001001011010010100111010001010011101000011000011000001100001001011110001110010110011100001011110000111111110110010101001101100100110010010111010101110001010000100101101101001001101111010001000110010100111010	1086239.9999999998	-2062.7000000000007
86	10110111011011111001101110110100101000101011101011000101011110111000001110011100101010111101101011101101010000111100100010011111010110000000101011110010001001011111011010000110000101100011100100010011100001100110000010001110010000100	979950.9999999995	-2047.8999999999996
87	01110101011010101011001000110011111110000100110000111001101100011010001011110100011001101110110000011100101111000001111101001101101000000110011110100001100100111000111110011000010000111110101101001010111001101000101011011001000001101	1102071.5999999999	-2054.2
88	00100000111100010101011101001111100100000101001100101111111010111101011010100111001100010100011111000111110100010000111111000010000010101000111100011110010010111010100001000000010110011000010001100000010101000110100111110100101011011	924713.7999999998	-2078.9000000000005
89	10110001000100010101101100111110001000111100101001001001011010101110100011001110110110001110001000001110100100011000010010101010101101111101101101000001110100000100011100111100100110010001000111111111100110101101001011110111000010011	1022448.1999999995	-2059.4000000000005
90	01010111001000100100001010001011100010111110100100010101010001110001010110100011011111000001111101100111111011110011110101101011110110110111001000000100000100000000100110100011001111000100010000100011100111010000011110111110010111011	1007104.9999999997	-2061.4
91	11010100001110101010000011100100001011001111110001101010100111111001010010001000101000011000001001110001011010011000101010010010100001011110011110101000011101010101011100010100110001000001010000000110111110011010010001101101110001001	964644.7999999997	-2095.0
92	00110010100110000010100001110001011111111101100001110100001111011001100010000001011100000010100010111010011001111100010110001000001010110110101000100101000000101000010010010010100010001110110100010101010100111111110001001011001011100	878592.7999999996	-1871.5
93	10010010111101111011001011110011001110100000100001010110110000110010100100101111100010011101001011111010101100001000001100010001001110010001000000001010001000000110111000100100000111000001110100011111110111111010100111001101010000011	878523.5999999994	-1853.2000000000005
94	10100000101010100010011100111101101111000000001100011100001000100011011011010100000101110011000011110011101110001000100111001110110011110001101010111010101101010001100100011110100000101100101000010000011110000110101000000111111001101	990457.7999999998	-2080.400000000001
95	10111100010000010001111101001110011100101001001000100001110110101111001101000101011010110001011011010101000011101010001011100001110111101101011001101101101101110101101000111110101001011111110101110101011100110101011001010000011100100	1137380.1999999997	-2022.9000000000003
96	01100101001011110111010101011101110010000110000101111110011011011100101001010001000110010000011110000001111111001010111101011001001011011111111110001101110010010111111000010101111101010001101011100001110011100000110011011110100111011	1170916.6	-1999.2999999999997
97	10001011001110011110000010110000010101100110001010110001001001110011101011100110001110000110011000011011101000110000000111100000000100111101000110000100111010000001110001011010010001000110100100001101111010001110100000100100001111110	912436.1999999995	-2113.3000000000006
98	00000100111101111011001011111010110101110001011110101100100110101010001011010110111010001110101110111111010101111101010110100011101111000111001110011100110110101010101010001101111110010101101011100101100101010011100101001011011011100	1159532.6	-1982.3000000000002
99	11101101001001111011001000010111011000010010111111110001001001111101101111100110101011111001110011110011111001110011001011110110101110100011110110000110101111001011111110011110111001010001001101000011000111111001100111000110111011011	1292113.3999999997	-1954.3999999999996
