SOLUCIONES INICIO 

0	1110001011000011010001111010110011011100100011011101101000111100010010111111010010010001000100111010100101011011110001101110110000010000001001110111101100011111111101101110000010100010110011001101010101001101010010111110001111111010	1542967.0000000005	-2010.5999999999997
1	1010101111100001001001000010101100101110000111011001111101000101000010011000010000011001110111010001110100110000010111111001100011010110010110111101000010000100010000101011110010111001000000000001000001011000011000000100111110000110	1250071.6000000003	-2113.2999999999993
2	0000000111001101000101011010001110110101100000000011000111101010011001111111101001111001010010100110111100001010110111001110110011100101001001000010010010100001001010101110111100001000010111000010101010101111011000110110011011110011	1385335.0	-2053.9
3	0100010000100100001110000000111101100011101101100011101100001100001010001011101111011110010101010100100100110010101100111110000110110010110100010011101100010000001110010001100101110101111111000101100001101001010001111010011000001101	1351899.6000000008	-2080.7000000000003
4	1101011000000110100100101100011100011101110010011010100110011011110001100101011000100100001100101101000010000010000001100010000111110000010101100001100110001010010111011101111011011110100111010010010000110101100111010101100110011011	1359637.0000000005	-2063.2999999999993
5	1010101011001101101101100110100001101100000111100101010011100000101101000100110100010011110010001101111111111101111001001011111011000000101100101010001011111101010100000110110000111010000110001100000001100010110101011110001010011101	1433216.000000001	-2043.1
6	1011001011100110000110000110001011000000010111101110110001110101000101100010000101100010000100100111001110110101001010011001010000011101100110011111111011110101011111001000010100111010010000011010101010100101011001101111110001101000	1421101.4	-2058.1000000000004
7	0101111100110000011111100011011011101010110101011111101101111000001000101010111101011111111010010000000001110001111100100110100000110101011001101111110101011010111000111001001101010010000100111111111011110111111101100100011011101001	1563245.7999999998	-1983.2999999999997
8	0101111011100111100110000010111000001000001110101001110010000010111111001110100101101100000101011111001101110011011000001000111100110101011101011000111111111000100010100101111001110101001111011010110010001010011111000110010111000111	1503273.1999999997	-2016.8999999999994
9	0100110010110011101110001010001110001001010100001010001110101000100111100011110000011100011100101111010000111001001011100001111100100110111111111101101010111011110100001010011111110001111010101001000001011000000111101110001010001000	1467277.6000000006	-2039.0999999999995
10	1010001111001100111111110011101111010101111010110101001010011011100011011101111110111110111000111001010111001010100000000101111001001000000100001000100001000010000111110100110111101010111111110010000001011110110011010100100000001111	1428134.6000000008	-2017.3999999999999
11	0101001011101100000001010011001111111110101010001010011101010001001100100110011111010010101000010011000101001111010110001101100010101000001101101000110010110110100010110010100001111000011101011000110111011000110000011100000000011101	1326185.0000000002	-2080.6000000000004
12	1101011001001101101100010100011100001111100010101011000000100101100100001101001111011111011001000111010011100101101000100101100110110101001100101101010101011000010010110000100111011110101001010010100000111001001001101001001111111111	1371051.7999999998	-2048.7999999999997
13	1010001111100100000100101010111011001100110000000111011001110111010011101000001101101000010111111100001111001111110111111110110110111001010000001010110101101011001011000010110101100011101000101101000111010101010101010011010111100000	1484107.8000000005	-2030.6000000000004
14	1001101001000000101101010000101110001111001100111110010011100111000111110100000111011100010110101101001010111110101000101000100100010000101100000110010111000011011110111100101101101011110110100110101101000100011100001111001010111110	1450779.4000000008	-2037.5999999999997
15	0100100010000010101001111110010000111111110011110100101010001010111110001011010110101011000010001111010101111110100001111010111010111100001100011100000101010010001110000001110101001010111001100101010010111110010110000000000101100001	1367814.2000000004	-2051.5
16	1010110011000101101010001011100011101001111111110110000110001011011000111110110100111010000000110010110000011110011111001101010010011101001000001100011000010000111100011101011110111010000000110111011011100001011100010001111111101101	1452907.0000000002	-2025.3999999999996
17	0011011100100110000111011111010110111101001111000011100000001001100010001010111100001110000011011011011101110111011110101010001110001101010111110010100111110011110001001010011101001101011100001100001111111111100110011110001000011000	1515595.0000000005	-2010.2000000000003
18	1011010001011101100011110100111110001100010111011011111001111111000011001010110001110000000101110110100101000110001110101110000100110010101111110111100110111110011001001001110101001100011100001000010110001011010000000000001101011111	1467892.8	-2036.1
19	0111110011010100111001100010100001000101001101000000010001010101111101010110011111000100111100111011011100011000010011111001010001011111000011110011101111101101011011011001101001100000011100000011011000011001101111010000011011010101	1497696.3999999994	-2043.8999999999999
20	0111011000101010000110001101110100101010010100111111110101000000100111010100101111010000110111110011110101111100000111100010100010110010110010101110101111111000011101010011001011011111010010000100111000000101110100001010001010001011	1497995.6	-2045.7999999999993
21	1001000111000100111000100111111010010110010000100101111110111111001111010100111011101110110110010111001010101110110000011000011100000111111010110001110011001101001101110111110000010010101100000110010001011000110110001101011001001000	1547467.6	-2036.0000000000005
22	1000101000111001001100101010010101000110100111000100001111110101110001011110011000000000111011010011100010001110100011110111100100010000011110011111101010111010101001100110100010101001110001000000110011001101111011000101101111011101	1443901.7999999998	-2051.2000000000003
23	0000101001111001011011001010001011110101101100101011111100010010010101111011010000110011010110011001110100001100110100001001101000000010011011100101010100010101111100110101010010010010111111100010101111001111010100011011101011100010	1423631.0	-2038.0999999999992
24	1011001111110110101011101000000010110110101001011111000011100101001000011110000101011100010110010011001011001111010010010100000011100011011011110001000110010100010110101100111100000010001000100111110001000011011011000010011011000100	1348885.4000000001	-2079.9999999999995
25	1100011011100010001101000001101011100101111011110001001101100001111101111011100001001110100011000000100010001101001000100111000000001100101101000001010111110111011110011001011110001011000000110000101010011000111101011100110010001011	1359602.8000000003	-2067.3999999999996
26	1101111010001011100011100001111110011100010001010010001011001100001110111101010111010101001100110010000000011001101111111011011001110011100111010101001011101010000000000111000000100111110011010011110100010011100111001001111000100100	1403009.0000000005	-2046.4999999999993
27	0010101100000001011010100111000001011010101010101100110000111011000001010000011001001011011010101100010000100111101101010110001001100110011011011000010101101111101010011010111100101100000000100110111110001000111100101001101100111011	1351273.3999999997	-2071.6000000000004
28	1111111010111101001000110101111100110001111000001010101001101011010001111001101010110101110100000101101111001111111101111011001011001111100100000010111110111100111000010001010001111011001010100010001000001011101110011001011001011101	1541330.6000000003	-1994.1999999999998
29	1010111010011010010010011110000011000100110101100010110110011000000101010001001101010100111100100001110101001011101110000101000101100011101101000000100110111111111011110101101001101001110010000000001001100000000100111110110110010010	1432858.5999999996	-2077.5000000000005
30	1110010100100111001100110001100110111101110111100101111101000011000000111000001101010101011101110101001011101010111011101111011000001011001100001111000010101010001011000101001111111110000100101111111010011100111011101101110100110100	1510216.4000000004	-2000.6000000000001
31	1000000100000000001111010101111111011011101000000110110011111101011101001101011111001000110101001010100110110100000000000100000011100010001010100001101011111100000010001010100010110110101101000000001111111111100110111101101001100011	1271037.5999999999	-2068.3999999999996
32	0010110010110111100111100011111101011001010101000000100111101010111101111011000111011111011011111100000110010100110111100000010011010001100001111011100111110010111010110111000101010011100011111100100110101101110110001011101001010111	1627755.2000000007	-1988.4999999999995
33	1111110100000101111011100111110000110000001101110001001010010011111100100101001001110110011010110101101011110111001010111000110000011011101110011001101110101000100101101011110110110000000010101011101111100011101100100011110100000011	1556116.5999999996	-2019.6999999999996
34	1001001011010101100101110010100000101000011110000001001100110000011011110111010001110100011010101110000001101110000000101011101010100010001001001100101111110100001111001100110110010100111100111011010111010001001100111000001110111101	1388513.8000000007	-2062.1
35	1111100111110001010001001001111100000101001011100101101001001100110100011110111111001100101010110110010011110010010110100000100100101010010100110110101111101110111010100100000101001100111011111101001111100111000011010001110111010011	1463188.6000000003	-2013.699999999999
36	0101001110111011111111111000000011000101110110011000111110101011001000011111000010010001001001011011000111111001111011100111100111011000100011000111110001010101111100000111111111011011000110111010101011001111000010010011110110010111	1605144.2000000002	-1975.0999999999992
37	1011001001110001111111110110110010111011110111111101100001011001100010001111010001010000100000111000100111100010001111111111001000111110111011011111001100000100011111111010110000010111001111000110101011100101111011010011010111111111	1687229.1999999997	-1960.8000000000004
38	0001101101000001011000001000001100001110111100100011110100100101110110011110110100000010111110001111110010010000001100100001111111110000111110001001010110010100010101011001110010010111111101000110011101011000111110000110010001010101	1396017.8	-2056.1000000000004
39	1011000001100101110011000010001011001101100101011001100001001101011100011001110110001010001111001110011010000110111010011010100010001110001111100000010011001111100011110011111011010101001101001001100000011001011110011100101101111111	1463790.6000000006	-2031.5999999999997
40	0001110001011010001010001111010100111100101101001110001110110000010010011011101000011101011101101101110011010110011000010100100011001110101001110001100111001110110000110111101010011100001110110010011101010101000000110110000100011000	1439684.8	-2052.8
41	1100101110101000000110101000000110100100110110000111010010010010101111110100100010110111001111111101011100011110011101100000100001010111110001111000011111110000111100000001001111101000001101011100111111011001100110011001101100110110	1431606.8000000005	-2022.2999999999995
42	0111100111001001000110010101110101100110000100011000101101010001001111000001011011010100111110110011111100001100111110110011100111010100011000110011000100101101100000100001010010001101110010100110010111100100010111010010011011001011	1348661.2000000007	-2057.4
43	0000011101011100100100001011110111100010011010101111011001001001101101111100101110110010111101011011110100010110110101110111100011010110111000010001100000101100001110110110111100011111010010100001111011000000000110111110000100101100	1495989.6000000003	-2024.6000000000004
44	1110111000011001001111010101111111010010110010001110111100001000001100111011000111110011010011001011000100001100011010000101010001010111100101111011101011100010101011010110001100001101010100111011000010001000101111010101010000111001	1473909.0000000005	-2041.0
45	1100100101011110000110010100001000010111101011110100100110001111011000011101001011010111001010011011001100000111110010010101011111000000101101100011111000010101011111001101101101000001000110010111000011001101001011110010100011110100	1468654.5999999999	-2044.5
46	0011111110011010100000010110111000101011000011110001010101010011111001001000011010100010001001001101110110001100110110001010101100111101010001001101011100100110101010000000110100011011010001100000111110010001011000101110111000110111	1276316.0000000005	-2058.7000000000003
47	1001001000110001100001111111000110100101000000001100111100001000110011100010110001100110100110110111111111111001100110010011001011111110011011111101010011001101011111010001111011101101000010001000011000010100101101010100000011111011	1556804.5999999999	-2032.6999999999998
48	1010101000001101000011010001000111001010100111011101011000001001101010101100100001101100101100111101010110110110011001000000100101101101001101010111110001011000110000010111101010111101101001000110000111111010110011000101010011001010	1389223.1999999997	-2060.7999999999997
49	1011010000011000100111100111011110100001011010110000011000011101001011010111011110101100110101110110110100101101100100101110000101111110001101100011000010010000010101010111111001001001000100110000001010110011011111000001101000010111	1444541.8000000003	-2052.2999999999993
50	1010000100011100011000100000010000100011100001111001101011100110110001000100110000001001110100100000100000011100101011001001101011111101011101110001101110110101111000000011000010100111111000110110111111001101111111000111100101111101	1370387.9999999998	-2048.5
51	1011101000101100101011010010001011111001100100110000110010100111011011100101101111000111001110111111000101111011101111000001111000001100111110001111010010011111011011010110111010100010110111100110110101101111011010011000111001111011	1659289.2000000007	-1969.8999999999994
52	0001010010010010011110011110000101111011111011100011000101011111001100110111111101000101101101100010111110110000001010100100010100000101100110100011011111011110110000011100011110001110110010100011011110110110100101110001101010101011	1451585.8000000005	-2008.1999999999994
53	0011110000100111010010011100000001000110101001000001101100001111111000110000100011101000010100101110000100001101011011010011000011100110110101000000010110100000110110001010111011001001011001011010001010011110100001001110001110100110	1250555.1999999997	-2102.1
54	1010000110111000001001111100111000110000010111101111100001001011011010110111101101101111011101100011111011101000100110100010001101011111101100110000001000001100000100101010101111100010100100110110111011000101111110110111001101111010	1453072.6000000003	-2009.1000000000004
55	1000011010110010110011110010001010110011110001100011100011110011001100111001000011010011001000111010000000001100000011011110101000101001010100110010011100101010111100000010001101000011011110101110001111111001110000111011010100010011	1291944.5999999999	-2067.9000000000005
56	1101000011000100111110011000111011101101001010111110101110101000110010100110100101100111011101010100001111001110111101110001100001000011101111000001001100011010101110011001100000101101101011100111001100001100011101100011011001110001	1506046.6	-2030.8
57	0101010011011011010010011100010110110000001000111011011101100000110101000101001111111111101011011111001111001001111110111101101101100010000111001101001011011010011100111101001101000110100010010101011100001110000101111100011001100001	1590812.2000000007	-2014.2999999999997
58	0111100010011111000010110011101011001011101000000011000001101010001010000000011001110001001101101111010001010000010010110011011011111000100100000101100111010100001111111000000110010000001100011101101101101010101011110011011001011011	1390291.4	-2067.1000000000004
59	1011000101011111011101000001100101110101111111100111010001001001101010000001010110100010111101111010111111011110100010100101001000011111000101111011110001110111100111100100010111000010011110000100000111111000010100101010110000001110	1523705.600000001	-2023.1000000000001
60	1001010101011100100011100001001111101111101101001101111110110100011100110111100001100010001101011111011000000111110001001000001101011010010110010110010001011000111111000101011011001010001101011011011100111110110100110010000000000101	1456833.8000000003	-2034.3999999999994
61	0100101000110100110100000001101101100001010011100111011000011011001111001111010011001100101010100010100100110111001000011000111101000000110011110100011101100110000110110011000011110010100011011100000100010100111100000110110000101100	1366768.000000001	-2081.599999999999
62	0000010001110110110101010000000000001010001110000000111010000110000110011111101011010110011001000010111110000010101000110111111000000011011100011100010000011100110001000000100111000010000100101001011011111001100000101001011011011110	1156027.7999999998	-2120.5
63	1001000010100010010101100000010011110110010011110010010011010001011111000010000000010101000001001010001010101011011110000011001100110110101010000111010000100010110000100111001111111001110010101110001100001001011111110000111100001011	1279511.6000000008	-2088.9999999999995
64	0111011001011111101100111100110110000111010010100110100111110001100111100111111101100100101100011110101100001001010101111111101000000111101011110110101100000111010001101111001000100000110111100111111111000101010011010010001101011111	1624679.6000000006	-1983.0999999999997
65	0001000100000101010111000100000110111010110101110001010100100110111101010111011110010011100100101101011111001001111011110010011110001000010000100011101110001001010110101101101010100001100011111110001010001001011100111100001010100100	1432853.7999999998	-2047.8999999999999
66	0001010111000001111110110101011011001000001100010100111000111011001111111101100101010100111010100000000111100111000111110000100100111101011100010000001110000100101101111101001001110000001111010001001001100100011100111010111100011011	1454729.4000000001	-2047.1999999999998
67	1010111001010100000111010111110111010010101110100000100011111000011100101110000010010010000001110011001010111100000011101010100100100000111011100001011001011001011001001000110011110000001000011100010010010011101011101011110001001010	1268108.6	-2082.0999999999995
68	0111100001101011100000001000100010111101100001001101110001101010100010111011011000111111011101101011000010001100100000010011110111100001011001000010111000000111001011011011000111110111100101001010111100111001111110010110000100001111	1428792.2	-2038.5999999999997
69	0001010110011110010001001010010011000111110100010001001011000011010010111111110100101001011110000100111101011110010101100100100101000000111011111101100000100010011100010010101101011011010001000000010011111101111100001011000111010011	1351739.2000000002	-2056.4999999999995
70	0110001010111011011110010100001110111111010001010110111000011001010101010101011011000000001100111101011101001101001111010101011010100100000001010010110100000011001111011101101001010100011010011000110000001111010100001101011010010010	1453336.1999999993	-2057.5
71	1100000100001110101101110011100011101010011101001010001011111011111010000001101100100001100101010011111001011011001100110110011111100011000000100111111100010010101011100101000000000110111100000010111000001100010000101100010000111001	1419535.5999999999	-2068.1000000000004
72	0101001001011011110100001000011011011001001001010000010101111001010011111100011110100101010010010001111001000111111000000100111110000001111011101111110110101001110011011110000100000011111110110010111100011001000110000111011001010101	1517425.0000000002	-2039.1999999999996
73	1111100010011110101010001000011010011000010101110100111000100110001101110001001000100101011001011110101111011000010110001101111000010101101000000111111111110110011001111010101111001010111110001011000000110000100110011001001010110100	1504058.0000000002	-2043.6999999999998
74	0101111100101010000001010001101110101001100110101001111111010000111111100111000010011100111111000011011011001110000111110011010001000100100001100011101110110111110101001110100101111111110101001011010010100000001110100011100010110111	1526127.0000000007	-2007.0999999999988
75	1010011101011111110110011000101001010000000111001100110001110100010110111101010010010001111101110111000110011111110001010110111001000001010110100011010100101001111110101010110000110101001101000000000110000010011110100000111010011101	1463648.2	-2047.3
76	0001010000101001000101011010011011010010101100110110011100000110111110001000100011001001011010010111101011110111100000000110000011100101101010111101111101001110101100011000001100101000101100101111101010101001100010000000110100100110	1356677.4	-2079.7999999999993
77	1101111101111100010001110100010101110111110100000101001100110000101010100000101100010010011100100101100100100001111110011100000010110111010000111001110010000001010110110100111111100101110100001000110000010101001000001111010101111001	1381583.8	-2059.2
78	1001101100010000000100111111011111100011000101011101011100101101000100111111001100010100001010010011001011111100011011101110100111011100001001100011000101010111111110111100101001011110101101000111001010011001001101010111101001100001	1559010.4000000001	-2011.8999999999994
79	0010100110101111110000110101101011000111000010000001101110011011000100000010011111010100110001100110110100001001001100111111011011100000101000010010100000111000101010100011110011001100001100000011000000011111001101010101000000110000	1279711.1999999995	-2107.4
80	0110010010000100101011010001011110111010100010100001101110010100010110110110001001011110110010011100011001110010100001010110100100010101000011110110001001010100001100110011110111010011001001010011101011011011110100001101100100001001	1356789.7999999998	-2076.0999999999995
81	0111100110101000001010011011100011101101101100111010100010001011010101100101001000111010011111001101111010011011000111100101000111101110000111110111010111010100010100110100001010011001101101100000011000010010100110100110010001110000	1456108.6000000003	-2042.4999999999998
82	1111011111111010010011001001010110101101110001100101010110101000110001000111011001010000101011101111100110111000101100000100111110001001001011011000101111000011110001101011001001010001111100010100011010000111000110000110111101100010	1476835.7999999998	-2033.9999999999998
83	0010011101110110111000010000010010001001000111100110110101110110010101110001111111110110011001000101111101011011111101111011000110110001111111000100000101000110110110111011110000100100001111010111111100010000001100110011001110100101	1621866.4	-2009.9999999999998
84	0100110101000110001011000101011110100010100001011011100101111000100000101101100111001100010001111010110000000011001111101100100011101000001100100001110100011101011111001011010010101000010010100011100010110101101010011001000010111110	1372047.0	-2082.8999999999996
85	1101001011111010111111010110010110101001011001011000010100100001011000000011111100101010100000001100001111101101111010100011110110101101101001100000111110010101110100111110101010000001110001111010100101001100111011111101010101100110	1559757.2	-2008.5999999999992
86	1011111111100011011101111100000001101111011000011101010100010111111101001101110101001011111000110111001111011000100111001001110110001100000000011010001101010001000011000000110000000101111100110111100010101110001001000100001000110100	1316801.8	-2055.5
87	1000011000100011100110111101010011111100101110001111010101101110001000010101011111001001000000100010010110100101010010100001101101011010111101111011001001001100110111011010101001010110010011001010010100011001000011110110000110100111	1467470.2	-2040.8999999999996
88	0100000010001000000111001110110001111010000011100110111001100001101000010010000110100101011100110000010001010111101011010010111110001111110100001111101001001011010010111101101000100100010101011001001100010001011110001111010100100111	1411701.0000000002	-2077.7999999999997
89	1000010100111011000011001101001110110100100010000100111100010010100100100101001111110001111000001010000001011110111011111110111000101101011011100100100110011101001010101101001110101100100101110111001110110011111101010101011100010100	1500111.1999999997	-2029.2999999999997
90	1000011111110010101000001001011011101101001000011110110010011111101101011111001010110010110001101001001100110001001111101010010110101111110100001010001000010101111101110001011011100011010000000100001111110000111101111010111111011100	1491879.8000000005	-2006.3999999999999
91	0000111010011100001100010010011111001011110101100100110101010111010110011101010101010100101011100001111111100101100011100010001110100000010100111111011011111010010110110100100101001100100001011111011010111010100100010110001010101010	1483354.5999999999	-2027.4999999999995
92	1001101000110101011001100110111111010001000111101001100001001000100100110001101101010101101110010101111000000010011101001101011011101010011110010111011110010011000110011001111010110111011010110110001000000100011110010101001110001100	1462117.5999999999	-2038.4999999999995
93	0001111101110000001101000100110000100111011110111110000011101000000110111100000111100001011100110010000000000110000111110110010000010100011000000011100000111010100001010100001110111010001001100001101111111100010100111101110110110101	1225694.9999999998	-2087.2999999999997
94	0110101011011011011110100100011001110100010101100110000110101011101001000110111110001100001101010000101111000101000100101000000001101100101111011101001101011010010000010010111001010100010101111000001010011001000101001010000100011100	1259368.2000000007	-2083.5999999999995
95	0000110010000111100100110011101000110101111100001011001010101000001100110001010000011101011101001000010100000101000100101010101000011001011111010010101010111000100110101011000000010010111101111100100000111001110110110111010100011110	1354224.8000000005	-2079.4
96	0111110100011111100000100101010010111010001000110111100111011001111100000111011000101011011110110001101010100111011011011000100011000111001001110010000011011100101100101110011000110100011111000010001110110101100111111000011001110100	1464432.4000000006	-2021.6999999999998
97	1101101000101001000101000110101000100100000110010000001001011101100011100111001000011101101100010101000101010111000000101100101010100111010110111010010001001010101111000100101001100101101001011011100000111110001111110100010111111111	1358433.2000000002	-2059.3999999999996
98	0100000110100110010111011111001111110110100010100111111011110111100010110000011010010000101001101101001000101100000001001011011110100110001101111100010101000101011101010111000101101001110001000100001100110001000010110101111110100011	1475306.8	-2036.3999999999996
99	0111000011100001000100000101111111111111110000111000001010001111100000111011010101100000001111000110011110110000000111010111001100011110111000101001010001100100000011100000110100011110000000010011111000010101000011011001100100100010	1256666.4000000001	-2087.4
