SOLUCIONES INICIO 

0	00100001001010110010010001111111100101101011000111101000000100100100100010110011101011010110010110111001101110001010010110101000101110011000010111011100101001010010111011111001001101101111101011101101010000110011011100111011011010111	1259540.2000000004	-2030.4999999999993
1	10101101000110000111011101101100111000111000001001101101000000000101011000011110110010100111010101110101010100011101100000000100010100110110101101010111010101000101111011100011110000110010001001011101101010111110010110010100011100001	1160625.3999999997	-2072.2000000000003
2	11110100101101101011001010001110011000000011111111111110001000011010011001101111111101111001000111100110111001101010110011010011001001010001101100100001110111011001000110111111010101000111001011100001101101110010100000110011111000000	1228593.6	-2019.7999999999995
3	10101001010100110000101101100000110010100001010011000010110000010000011001001111111110101111110111110101001100001010100110000110011011010000001110011000110100010100011010001001111110101011111110111000011010101000100101111111000110010	1041052.8000000002	-2070.4
4	10100110000110011011000000101001110010010001001110111010011010100011110001111100010001010100110100100111011000001011100100001110101000111010110110011010000101111000010011110111110100101001010100100110100000011001101000101011110100010	1080946.6	-2088.599999999999
5	11110001110000110100100111111000010101000110001100001101001101000101010000011011110001010001000100000001011100000110111110000001001100000110110101011010100000101001001011101011111111101111001001101100110001000011001100001011010111011	1039924.2	-2084.6999999999994
6	00000000010111100110110000000000011111010111100100111001011100000010010010101011111110001001101101011101101001100110110000101100111011110111010010001100101101000000111011100010111001101011010101001000000100111010000100101110010101100	1147623.1999999997	-2080.1999999999994
7	10011110001111000111000110100011110001000011100110100010111010110100011111111111100100010110101100110001001100001010011011001100010110110001001010001101110001100101010001011101100000111011011000010111011111000001010000100010110100111	1115820.9999999998	-2057.0
8	01001101010001011010001101101100111100111100100110000010100110101111001100110110111010100101001010011001101011101010101100111101000000000100111111111001110011011111101001000001011110111100011000111100010111101110010011111010010101111	1197063.0	-2011.8000000000002
9	11001010100011110011100000100001111111110000010111111101101000100101110001100001000101011101010001001001111000010100000101000110011111001010111111000110100100001001111011110110000110101001101011010010010001011001000011111001111011110	1209669.2000000007	-2047.5
10	11110100001110001001110110011101111101100000101101111010010011111011110110011010110000010000111001011111001101011110101000000001000111010110011010000110110110010101101000001100000011101000101110111011100110101011000011010000100001001	1120328.8000000003	-2045.7999999999995
11	00101011101001111001101010110001101001001100100101011001100001101111001000011100111011100101011011101010100111011011001000001010000010001001000011000100010100110100000100110001110000100110001001010100010100100100111011111010110010100	982564.9999999999	-2104.2
12	00011001001111110001001101001110100001111100110011000011010010100010101010111000010110011110010011000011100001001111000010110011010111110011100100111111110010000011110001101010011010000000111010000000010111001100111011010100010110111	1145131.8	-2065.7000000000007
13	00111001011110001110001101000111111001100101111010011110100111111101110110010111001100010000001101011010010000010100110111011000001101111100010000011011101100000101010001110000110011110101000100010100000100011011010101011011110000000	1105588.5999999996	-2063.6000000000004
14	11001110110111110000101001000111100101011110000010000001000111100010111000000000100000011101001111000110011101100110011100101101001111000101111000000111000110001001000010100100100100011011011100100000110000001011111000000101010101000	989702.1999999998	-2117.3999999999996
15	00100101011111111100110000111011000110101101110001101111110001001010110001000001100010111101011000000100110000111011010001110011100000100011101011100101001010010010101011101010011110100100000111100110001101110001001101110000100100000	1137083.0000000002	-2071.7
16	10110111011100000110010100110011110110110001000111111111110001111101000100010000011101000010010110110010001010001011100010000101001000001100101011010010011101001100010010111111110011111010011011010011111110001111001000111001010001010	1109147.0	-2051.0999999999995
17	00101101110000110101001001000011000101110100001001110101110101100110101001110000101010011001011110100111100011110110111110100111001111100100110111000110110100101010001111101101110010100011100000001110110100000100110001100000001110101	1233127.0	-2046.3
18	01010111010110101011011110110101110000100001100101100010101001110111001111110011011100110100101000110001111110001001100001000010110000111000100111101011100000110110111011010100111111111110011001001111010010101110011100000111010001010	1196257.5999999996	-2021.3000000000002
19	10001100011011001011100000101000011110100100111100101011000100110101010011010011111101111111011110001011110001100101110000111101011111011011111011010010111110000110111011100110111011101101100101001111011100101011100011111010101100100	1328561.8000000003	-1988.4999999999998
20	00100011100100110000010100100100000000101010111011000101100101100010000010011110100001010000101001111111100101010001011000110110101010100101110000100010011000010101111101010100010101100011000011101001110101111110010101010100110100111	1102454.0	-2089.6
21	11010101110111100100011011011011011110000111010010110101001010110100111000100100001111010100001000011001000010010010011011001100110110100001010110001011111011110100011011110011101100000010110010010001101101111100111000001010100111001	1174670.6000000003	-2047.499999999999
22	10110010010110110101010111000100001011110110000010100010011010000110011000010111001000001100100011110010001010010000111000011011101110101111001111010001100011010001010011110111101010001000011100010101010101011101010111000101100011001	1126786.0000000002	-2074.8999999999996
23	10101101111110111010011000111101011110101010011100001001110100011011110111011101000000110100111101011000110010101101100111110101111100011100010110110011101111101000001110101100001111101100101110111111110100100111010100000010010111011	1293652.9999999998	-1980.1999999999998
24	10101111110101101000011100101110001110011111111100010011100000101100100010111111101100101100110101111001011000111011000111111101110000100110101100001010011100011100110101111001100100110001101000001010001101011110110010110100111001101	1276309.8	-2008.8
25	01100010101110111010011011011010111000100011010010001001011100100111101101011001001110000001111010001011100100000010010101100100001011110001100111010001100100011100000010010011010000000110001000011110010001000010100000000110101011101	928605.3999999998	-1875.1
26	10111001010110101101100011100110111100001101101100010111001001110010110010001011100000010100100000001000001000101010111011011100101110111100010000111000001110010111100100010111001100000001010001110101111001111111111100011001001011111	1096513.0000000005	-2046.5999999999995
27	00100100001110010110111000100000011010011110000100000110001010000010000010011001110000010101000111110000100100111000001111011001101011010101101000101000011100100111101100100101101110110100001100111010100000011110001001000111100111111	1043996.2	-2109.8
28	10110101101010111010000001110101110001100100101000001101001101010110100001000000111000101001110110010010000011011010111110101111100110111000000111110111100010100101011011010110010110001111010110101110011110001010001011110101111000100	1202243.6000000003	-2045.7000000000003
29	00010000000000000001000011101100010010101101100000100000001011010011110100000001110101101101010110100111101010001100100001001010010111001100001111011101011001001001111111010010100110100100001011101100100011010110101010111101001111010	1121801.6000000003	-2109.6
30	00111100100000000110000010111001101101000101011010011100001110000001000011110001111011110010101010111111111010111111110101001101110100101101001000101000100111101110111011011001000110010010100000111001100110000010101010001110110001001	1246237.4000000001	-2057.2000000000003
31	00000111110000110001110100000000111011001011110011101111011101001100011100101011101011010001000000000110110001000010110001111110010100001111110010010111100011010000110011110000000110101011111001111110001111011100100110001100111100100	1151723.0	-2049.6000000000004
32	10000111001100111010011110010001011111010101100100101111011001001100001000100111101011011000001110101110011000100101100001011001111101000001000110100000011001111100001001101101111011100111110010011101111101100010001101011001111101001	1112844.2	-2034.7
33	11100100000110010011001110010010111110100011001110001110001001000010011001100100111001001000110111101010111101001101110000011010101101000000101110110110111101011011001010001010101101101110110101101011000101111010101100011010001110010	1150504.0000000002	-2046.099999999999
34	01011000010010000111111010010111000010101000000000100010101101111100000100011110001101000111010101110010010001110100100110110001011000001100101010111101001110000011001010001011011100110010110010110000110111100110011101011010111101110	1070068.8	-2077.0000000000005
35	00101100011101100001011110011111101001010000100100111110101101100010011001110100011011100001110011001110000110101111100101000101101010110010110110101000001110110110101010010000000100011110000011100010010101001101101101010100001011110	1106807.0000000002	-2057.8
36	00010110000110001010001010001001011111110101101001011011110111110110000010111101010101010100001011011001001100011001100001111101101101010100011100110100000011000110001111100011100101100001111110011011101111111011101011101100111100100	1174697.4000000004	-2025.4
37	00111000100101010010000011010011000001001001011000111000010101111011101000100000100000011111110111111000100001101011101101010010011110000001010010110100110101111101110000111101100111100001010110001001101010100100001011100000100011110	1139419.6000000003	-2090.8
38	01110001010001010110011001100011010010000010000001011010011011001101001100001101000000110101010111110000111001010100111111100001010110110001000011100000011001111001000001010000011011100101101100010000010110011110111110000110010110100	988083.6	-2108.2
39	10001100010001111101000110110000000000011110010100010111001010101001011111011011101110000000110010011110110110101111001100101010011001100101100110000001000101011111111101000110001100111110001100111111000000110011101111110101000110110	1168558.4	-2034.0999999999995
40	01101111110111001110010100001010000111001000111100100000101011100010101101101101010000100100101100000001000101010011001010111001010111000011100100011110011100010001010111010110000101001100000001110000110010110000000011010011100101110	1076731.4000000001	-2112.0
41	11011011011010001011111001011011101010100110001100010001100001101010000001100110000101010111011010111101100010010100101111001101011100100000011101010111000101000000110100010011110001011101010100000011010001111110100000000000101111110	1063272.7999999998	-2073.7999999999997
42	10010000000000010001111001010111001001110000010101111010010101110010110010000001100111000101110110011101110110000101001110111011101010001000110100001100011010100110010101100100011101111001010011010110100011110011101001000011110100111	1093847.6	-2072.1999999999994
43	00100111111110101110000010011110100101101000110011000000101011111001000110011001001000100001000011110000001001110101001001010010010111110100101011111111100010101011010011000001011101010010010110100000001011100101000101110010100101011	1077581.2	-2076.699999999999
44	00110110010111101001001011110010110011110001001000001011110000010100110001110101101001010010001011010001000000110011111010001001110011110001001010100111011111001000010101011010101000101000000111011001101111101111100010011110110010001	1121745.0	-2060.4999999999995
45	10001100111011010101001101100100100010101101101110001011011001011101011010100110111000001011011110001001011100011011111001100001100111010000000001000011100110101111110010110010011111101000110100100011010001100111011000101100111001001	1156354.2000000004	-2048.4
46	10000100100111000000100110100010011001100110111010011110111110010101010000000111101001001001011001100000011111111001110000011100001011110001001110100011011100001001110110110000001101101110010001010011110010011100000011000101001111100	1151246.2000000002	-2079.6
47	01011000110101001111001001010001000101001110111111111101001101000101111111011010111101010011111110101100110001011110011000111011010110010101000011010111111000001110101010110101110111000111011001101100111101100000001010111110110111001	1277784.2	-1982.1999999999998
48	11101010111011101111100010011110111101010011001100010010110110101001110101100000001000001000001000000001101011110001011100001100100011011011111011000110000010000000010010110000001001101001010111101001111010010111101011010101101010010	1059552.5999999999	-2070.599999999999
49	00010011100000001110010001101000100011101101110110111111000010001110100111011101101001010001010110101101110011000110011111110000101100110000111000101110110111100111111100101100010101111101011100111111010010101000000011001111111110000	1291308.4	-2014.2000000000003
50	11001101111111000101011000111011101111001111111000010000101011110100110000101110010010110000010000100101100101011110011001110010000010010001111001000011001001111110000011010000100000010000101000111101110110000101101001001010000000100	1020775.7999999999	-2092.4
51	01100101101000100011111000010110001111111101101100001001000100010010110011001101011111101000110110101100011111110110100000011110111110110000010111011100100010000001110101010111100110010101100111011111111111100000011001100101111010111	1218271.4000000004	-2007.6000000000001
52	01001100010110000110011111101001111110000101101101011100101011011000110111110001001101111110110011100111011100001101000001010111110011010101101101100000100101101100110111100100001101010111111100111111001000010000011111101010111010010	1227108.8	-2002.5
53	10100111001000101101111100001011011000001010001010111010101001110011000000100000100101111100110001010000000011110111100110111001000111101000110001011110000100001111010111000110101010011010101110001110100101000011101100101100111111000	1115147.8	-2066.4000000000005
54	00110100111011010001110011000101001100010111100010110100110101000010010101011101100110011011110111000100101100011010101001100010110011001100011101001001111110001100100100100100100100110111011101000110111100110111000011011101110000010	1083598.9999999998	-2049.7999999999993
55	10001000001000001101001100110101000100010011111010000100110100110110011110100111010011101010010010000110110101010001101101101011000001011011101100111010100011110101010111000110101011001100001110010111000100110100000100000110101011110	1083954.6	-2080.0
56	11010111100101011111101000111011011110100010100110111100011101100011000011110110100001101001000001011011100001001111100111110101111001101101000010110100111001010111110011110101111100001110001010000110111111000110110110100000100010110	1285120.4000000006	-2002.4000000000003
57	00101101011110110001110001111101011110000101100101110011011011011111101000001011001001100010101110011100111011100001101111110100110011101000011010111110101101100000100100010111010100101101010111000101111110001000100001101001010100010	1180389.0000000002	-2026.8999999999999
58	01101110110011111100000011001101001110111110000010111110000010011010000000110001100011000100111101011010111100011000111010101101100001001101100100100100111001111101001100001111001100001000010101100110100110101101111001111100110010111	1146898.8	-2045.0999999999995
59	10101111110000100101000001110001001111110110110001101000101000110010001010101011100011000000001010101000111001100110011001001100111010000010011100110000100011101100111111000001001011110001101011100011110111000001011100001100100010000	1077165.4	-2086.8999999999996
60	11011100001101111100110101111000111010100001101111101111111001111000011111001000110100011101001011111011010011101010011000110011110111111000010100100010110000001110000111010110001001110011001111101011110000100101110011100011011101000	1204334.5999999999	-2002.8999999999996
61	10100111110111101110000110000010101001100001000000111000001110000010110010100101111111001001001001001110000110011011110010001111000010010001000010100001101000100100111111100111011100111000101001110110010010001101010110101101101000110	1087384.6	-2079.8999999999996
62	11100100000101101101011110001111010000011000100011010010110110111010000100000110110101110001010110011010001001000001001111101100001011111111000001100010011011010110010101011011100001011001000011001101110001000011100110100100110101001	1094501.8	-2084.5999999999995
63	01111000100001101110001111010110000000001101010011101001101101000100011001001000010011000100111110011011011100001100101011100111001001101010110011110111010100000100101001011100110001100111111101010101010101101001101111001101010011101	1159340.0000000005	-2054.3000000000006
64	10101000010000001111100101011000101100010101111011010001000101110100010011100101010111001111010000010100011000100111000100011100010101110110011010010000110100100000100001101100010001111101111000001010000100010010010100001110010001100	950802.4000000001	-1893.2000000000007
65	10010110000010000110001011001100000111001101011000110011101001001011010100001100011000111100001111011000011111100000010001110011110011010000100111110011111000110101001110001111110110100111000101000110000001001111110110010100000101100	1136591.4000000001	-2086.6000000000004
66	10111100001100001001000010100011110100110000001111110110000010111101110111000101011110001010101000000111011101110010111001110101110001000000000000000100000111000010010011011010011111110010010011101000000001101000011000010111010100101	1029744.6	-2099.899999999999
67	11111011110001111111010011110100000010001000110111111100111110101001010011101010001010100101100010111101100000101111101000101000111001000101100110110010101011100000111111101111011011100010000001101101010001011101010011011001101110100	1276198.8000000003	-2015.3999999999992
68	01001100001100100001111100010101100000110011001111001001101110100000110001110100101010111000000001101100000100110010101000110111100101100000010010100101100111011110111001011001111000010010101101011111110001111000101000100000111110111	1109773.6000000003	-2067.3999999999996
69	00001110001010010111100101001100010001011000011111000000001000010111111010110101001001100001010101010111010010010011011011010100111100101111110011111110010111111000011110011110000111011100101101100110101010111111110100100000000000010	1220968.6	-2047.6999999999996
70	01110010010001100100001101001101010001111101100100100010101010010000100100111101101011101010011001010000110101001010010110001111101001100001011110110110001100000100011001111010001010111011011010110001111110110010100111011011000011000	1139612.2000000002	-2061.7000000000007
71	00110110111000110101000011000101011001110000110100101010110110110001100111011100000011010101111100101100000011110100101101011001110100100101011100010011010011111100000101010100101101010100110001011001000111011011011001000011010010101	1088770.4000000001	-2062.1999999999994
72	10011111110111110111100010001111001000111000100100010010110010101001111101101100100000001100001111000110000010110001110100001110000011010010001001011100111111001110000111101011011000011110100111010100011001110111000000101111110001111	1136679.0000000002	-2046.7999999999997
73	00111101001100101101110110000010111111101111000000101001100111111001100100011011100011100100000000111101011111110111000111001010010010100001011111110100111001110101001101011101101110110010101101010111110000011010001111100001110111000	1277824.6	-2007.9000000000003
74	00111010110011001010000110100110011001001010011111110001001010010001100110010001011110001000100010111100100001001001101111110011000001011111000100111001000000001000100001011000000101110110000011111100101010011100111111010111111010011	1018205.5999999997	-2075.3
75	10110011100101001110111000001000111111000100100000110100100100101011000111110110111000000000001111100110110001001101000011010011001110101010010101110101010101011101010010000011010000001111001010100101100110000101000000101000001111001	1014346.3999999998	-2102.1000000000004
76	01011011011001001100101011001101101010101010000111011011101111100110111101000000100010001001011101001101011011000110100101000000011100010100001111011110010000100100110110011110100011100101111111111001100000001001001010100000101111001	1116177.0000000002	-2054.5000000000005
77	00011000000110111111001110101100000110001000100010110101010011110001110010111101000101110001101010111101100100001110100000011101100111100011101001000011001011101100000101111110000111011000101010000000010101011000000001110011001000100	1066534.6	-2089.099999999999
78	10110011100001101000110000011100111010111010011010000001011110110100010110100111111001011011010011100101010010111010001101010011111110011110011010001000101110000001101000101110100011110010111000111111010111110110000010001110010010110	1153626.2000000002	-2032.9
79	01001011110011001110000101011111101101111001101010011001100011100101100010011010101101001100111000000111011111100010110000111110101111010000010111101110111111010010111010111110010111100000001010000001011101110011010001111011110010100	1309296.6000000006	-2006.1
80	00001001110000101101100001001011001110110110111101000010110010001111111101111100110001100111001001010110000101101101010000011010011011101101110111001100000011111111111001011000110100100010101011011110100101111110101111100000001110110	1254859.0000000005	-2021.4999999999995
81	00010000001111101010010000000110011001101001010110000101100110100101000011000100110100011010000100000101010110000010100010010000000010100001110011011110101010110010101011000101000110010010111101110111010100101001110110111000010100111	957125.4	-1892.1999999999994
82	11011101110100011010000010101110010101101110000110100111000011000010001000101000101001010010011100111110000111111011100110100000000101011000101111100000000100011011011110010011100110010010011010010111010101100111011010010000001110010	1107055.2	-2080.7000000000003
83	10010010000110001000011100100001100011001011000100000111111000000100100101010111111000100110011101100101010101001100101100000101101111101100111110001111000001001110111111101001001001001000101101100011000001010101110000110100001010011	1172778.6000000006	-2098.7999999999993
84	11110100101001101110101100000000110101011111011011001101100010110011001011000111001111100010110100101110001001101001011010110100110000001100011011000000000000011011011111000000011001111111010111111101001010011010000000000111011010100	1085791.2000000002	-2063.2999999999993
85	11000110010001011110111010111011101100111101000011100011110111010001111000001110101011101010101101110011111110000111011010110000111101010111111001100110101111001100110101001111011100001010111110010111100110100110101111011110000001111	1340141.6000000003	-1964.6
86	00101100010011100011100111011001001001100010011000110111001000000010010010000110010110011011111010010101100000011001011010110101100100101100001101111011101110110001000011011000110000010110101110100001000110000011110011100101110000111	1080687.0000000002	-2085.1999999999994
87	01010001101000011111000010000000001010001010110011111011000111100001011011101111111000001001111000110010110000000000011000001111001010001110100001010000011001101111100010011000001011010110010111010001010111111110101100110001000001011	1010697.0000000001	-2091.999999999999
88	11001110111101001000110001110001100000001000011100110000100100101110100011011110110110101111101111001101000111000100010101011101001111010110101101001001101111111100011001110110110101000101000110011110110100001010000100011011101010000	1191450.6000000006	-2050.3999999999996
89	11101101111100110001101111111100101111001010111011010110111100111111100010110011011100111001010000111011111111110011011100110000000011000011000000011110110001001101110010000111011001110101000101111110110001111110010010000011110011111	1232222.2000000002	-1972.5
90	01000110101000110001110110011111010101001011011111011001000101011101001100011001001011111111000000010100001101101100101111011100111011110001000011101011011010001110000110100011100001110010000100010110001101110101011101010110100000100	1106145.3999999994	-2051.9999999999995
91	11100010101101010111101001010000110010011010001010101010111010001111000101110100101000010011111001100000111011101111000000111111010101000001101011111010000101011011011010010010000101101011111000010011010010010001111101110001100110001	1176675.0000000002	-2045.4999999999998
92	10100110001110101000001001000101101101110111111010100100111000101000110000111000011100101111001101011001101001011100001011011101110001001011011011100101110111100101111110100000001000111011101101110111010011100111101011010110111010010	1295558.4	-2022.0999999999992
93	01011000011100001100111011100011011011111110110100110111100101000001000101010110101110011110101100100101011110110111000110110010000110111001011000110011000110111001110100111101010000011000111101101010001011110001111110101010111001000	1259717.4000000001	-2015.6999999999998
94	11000001101100110011111011010000111101111110111110001001100101110100011101011101100001110101011010100010011101010000110111100001010110010110011001100100101000001110101010010110011101110010011110111101100111111100011001111111001000001	1153395.8	-2002.5999999999997
95	00101000010110111111010111110111111101110000010111101101001110001101000010010110000101001111110001011110000001000111101000110111110011000000010110101100010011100001111111010100101100010111000101010010101010111011001011011010010011100	1227517.4000000004	-2032.9999999999998
96	01001111100001111111010101100001001101110110110010001100010000000010000001000110111011010000010011011001000010001111010000000101101100001110111111100111001000010110011010100101101000100001111011000010110001010111100000110101110101010	1053419.9999999998	-2088.0
97	00011110011001001101010001000001111110110101011010000111110100001000100101011000100100000000110111100011001001111001010101101101101010101011010110010010101011111100100111011101100100100011011000000111110100010000110000101011100111000	1163758.0000000005	-2072.299999999999
98	01110010111010000101110001101100001111000011110011101111110001100100110001000010010000011111011010010010001110101010111101010011011100011100001000101001111100101001101101111101100011100001000111001001111001001001110011100000011000011	1223644.4000000001	-2058.0
99	11111000000001001011000111110110001111011001101101010000101100010101111001111000100011011010010010011010001010011010001010100101100101110001100011111111110110000111111111101101010101101100000100100000100011101101011100100100000111100	1274443.0000000002	-2039.200000000001
