SOLUCIONES INICIO 

0	100010110111010100101101101111010011011111000111011111001000110101000100100101011001010000110010010000110010110000010011001010000000100001010011011010100101011000000011100010100011000110010110001101000100111111100001000101001000101011	1053701.2000000002	-1873.6999999999998
1	000010110000001101111101111100101001011000110010111101010101110100011001111001000111011010000111100010011100111110110110101011101011011110100001111100110010011011101001011111100101000111101101010111110000110000010001001100000101001011	1391377.3999999997	-2036.5999999999997
2	100101011011110111000100001011010001111011111001100110001100101110010011100110101010011110110100000101000111001000000110001101100000110100100011100110101000110001111001001001010101101000001110101011011101101000001001001010011000101011	1144940.7999999998	-2075.5999999999985
3	000101000101011110001100011010011101010011111110111010000101110111110010111110101110111111110110110001111100000000101000111000101010011110001011010001011110000001010101010011100101010110010110010010101101100110110010100000110000011000	1253774.8	-2054.6000000000004
4	001100110001110000001001101101111100100101000100100111011100000000100011001110100110110100110100100111100001010001111111101100001110111100010111010110011001110110100111001101010111111011011101100011001000110011010011100010001010101111	1338703.2000000002	-2042.4999999999998
5	001111011101001100000000001100101101001001101110100001110001111001101000011100010101100111100000110000100100011101100000100011011001110111100000000000001101010100011001011100010101100111101111100011110010111001110011001010101010001011	1126703.5999999999	-2094.6999999999994
6	110100111101111110101110000001001001101011110101011011000100011100010010100110011000111000101011110011010010110100011010110000101100110011100111011110101001000101001110000011111001101011000011100101010011101111110000111011011001010010	1260267.6	-2037.7
7	010010001000011000011011100011101001001000110101000010001111011100000001101111111010101000001101010100000010010111101110011001110000100110110110111010101101011011011101110101001101100001001111010111010011101010010001100001100000110110	1309695.9999999995	-2074.2999999999997
8	110110011110101001111011100101100110110100000111110110101101001011100010000001101110100100010010110001011000100011101001110000011011110000110000001111111011100111101100101000111001010100011111100100100010001000010110111010000111000011	1201105.6000000003	-2059.6
9	000101111101010010001101011001111110011100101011111000111001010111100001001101011101110110011100111000011011100100010010101011010101011001100011101110000111100010000010101110111001110011100010101111111000010000000010100110101000010000	1220181.2000000007	-2056.5
10	101001110010101101111001001100100111101011010101110111100010100011010100010000111011001110010100110001010100010001111100110000000111110011011011001000100010110001100110100000001100011000001011101011001111000111000101101001101101000101	1096140.5999999999	-1840.3999999999994
11	101011111010110000110111111000110001001101011011001101001011000010010001011011100110100100000110000011110000001010111011011011011000011001001101010000010110110101101111010010000110110101010011001010100001101000000111010010000100001111	1208555.2	-2085.4999999999995
12	110001111100001100010010000100100000001011100000101101110110111100101111011100010110101000101010000000001111100011111111100000100010100111110011010011010101000100011001000000010110101101000010001010010000001111011011011100111011101011	1114119.7999999998	-2091.5999999999995
13	101000001000000000111100000110110100010111010001100011010101001110001101000010001111000100011101001110101100001111011101011010110000011010100101000101000001001011010111101010011011111100000010001011001000111100010100100011001101000000	1150957.8000000003	-2125.2
14	101001111011010001101010100100011110101100010111000001100001101000000111100101101101101101011111000110111100000000010101001111011000111010110110011111111001011001100010010000110100101001000101100111110100000000110001001101000010110111	1145571.5999999999	-2075.6
15	000000100011011011010110000000100000111000111100111001110101110110000111011111000101100011110110101110001010010101011101001010100111011110000000100110011000011111010110100100000011111110011110011101000110100100000010000000010001010010	1179072.0	-2100.3
16	100110011001111011101000001100011100011001101111101100010001101111100110011101010110111110000010100110000000001000110111100101110101101010010111000100110110010010110100010001001101111000010011101001010110011110100001011010101101111101	1207768.1999999997	-2047.6999999999994
17	000010011111100011100111101110001100101000101000000011110101011100100100011010100100011000010100011101101010100100101001100111100100101010011011011111100000110011101000100000000011110010100111011000000001011011010111111100011000101111	1125154.0	-2083.2
18	110010010011010011110111001011100010001010111000010101000111001101001111010011110110100011000001101010011010110110101111000110110110001011000001010111011010110100010001101011110001100101011110001000000001111100111101010110010001111111	1303611.5999999999	-2051.2999999999997
19	100010011101101110001101001101111000000101001101010110001011000011100000001000001111101010000110110100000001011100110011010011000000001111001011001011111111010111011000111101000001000000110000011001101100111011010101111111100010001110	1253840.8000000003	-2088.899999999999
20	000000111110101101000111111001011011111100011110110100010110010011001011111001010111000010100000111001010000000111110100100100011001111101000111000000100010001110010111011010001101000001101010000100000000110000001001010000001010101111	1187556.4000000001	-2110.7999999999993
21	100100000000011001110001111101100100011011011110101111000010111000001111001000100010100001111000011101001001111001111010101010100011011100100111101000110011110111100101011000101101100100011110111001110101111010010011001111011011001011	1278511.4000000004	-2034.5999999999988
22	101001000010000010001001110000100010110111111100111100110000100011100011011001101011010011100010001001100100110010100001100001111110110010110001011010101001110011010101000110101100100010011011001001101100010110111110000111001101101011	1185435.4000000006	-2078.2999999999993
23	010110111001001001000001101101111001101001110110101000000010110000100111011011100111111100011100000011011000011110011111111000000000011010111001000001111101100101100101000000110000011010010110111000010111001101000001110001111100101101	1117781.0000000002	-2074.6
24	010110101101101001000111001011100010000110101111110111101101101010111000000110000111101011101101100011000010001111010010111110101100011000101001011100101010000111011010000010110001011000010010000010111001011001101010001000011010001001	1147045.4000000004	-2086.8999999999996
25	110101011100100110001111100011001010111110101010001011110010101000011011010111000001110000101111000001011011010011011100000111111101000101011110011001101111000111101001111101100011101101010100110101001001001001000010110000101000000001	1325343.4000000004	-2056.4999999999995
26	000101001110100000010111000101000101000111101011100011110000111111110010011111010011100001101000100010000111110110000001111001011000110110111001011101101001000011010101101011001110101101111100001100111100010101010001000011011011011001	1269563.6	-2055.0999999999995
27	100010010110011000111110100010111001001000101111000110111111110111111110011110101111111111101001000001100011100000110111110001101010110111011110010101000110010100110001011011110100011000111011110001010111111111110011101110100001101011	1427445.5999999994	-1984.5
28	001001010011000110101101110100100011110010111001110011010010110110011000110001000100001001101000100101101111100000011011011011001110010100110111111110011110101010010100001000000101111001101110010111010010001100111011001010110101110001	1225372.7999999993	-2059.9
29	010010001110101001001001110000001111010001000000001100010011100000000011100010100001100101101000011001001011010011111101011010000001001100100010100011010110110100000011000111010111011011111111001011001000011101011010010110001111000011	1124139.8	-2114.0999999999995
30	110010011011010101100111010111100100001010011000100000101100101100011010001110111001111011011010001110110011010101000000001001001001000001000000111000101001011001101111101110100011001110001111000011001000011110010010111100010000011000	1190631.0000000002	-2098.1000000000004
31	010011111100101000110101010010111100000011011110100101101101101011000100011001011011101100111101110001111010011111011010100111010110000110101111000011110001000011001110110010101010001000100000001001011010010100001111111101110000010001	1273273.0000000002	-2051.6
32	001100010101111001010011110000101100101100100101110100010000111010101000101110100110010011000010110000010001110111101111001111011011111001001100000100111000101110010100110110110000110000111101111111000101010101101110010010101110000110	1303493.4000000004	-2059.3
33	101011001100011010100100110000011010011000001110110011111100001011010101111001111010100110100010101000000001110111000111111110010010110100110110010101000010010100000111100110101100111010000100111000101001111010001100100010001011010110	1209577.2000000004	-2073.0999999999995
34	001000100101111111100110100110011101001110111000110000010010001111010111000000000110110101010011101111000101110101001000110110010101100011100010010110101101000000101101000100111111011010011011011110111010011110111011101001001011001110	1216263.2000000002	-2048.5
35	001010011100110111011101100100001101011011001001011010111100000111000010011001010101010111001010001101000111101111000010010110100101001011000011100100001101111001100101010110011001101110111010110100010010010101010010100001010011011100	1199424.8000000003	-2074.8999999999996
36	100010111001011101111010001111111101000100010100011010110000110011111100010000100110010111010101000101111110111010100010101100101100100110111111010110000101110101011101010110001100011011111000000101111101010000000110110111001001101111	1377089.2000000007	-2033.4999999999998
37	010001110100111100110110011101001100111001011110101010000101011101110101100110000111100011001100111111111000011010111000010110111011101000001010011011011011000010111011001111111010100110101100111100100101110100100001011101000100000110	1386683.9999999995	-2029.6
38	110111001000110010011001001010111110110100001011111001010110000111001101110010110000100000100000100010001001010111110111110100001101000101101101001110010110010010010100010100100011111010100000100101000000000010101011100011010001111100	1117576.0	-2101.9
39	001101111000011000010010111111001101111000110001101111111001010110010010010100110001101000000000110000010101101101100001110100001101000110101010100110111011011100101111111010000010000010001000101011101010000100000011110110011111100110	1282215.2000000004	-2075.0
40	101011011100100110010011001110101001100001100100100010110010000110010010111000001010100001101001011110111110110110111111111100000000011011010111000111010100001101011011000011111011001011001110100111011100001101000000011001110111111111	1315811.4000000001	-2041.3000000000002
41	101000100001010110000000110101001100111101001000100010010100000110011010010010001001000100111100001001000010011010001011111100001010000110001100011110100100100111000000001110110100000111111000101110010111001101000111100100011101111010	1017776.1999999998	-1884.8999999999999
42	011101111101010100110111000010110100010110011000010011000000111000001101001100010110010011111111110111101101110110110010011110011100100100011111010100110111000100001000011110011001101100001001011001010110111000101110000110101111000011	1280491.2000000007	-2050.599999999999
43	010010001101110001111011010000101110100001100000000011001110100111100000000010111011101001100001101111011111101000100111011010011001101001000100100011101000100101011010011110111010111001000101100010011100100001101110001111011110001110	1273080.4000000004	-2072.3999999999996
44	010000000100011011011100110011010000010001011101100101000010111100111100001100110011000010111111111100001110000111000111010110011000000001100101111010001111110111011100110000110010101011000111011001111011000101111101011110000110111110	1247512.1999999997	-2042.2999999999993
45	100110101110111000100001101000001100010001011010100010111111110101001001000100011011110001010000101101010100000000110100110111101000000111101110111101111010110011111001101001111101010001100110111001010100001100111110110101010010010010	1265796.0000000002	-2057.2999999999993
46	101000011110000010000110000000001001001101101101110001101011000111110101001100000010100001010011001100001000101110000000110001100011011000011101001001001100110111111000111100110111010001101111001000000001001001010011001110110100001110	1117788.9999999998	-2126.1
47	001001111110101001101100000001010001110011010100000111101001000010110000001000001001110011110000001100111111001111101111000111010111101100000111101001001100110101000001011011000100001101011100011100111101101101001010101110010001001011	1233580.8000000003	-2070.699999999999
48	010000000111001000110010111011011011110010100100111100011110100100001110100010110110001110010011100001111100010001000100111110010000000101110001100101100111101100011001001110010010010010000110000010100111010011010100110010110001111001	1184692.6	-2101.5000000000005
49	000100000000111001010110111000000111100101011110101001100011101101011000101010111111100011010110100000011010110000111010101001100110111101101000010100100010011111000001101101011011100000110101001011010110010001001110001110010001010110	1200463.8	-2079.699999999999
50	001001000100100000001010011101010110011101010110010111100101001110111000111101001100101000101111010011000111101001001010110101110101110001001111010101010111010111110110000011011000000110011011011010010100000000011001111110010101010100	1271999.0000000002	-2068.6
51	011111011111100001101000000010011100011000000010011100011111011001010100101001100110101001100111011000011111110100010110001011111100001100101000101100100100101001010111011001111010100100011000010111000000000010000110101111011101111000	1246670.6000000006	-2086.9999999999995
52	111101001110111100101111100011001001101101101100111010000111100111001010001101100001101101101001111001100110001000010101011111110011100000101001111011011000111111010011101001001001010011011010011111011000110100111101100111001110001010	1352552.2000000004	-2012.2999999999997
53	111100101110111110001000110010111010010111111000000110100001111010101011100110001011000010010110100000010011010110011010111001001000100101101100110111011011110110100011011111111101000101110010010101001101001010000010100001001110000000	1291517.4000000004	-2058.5999999999995
54	010100111100101110101110000101100011100010000111110101011010111101100010011101011011001001101010110010111011010001111000011111011001101110101110000110110111010010111100101000011010011011100101111100001100100111001010101100110010001100	1317562.8000000003	-2028.2000000000003
55	000110110011110010011001001000011100100110100000110000110100101100110110110000000100011101011011011000001000011111000101110110111010000100011001100001011101100100110011011101010100111000000110110001110111010000010001011001010010010011	1196663.9999999995	-2116.0
56	100101011000010001110110001010100110000101101011110100101011110001111000101010001111110111010000111100010011001101101101111110000111010011100111100111100110100010100000110101110100001101110010100000001010110001011001010000010000000000	1196060.5999999999	-2091.4999999999995
57	001100100000101000001110101001011010000010110111011001000001000010000111001010000001100011100101011001000100000100010000110011111000010001011100100101110110011100011101100011000110011111110011010101111110101010100000011111100010001001	1128143.1999999997	-2122.9
58	010011001011111101100111010011010001000011100001101001011010010101110001001101010100100000110111010110110010100010000010001001000011110101110101010110101110000111101010110100110000101010001111011001110010001100001110100011110000100010	1192596.4000000004	-2089.399999999999
59	011101000011010101000001011011101100110111011100011111110110101000010011110110101101111010110011010001110110010111110001100101101000011100001101011001000001100001010011011111110100100010101101010110001111101110001101111010100011000000	1339450.4	-2037.8999999999996
60	000100001100100010010101001110010010110010000110111110100011111011001101011101000000110010000111010000110010010101111110011100100001000001011001111111011011101001101101101100100001101011110110000010111000100101111000011100010000101111	1247736.7999999993	-2078.2
61	010100010010011011000011010101110010010101010110100001011011100010001001001111001101111001011010000010010110011110011011100101110000000001010100001111100110110110000110011100001001100011011110011011001011100110011010011000011010111001	1167437.0000000005	-2084.7
62	100100101010110000110100010110100100101011001001011010010001110101100000111100000001100100000111111001010011111001001100111101100110010011111110111100010100101001000100111001111001100101111010001010011001000000111110001101011101011110	1223083.0000000005	-2063.0000000000005
63	100011000010010100110011001000011110101110001011111111111011000001010100010100101011001101000100011001100001001001100111100001100010101000010011111101100011111001001011011110110111010011011011011010000101110110001000110010011001101110	1276731.2	-2058.499999999999
64	010010100010001100100000000111011110101100101001110101001111110010100100011000011110111001001101010110101001100110010000000000000001100110110111110001000011000011110010011101111110001001111010001110110000000110111001100101110110100101	1171165.2	-2099.5
65	101001100010011101101101111100100110011111110110101110100101110001111001010111000101110101001001111111110000111001111001011011100010000111100111011000100010110111111000111111010100111011101000100000101000101100101000011110101111001111	1465875.4	-2002.1999999999987
66	000001011000011111110000101011001001110000100100110101101101111100011010100011001011011010100001000001111111100001011101100110001011110111111000110101100101100001100101110001011010010111111111001011011110001101110110000100101000110101	1292519.2000000002	-2040.5000000000002
67	001101101001010011010011100100111011000101010000101111010110110110000010111000111100011110101111101011100000101111101100001001011111110111111001111011010010111101001010010010110111011100101111110001100101011110001001111010010010111101	1374450.4000000001	-2000.4000000000003
68	110100000001111111010111000001110011101001010111010110111101001000101110000011000001010101101011111010011010111110100100000110010111100010100111100101110110101010111001111001100101001110011010001010110010101001111010000001010000101110	1345599.6000000003	-2051.0999999999995
69	111011010010011001011001101101000110101001111100110001011100100011111000101110100011000010011010100011001100001110110001011100111111100011001001010110000001101011100010001101011011011110111100101010011001001000011110010001101011011100	1203788.4000000006	-2047.1000000000004
70	001111111010010000111101111111011110001110011110100011111011011110001001111010101110101010111111000111101101111110110100111001011100001001010000001100101011110100110011110110111010101010100000001001110001001100010110101000011111101000	1375424.6000000008	-2001.2999999999993
71	000000101001011110010111011011001101010101011111101011100111111011010001110000000000000000011010100010110010100010110110100100000111100111111000000011001010010000011001101011110101010000000111010001000101011101010111011111100100101111	1233862.9999999998	-2073.3999999999996
72	110001101010000100111001111111010110111001110110011011011010000100011111000110111100010001100100101101100111001101010010000110000001101001110110000011111101011100101000011001100000110000001001100000010001111001010011100100100010111111	1175701.7999999998	-2076.9
73	100001110001111000001011000100000100101011000111000001011100100011111010011110111011010010000000010110001010111000101100101010000100000011111110111110110001101111011010100001001111111011010011110000111010111011001111001010111100111110	1267654.4000000001	-2042.3999999999992
74	100100100000000101000011101100111110000100101100000000110010111110111011010001110000001000011101100000100000000111100000000011110000100000010011110010101000110010001001011011001100010011000010101011101100001100110001000100110001000110	984332.8000000003	-1932.7999999999993
75	011010011010101001111110100100111011001101101011101011010011000110000000100101110001111011000111011111100111100100111100011011010100000010100011001111100111101010111011101100000010011011000101000000001010011010100100001110110100010101	1325429.2	-2063.2000000000003
76	111101010101000100000000011111110010111111000101101000011111000010100010010101000011100100000010101010001010101111111011111001101100110110000001111010101001101001011110001000101110011000111101010110001011110011001110100110001110011010	1236873.2000000004	-2049.9000000000005
77	000010001110011011001000010111010111000000011011010101101110101100111101100000111101110100000001010101011111111000111000011000101110110001110101100111110100100001000111111111000000010011111010001101110010100001111110110010011100011001	1409864.0000000005	-2051.2000000000003
78	111011100101110101000011011100100001001111111010111100100101011001001111111101001101011110111011011100010101101000111111010000101100100010001010011000111000101101101000011011101010011010111111110011101001100110011111101100111001110100	1348121.0000000005	-1997.1
79	001001101110001110110001000000111011011010100101111111100001111000110111000001110100100101110101011100101011110001000011110101011001010100001001111111111111110011010101010101010100011111000011010101101110111100110111101001111111011111	1407401.9999999998	-1994.2000000000003
80	000110010001011110101110111000110111001011000011011101111110110001011100110110001111101001000010001010101101100000010001010110101010110010011000100111001111100110010011110001101101001010110101000010100110011010001111010000011110000110	1255548.2	-2067.7999999999993
81	110001111111000100100111110101000100111000011000000100110100110101001101110011011100101110110011101110111001000010000001101011100111010001111011100010011110100110010101001110101001011111110000110001001101100010111110101111110100010110	1305867.8000000005	-2034.7
82	001101110000101001100001101001001011011111101010011111101001111001110011110010011011010110100111010011000001001000100010011111100110110001000010100101110111100001101100001011010100001100100011001100111010110001111001000100010011010011	1187375.1999999997	-2064.7999999999993
83	001001100100000110001110101011011100001010000010010001000100011110011100110110110010000111100000100001010010100101111110110010000001100101100110110101110000111011100000111110100111010001110111101001101110001110011101101100001100010010	1177519.4000000004	-2083.599999999999
84	001000100000010101010010111101101001101000100011011100101011010001111000101110010110000011011001000101000011011001001000110010000110010101100010101010101000110010000000001011010100110001010000001011011111010101101101010000010100010001	998205.7999999998	-1912.8999999999996
85	101111010000000010101010100000011100110011101111100001000001111110111110100001111011000011111001100110001110110100100010111010001001100010111101011100000010010001110011110110010100010011111011110111000001101100100001101100000110101001	1247586.7999999996	-2064.2
86	100010100111010000101111011001110110010011000100110000110110001101101000000111000110110111010011011101110011100001101001100101100110110001011110110111000000101100010010101100100010010010111010011111010110101010001101001011101111011010	1247468.6000000003	-2056.9000000000005
87	110011110010100010011101001011011010001011011011010100011011110011111000111011010111000100001101101011101111111000100110110111010011100001000101100001100001001100010011001110010001011001110001111011101000000010000111010111011001111000	1276313.0000000007	-2047.0999999999995
88	011001100010000110010011100011111110011111010010100100110000001001101111101000101000010010010011011000010111101001101101100010010100010100111100010100010011011000100000111010011101010011100101111101100011100101100010110110000011000011	1163700.4000000001	-2085.0999999999995
89	110101101101010011110010010010100010111011110111001100101101100000111001010000111111010010101001010111110011000100111110101111110100111001100100111110011010100011000111001001010101100001101100001100100111100001001010101010001001001000	1284263.4000000006	-2054.3999999999996
90	011100111011000110101001010110100110100011110010101100001100011110000001010101000111001111011110110001100111010001000000111010111010101111101111110100111000011111000000111000101110001000000101100011011001110101100100110110101000111110	1232320.4000000001	-2049.7999999999993
91	011000101100011000001011001010010011100101010100011101010101010011111110100011010111110011010011010011001011010000010001101000010000101000001011111110000010111101111001110101011001101010010110101001111000001111011000010000000100001100	1197576.8000000003	-2102.8999999999987
92	000101100011100101010001010000100011101011011011000001010110110110010001011101000011101110001110001001010111111110011001010010110111100010010101110010000001010000001011001011011101001100001010101001101011100011010001110111100000100101	1193339.2000000004	-2084.1000000000004
93	010111101100110010111110111101100011000100011111000100010100100000001010101011100001000110011110010011100111001100110110000111010010000010000100000010011001011100001100111101101010111010111000001001000010011100011011010101011100110011	1199379.4000000001	-2078.8999999999996
94	010010000101000011001000011010110101110101001000110011010000000000110010000100101110111110011111100101100000100000111100001000010100110000100011011000110111100001101001100101100000001001100001111011010001110110101010000010010100011011	1077135.8	-1904.3999999999994
95	000010000000010101011110101111110001110011011000011110110011001000100011111000100001110110000011010011100101010011101011000111101010011000001000101001100000100111010101100100110010100111111011111011011010100110110100100001011011010000	1159356.0000000002	-2075.6999999999994
96	111100011111101101110001101011001010001000001100111001010111011100100111110100010001100010100111101010011011001101110001001111000011110111000100001010001000101000100001100001100001100000011011000010101101011000001010111101101110110000	1104098.8	-1846.6000000000006
97	010111011001100110010011000001111010000111010000011100010000010001111011100110111001001000011110110001100011101010100111100100101000101011001011101110111110100000110110000011110100000010000000001011011000010010001100110100011101010011	1180936.6	-2096.6
98	111001000100010111101110101000101110001011000101110000001101000000111101100101101110000010011001110011011110001010110001110100111110110101111111100100111001011010111000000011011010010111010000000111100010111001100011001100001100111100	1255859.0000000002	-2057.6000000000004
99	100001011000100111011010010010110000110100100100110010111101000101111000001000111111101000100001010010001010010010001001000001111111011001000011101000000100101101001100011101000001010000110010101000000001011000011110010100101100011111	1112091.4	-2136.3
