SOLUCIONES FiN 

0	0111011101000011000011000000100100001100010011101100111110010001001000010011011111100010011100000010111100011010011010100110010000111111101100001111011111011011101100001100001101010110001110111101110100110000101110011101001010100100	1239606.6000000003	-1816.1000000000004
1	0101000110100110100100111001011100110001001111100001000011100011000000000011010101010000111001100101011001010010100000011100111011111000110001110001001101100111101000001100100111011110000110001000010101010110100101011010000101101110	1117856.4000000004	-1862.1
2	0101111100100000100010000011101110001110000111010101101011000101010000011100011101101110011100110100101011000000011101001111100000010011101111100011011101010000011101101010100010100111000111011111010110001100000100110111100110010001	1238191.8000000005	-1828.3000000000004
3	1111011001011110000001000001111001101000101100000011010011101001010111110101110100110011010101001001001001000100111110101000001110010111111111010010111010101101100110011111110010101111010001111001011111000011011110111100111010000110	1380901.1999999997	-1993.3999999999994
4	0101101101010011001101110111000010010110110000011110111111010010100000011100101000001011011110001101101101110011100101101111111111101011111001101000100111100111111100101001011011111111101100100110101010110011010011101010011000000100	1426081.4000000008	-1979.9999999999998
5	0110111011010101000000001001000001010100101110100000000000001000000110011010111101100101100011011001000100011110111100111001100011101000101100011001011111010110010000111011000101000101011111011111101000110111111111000111011010110100	1233976.9999999998	-1826.1999999999996
6	0110110100010111011110111000011111111101111101010000110111010000001001010011000011011100011001111101010100010111100111100001001000101100000001111001001001010110111011101001010011010101000011000110101000011100110110110001111101000001	1280596.8000000005	-2040.9999999999998
7	1111011011111011110111101011000101001010101001000110000001101010000111001011000101111001001101010101000110100001000100100011100110111111111000001111001000011011011000110000000001110111001111101111000111100111111101100110001110000111	1207843.4000000001	-1782.6999999999998
8	0001011000001111110000101010110000101001111111111100111010000000011111000011000110111010100011111001100100100000110010100100010110111010110110110000100101000100111111001000111100001011011000110011101100111100100100110010100100010010	1192551.2000000004	-1831.3
9	1011101101101010001010010001110011001000000110011000100110111010010001000011000111001100100110110110101000001010100100100001011010001110001010010011110011101011111001101101110010101010101101101100011011111100111111001000001001000010	1198465.0	-1840.3999999999996
10	1100110001100110100110000010001101110101111010111110011000100010010010000111101110000000101111100110011111011010011101100101011111100110111000011001110000011111010001010000111010010101010001001011111100011100101101101011011010111111	1239598.2000000002	-1776.7999999999997
11	1011110111110101100000110100001111011110011110011100000110011111000000110110101010111100101111111011111110111101101110010010100011011011101001011111110011000110101000100100011010010001011010101010101001000111110001100110010111110110	1351447.6000000003	-1984.1999999999998
12	1110110101111010101011111011011111111011001011101001111110010011011001001101101101101111000100001111101101010111110010110101001010100000011011100010000011011100000000010100100001011110100011111100110011011011111111111100101010000010	1258194.2	-1981.2999999999997
13	1111110100101000000010010111101100001010010111000111001111110111001100000000000110000100011011011100010101111010110000110011101000010010111001001010011101100011010011011011110100101101011100101011101010000000100011100001011100111011	1232035.6000000003	-1815.2000000000003
14	1101010111000101100001010001001001101001101100111001011100100111111011001000101100101011001101111110011100011101111001001010110101101100001011011000010001110111000110111001010000111101110011101000010100111100000100010000100010110010	1279264.0	-2043.2999999999995
15	1010001011111001001100001101101001001100110101011001001001000111011101110110110110111000101110001011000111010001100001001011011101110110110001001011100100100100010110100111100010100001110001010011001100110111010011111111111101010110	1295475.5999999999	-2015.8999999999999
16	0001101111001100000010001010001110011001101100011111100011110001111100110001101101000111101010110001100010100100110111101011111011011111011100110011111100011101010100001000011010111100101100010110011110001011100001011101000001111001	1239042.6000000003	-1789.2000000000005
17	0100111000001001110100101010100000001000010110111110101101101001100011010001111001010110001101001011111000111111011011100011111001111000011101111000110000010100111000110100010101000010100111100011011111000111101011111011000100000111	1267741.0000000002	-2029.9999999999998
18	1100001011111011011101110010001000110001101000011001110111000000100110101001001010100101110100100111101100111101011010101111110000111100111011010011010001001010110011011011001110100010110101000001011101011111101100111010101110100110	1371740.7999999998	-2013.4999999999998
19	1000110110110110110001100010011011100011100001111111001101011001011000100011010011110000001101001110001000010111101010100111100011100100010100100000100110101011101100111001110010111000001011010001010110110111100111110001001110010101	1252204.6000000003	-2035.9999999999998
20	0100000101010101111101000010010001000100011011101111100100111010001101110101110101111000010011010101000100001110001010010001110111001000001111010000000011111110000111001101001010000011111111001000011111001111110110101101100100011010	1202941.5999999996	-1816.8
21	0000101011110011100111010100001111110001001111111110001110100011100110111011110010100011001011101100101100100101001001001011001001110110011110101010101010010110010001111000110000101010001011000111101100100000101110010110110011100111	1261433.4000000004	-2021.3999999999996
22	1000010111110100110100100010111010010101010011000100111101110100001010010000100100010001011011100100100111101100110111100110111111001000000110111000100000001110111111100010110001110100111111100100001010111010011100000000101100010110	1248717.8	-2055.5999999999995
23	1001000001100010100101010001101001110110000110101011011101000001110111101110100111101111000111111001100011100010010010001111100100111110010110111010110011100011100111011111000011100100111111011110110101010010111100001011100000110000	1381195.8	-2015.1999999999996
24	0111011011011100111111010011011111011010010010001010001000110110111111010111000011001110101010111101000000010001001011111011111001011011101110101100000010011000000000010110111010010001011010111101001111111100011110001101011001000100	1217137.2000000002	-1793.4999999999998
25	1011110111110111010111111000110110101100001100011000001111100111011100100010101101011010100110000111111101110001101010100000101011110101101010000101011100010100110001000000000010010000011010001110101001001111110101100111010111110110	1183636.6000000003	-1794.0000000000005
26	0010111100010000110000100101101001101101010100010100110011110011000000001011010101010000111001100101011001010010100000011100011011100111011001111001111001011100011111101000010101110010010011111101100010111100011100010111100100000000	1248350.0000000002	-2075.2999999999993
27	1010000010011000101011000101000001100101101101111010011011000110110011011001000110100010001011011101110011010001011100010010111011111011100111101110000110010100110010111110100011011000011101011100011011010010101101001001110001000100	1289479.6000000003	-2040.2999999999995
28	1001010101101101110001110000110011010100000000010000100010100101000100100100100000110101100100011100111000100010010000000110001011101000001100100000111101100100011011100110111110001110110011111110110001010100100101000111110010100101	1117405.4000000001	-1867.3999999999996
29	0010001111011001010100100011000001010110101110110010011110001111001010101000110000011000101010010010001111000111100111110000111100011011010100011110100101101101100010100111101111110100010001011000100000110000100001111001010101010101	1251319.6000000003	-2057.4999999999995
30	1101100110010100001100100111101100000001101101100000001111101101110110100100101101011101011111101000010001101011010001000001101010010100110000010111011011101000101111101110010100000011001100011111000000101000001110110010000010010011	1246110.8000000005	-2074.7999999999993
31	1111101100111000111000111000000111111010111101011011010001111010000001111001011100011011001101010010001010000000110101111010011001001001001110101101000010100011101100000111001001001100100011110011001011000111100011101111100001011101	1207341.8000000005	-1792.9000000000005
32	1111011011101101101110011100011011001010011010100010011011001011011011011111101001011110100011101000001111101011010100001010100111010000011001101110000100111100111001000010001001110101110110011101100010110110101010101111001000100011	1241909.2000000002	-1782.9999999999998
33	0110011000010011100100101000001101101011110101000001110101100100101100110001011011111101011000001110110110101001100010001010101111101101100100000000101101111010010010110101000011000110101011101100011000011000001000111111101111111011	1222889.2000000002	-1807.4999999999993
34	1111101011111011111101110111011111110110010000001111100111001010001100001001000011101100010101100010000101111000101001111101100111111011110101111001101011110000111100011011010111111001010001110110100010000111110111111010111011001110	1488796.200000001	-1955.0999999999995
35	0111111100010110101000111011110100010100101100100110001111110111000100000110000011100011111111111111000010100011111001001100111000011101111100010000110111100010100100001111111000011001001101000100101000000100010111010100111110010000	1260784.4000000001	-2046.6999999999996
36	0111110110010101101010101010100000101010110010000111110101110100110000010111110111111011100010011100111100100000110101101111010110110111000000110001111010101011010011001100000000110101010101111110110001100001011101101010011001000011	1245300.6000000003	-1792.7999999999993
37	1100111101110100011011100010000010101100111011010011111010010010110110111100011110100110101001110001100001011010011010010010011001101010001111011000100101111100100010001101000001000111101000101101001010011011010110101001001110101111	1213941.3999999997	-1805.6999999999996
38	0111010011101101111101000010011101000110100000000110010000101110000110110001011101001100000100100101100011110110100011100110011110001001111001101010000001001101011111010000010111110100000010101101101000011011000000000100001010001101	1154745.0000000002	-1865.0999999999997
39	0110000111011100101101001011011000101111001001101000101100001010011111001001101110010101100010011011111111011000000011000001010000100010101010001101011111000111110100000010011001001010000111110111010101100001010000110010010111111100	1109870.0	-1824.4000000000003
40	0001110100111100001011011011010000101101001101110010011111010100101101110010011010001101000111010001111000001110010100100011000000011101000011101111111011100101100011110011000001111000010000101001001101100010101011101001011111111001	1245767.9999999998	-2036.8
41	1010001101111101010100010011000001101110011111001110000101010111100100001101110000000010010110000110001011100110000011110100010111101010111100110000111010001111110111100101100001011001100011000111000110110110000111100010111100110101	1310918.8	-2031.2
42	0100100100110010001110111100010101110000011011010100111011110011000111001110110010110101111111111011100100100111010101010101110001011111011111100010001100000011110001100001100011000000110000100101110100101000011011100101101000101111	1240265.2000000002	-1798.7000000000003
43	1010001111110110011010011100011000000110000010010011100111000000101011010010110001101010110110100110010101100111111000111110101100000001001010001000001010100000100110111111100001000010001101010111111101111101001100001100000100001001	1223626.8	-1854.9999999999995
44	0100011110001001010001100111000111110111100011001011001111011110010110001001111100100010101010000110100100111111100100101111100010101110111100001111000100110010011001010000100111101110010100101010100110010011111100110010101010000101	1229719.0000000007	-1798.5
45	1011111001011110010110101100111010100110011110100100111100010111010010111110100000010101101011100010101100101001010111001000111111100000110000100010110111011011010001000110100101100010011011000010101011110010000000101100110111111101	1217316.8000000003	-1798.7000000000005
46	1011010110001111000011110100100101101001000111001111011100101110011110010101100000001011100010000001001000101101111100110110101011101110010001101000111000110111000101010111111111101100001001110001010000100011111110000101111100010111	1298870.4000000004	-2018.9999999999995
47	0111011101110101110110001000000000110101000111000101100001011110001000101001110110000100111110011011001000111101011000101110110011101000001111101001101001011110101101010110000011101100110010110100011110101111000100100110111110110111	1348375.8000000003	-2018.2999999999995
48	1001110011010101010001010100011000001111001000001010000111000000010100110011110101010000000001110010000010110011111101110101000100011100110110111101100011101101011100111110100100100110010101010010100101101011100010101110110101101011	1293468.6	-2059.7
49	1000010000011001100110111110111111010110110000110110111001001100111110111110101001111110011000001001101111110101101101101001111001100000111000111010100100000010001100011011000000100111100101000110100101010010100000001100100010010100	1252611.4000000001	-2054.0000000000005
50	0101111100100000000010101011101110001100000111010100000011010000111001000010100001000000111000110000111010011000011010000111011000100101000001011101111001110010111100001111010000100010101000101111110101011001110000110101100110010101	1141831.8000000005	-1877.5000000000005
51	0110011110101011000110100011000111101110110111001010110101010000010010011010110101001001001100010100110011110001010110011100011100110110110000011110010110010001110001010101100011110011101000001001111000101101101001000111110001101011	1221042.0000000005	-1805.6999999999998
52	1101101010111001100101011010101010000110100111011000101111001110011101010011001111111001010011100011011011111000001101110001000000111100101010001101011111000111110100000010011001011010001011110001011001101010000011000101111010111100	1208315.6	-1793.4
53	1001110101011101010011000101100011001011110011010011011001010111011111100010001010111100010010010101010011000010000101110001010100000010011100011100101111111110111101111110110011001000000001001000100111100011111010011111010001001001	1329363.1999999997	-2032.6999999999994
54	1111111011100110110101010100001111111101011101001001110110100010011111100111001000010100101101000110110111100001111010111001010010001011100000111011001010001010001001000101000110111001111011111001011100100110100000101000110100011010	1225650.5999999999	-1785.7999999999997
55	0111001100011000001111110110010111001110101100101101101111010000101000110001101000101000010011001001000100000010010101001000010101010001111010010100100011110100010011111100101110011000000011101110111011100001111110110100110101010110	1192668.0000000005	-1820.7999999999995
56	1011001001110010010110011110110110000000001101011000000011110011000111001110110010110111111111111010100010100111110101010101110001110110100011110100000010001111011001110100111001101110100110110010100011111001000001100001001101110101	1263155.0000000002	-2018.0999999999995
57	1001001100001111001110011010010000001101100110100011100101100000111000100010100101111010100001011011100010010000001100011010011000001010110001000110000000110010100010001111110001101010010010000011000110110110000100111010100111110010	1043373.0000000002	-1886.7999999999997
58	1000000011000001111111010011101011100011010111001100100010010100011110101001000110110001010111000000101000101001010110010000100111110111110010011011011000010000111110111110010000001011011111100101000000111111010001110011110011010010	1287092.2000000007	-2045.6999999999994
59	1001011011000000010110101010100111111101110110010000001101011101111011101111010111011010111001011011000000000001000111010011101001111001111101001001011111011101111011001110110001011001011110000000101010101000010110001001101101000011	1324216.0000000002	-2025.9999999999995
60	1000110110011010001111100111011010000001110111110101101110000100000000111100011000011000101001110000110100111111110100100110011111010001100111111100001000000111100111011100100011010010000001000110101110000010001001001001000110001111	1242368.8000000003	-1837.6000000000001
61	0000001100101110111000001001100011010000100101011011011101100101011011010111111101110111111010010001011000001010100100100001011010001110001010010011110011101011111001101101110010101010101101101100010001111010101001011111101010000111	1278097.2000000002	-2026.0999999999997
62	0001101000111101001101001100111111001110100001001010111101010110000010010110110000011000001111010000110111101110110110011111011111001001100110101110100011010111000000101100100011110010010011001110100001100011100100101010011010011000	1214890.2000000004	-1807.2999999999997
63	0100010101010011110000100011001010011001100010011111110101010011010010010101111101000010100011101100001101110001100011100011101101001111001000110000001010111101011001101010000000011110000000111000000100010100101101111010011100000000	1164704.8	-1870.6999999999996
64	1010110010011010101001001110110010100001101100100100001100000001000100100100110011100001110000011011100110110101101001000110110011101101100110000101001011100110101101011110110111011010001000110001111010010101011000100110011011100010	1248440.0000000002	-2069.499999999999
65	0111000101110110110011111001111000010111011110111111001001100000101010001110000101101010110110100111100110010011011110101000001110100001100011001010111111000011001111101110100110000011011010100101101010010100100111100100001100110111	1392581.4000000004	-2021.2999999999997
66	1001011101010101111101101110000101110000000000001000110010011000100000000011101110110101101110111011101111100011100000011010110101110111010011010000000100011100100111011111100010011100100111100100001100000010010001111011001010110011	1274103.8	-2058.7999999999997
67	0010101101000111110011110110100000101001010001101001011001011111011111000111111000011010111110111011000011011011110111000010101100001011100110001001001111110010110000000010000100010110000111000110110000000010100011111011101010001110	1174203.8000000003	-1814.9000000000003
68	1011001100001111010010001110011100111110011100010000001010000110011010100100101011001111011010001101111111001001011010111000101001001101101010001001000101111100011000110101010001100111011101101011001101100001001011011101001001110100	1243837.0	-1808.2999999999997
69	0110011111100110100011000010000010100010101011111011011000011011111100110001000111011101010001110111001101111001011000101101111011001110110110110111101011100111010110100101101111000100111000111101111100000110010110010000000001001111	1375074.8000000003	-2007.6999999999996
70	1001000000100001011000111001011000100100011011011011001110010010101100110011101100100000100000010101110011100001010011000010100011101000001000111111011101101110001101111101111010101011000000010001110001100010101001101101011110011001	1232505.2000000002	-1842.4999999999998
71	1110100001101000110001111010100101001111000100010101100001101111010001010010011000110011111010101010010110010010001111010011100001011011001010000010010000010111110111011111101111011000000011010011010000111111010111100111100001101011	1299964.2000000002	-2036.4999999999998
72	1101000001001110100010010110110000101111101000011010111100111100110001101101111011010001001001101101111011001111011001110000101110101110011000110001011011000100001000111101011000101000000000101111110000100111011110011001100001110001	1253812.2	-2042.3999999999992
73	1101010111010111001100110011100000110000110000001010011001111001000011100010010011010101101010011001000001011011010111111101110010011110101100111100111111010011101101001100110000111010011000101101100111000001011110000101101110111000	1312577.5999999996	-2033.1000000000001
74	0110110111110001011011011101101011100000001110000101000011100010010011001100011011011101110110011000111001010000100100010110111001011010000101011011111101101100101000001011011011011000001000000101100101011001010010110011100011000000	1188124.0000000002	-1839.3
75	0010110101101000011010010101100111111001000100011111010011001000111000101001100001110100101001101000001110101110101001010101110000001001011010111101011000000000111101010111111011000111110111001110001010111000001001011101001101100101	1263409.4000000001	-2054.2
76	0111010001000001111011011111110100000101000011000011010010010100110101100111111101111110110101111010010101010001111100101001000111100010000101111100111001011001100000111010110100011001100111010000000101001111101110110111111011010110	1282217.0000000005	-2015.8000000000006
77	1011011001000000101011101100110000000011010010011001000000111010101110101000011001110010101011000101101011011001110110100010101111101110011011110011010110110111101001110110010011101111111011001111100000001000000101001010100101101111	1345003.6000000003	-2027.1999999999991
78	0111100011110101100101110110000011100111101011000111000010110101001000011011010010011010101010001000110010110001110101011011000011111100101000000000100011010110101100010010000011100000101000011011010010001110000000001000010101011100	1083931.6000000003	-1866.1999999999996
79	1111011111000100101100001100101001011010001000100111010000100100100010110110100011010001011101111000111011101111001001010011101000100011101010001110000011010001101101110110001001110011110001110101101010000110010000001001101101010000	1220777.6000000003	-1838.1999999999996
80	1110101011101010000001001001101010101010000100100100100110011101111000101100001001000011110100111000001010000010000001011110001010110010001001011010101100000100110010010110001011111000000010100010111011100001101101010011100111011010	1034816.7999999999	-1877.9999999999998
81	1001001001001101011000100111111010110010000000110001000111000011011100001011011110111100100011001001000100001110111100111001001100010111101111110001001101010111101100000000100010001000011111101101101101100001011101100111110010001001	1160114.6000000003	-1823.3
82	1101000000011001100101111101010110100111000011000011010011100000110101001010010101111000010011010101000100001110001010010001100110001000001111000111111011011010011000010011010001010010010000010101111110101011011011011001001010001011	1140452.6	-1850.1999999999998
83	0011010101101011101011111011011011001101111001001110111000001010101001010111101010000000101010110100110011110111110110101111110011001000011111010110001010000001110100010000111011010011001111101101110001000011100010101101111111110100	1238826.6	-1763.0000000000005
84	1110110101111000100010100011101110001110000111010100000011010000111001001110100001000000111000110000111010011000011010111101011100000111111111101010010110000010100100001111110010011101110011011000111001101000110000100101111110000010	1223134.5999999999	-1834.6000000000004
85	1001000101100001001110001000100000111100010010110001101110111000001001101011001111100100110010011011100000010101001011100100001110011011000111011011101001011000000100011100010100101010100010111101101111111101000000000010010011100011	1143446.7999999998	-1856.799999999999
86	0111100011000010011011001000111111101110001100000011000011010111101000000010000101101010101010110110110110000100100010100000100110000011000001011101010001001001111110010101000010000000100000110101110010000110100101110111000101000000	1067543.2000000002	-1898.5000000000002
87	0011101011000011100101000110011001010010000110000110101001111001011101110111110100111111000100100100011001001001011000000000001001010010100101111100000111011111011010101101110000010101001101000101100110010011010100011010111000001011	1187123.6000000003	-1841.8999999999994
88	1100001111001100111101011001010110111110110100001011000111110110001110010010100111011101110100010110001100011100000011101101110011001100010000000001110111110011110001100100000001110101010010001101111011011101100101011000110111010100	1210486.2000000002	-1799.8
89	1111101110110010000101110010011000111101101101111110101101001100111110101000101100100111100111001011100010111010010101000001101010101001100001100111001000101110101010110101111100010111010110110100100111111010101010011011011110101101	1341124.4000000001	-1980.4999999999995
90	0000000111001000111100010110100010110010011110111010000110010011101000010000011110110111010110110000111110011010000011000101001001010100010101100010001101101100110001010101000101101000110111001110101111001111110011110011101001010010	1145976.0000000005	-1824.1000000000001
91	1110010101111010111000011100111101100101101101000110101011010111011110010100000010011101010100111010101110100110000001100001111001010110110000011110011001011011101010100110100001000100100100001001001010011011111111101100100010000010	1226692.2	-1812.3000000000002
92	1000000000001111011010101101100010010110101100000010111111101011100100000110100101100001011001110110100000001000010110011011101011001001011100111000111100100011111000100011000110001111000111110110010110010100100011011000011101101011	1183705.4	-1831.6000000000001
93	1001000100011111101001110110001101000101010011110111100101101100101110101100001110001100111000101110011011000000010101001111100000010011101111100011111101010000111101101010100011001100111110111000101100001101000110001001110000001101	1287095.2000000002	-2040.1999999999996
94	0100110001010010111000010000111101000000000010010000011100001010001111010111111110110010111111010011010100011000111101111101110000101110011011111110101011110000010010011100001011001101111001101110001010100010101110101010110011111100	1261226.2000000007	-2026.4999999999998
95	1010100010111100110010100111011111111100100010111000011110011000111001100000101111001010100101000111111111110000000111011010101001100001111000000000011110110001000100010111011000111000110101010111111010000011011001010000011101011011	1234454.6	-1805.8999999999994
96	1011101001100000101100011101001110101110100100000000010100101000110000010111011101011100001011101111100111101101010110011001100000010001100001101101000000011101000111111010101010101010010000101010101110010110001001000100011100000100	1173775.0000000002	-1861.4999999999993
97	1001001001001101001000100110010111001111011100101111111100011000011110010001011000100101011010111000101001000011001110101000110001101111100110101111111001010111010101000100010111101101011110100011101101100001111100100111110010001001	1243619.6000000003	-1786.6000000000001
98	1001011100111001111111000011000011000111000001010001110001100010100011000010100101001110111100001111100101111100100011010111101111001000000011101011101001000100100000110110111011010110111111110100001010000110000110011111011100110101	1240484.8000000005	-1807.8999999999999
99	1101110011100100000001011100000100101100110110010110011101111001110011110101111101000000100011011001100010110010110001110011010101010111101001110010010011011011001001011000111101011010100011011111001100001101011101100111100101001101	1228167.8	-1788.6999999999996
