SOLUCIONES INICIO 

0	11000100010011001010111000001110010101000000100001001110011010101001101110000011010010100110001010000001111101011000010001111100100000000101101011001101011111011000001001100011010000010011111011100011110101101110010011001010111101110	1046611.7999999997	-1856.8999999999999
1	10010000011010111110011000101010001111111111010001100101010111101110100110110111001010011000100110100101010110100101100111000110001100011000111001111001010001101100100001100100001011101010111101011010110101010111010010111101100101111	1176028.4000000006	-2019.3000000000002
2	01100100001001000100100110101010011001110011011111011010100001111100000101101000010111100111010101001101001110001000110101111100000010011110111110110000010011100100000010001101111001100110011100001000010010000101010000001110000111100	1030293.4000000001	-1872.6999999999996
3	00011100000100110100011011000000001000111111111111010010100111011100000010101111011001111000001010110010111001101001001101010011111011100001111001010011111101111000000111001010100011010001111100101010111111011000111011001110001110001	1236925.8	-2031.2
4	01101101100100000101010110000011001010010111000101011010100011111010101101110001101011100101000101011000000100000001100000100111101010000010110110000110101011100100110010101011101011100111110100111000010000000101101000101010001111101	1059557.1999999997	-1861.2999999999993
5	10100010110100010111001000101110111010110111111011001100001100111111101010111010000110011000001100000001011011010100010100110000011000101101100011111100010100100100001010010110111011011000000101000100010100111000001011011100110100001	1074514.4000000004	-1845.2
6	10111011110110001110101001001111111110110000001110111000100100001111111100100000101101111101000001110101110100010001110101101000111101010011011101111010010101100001000110110101111011000110100110101011001010100110010111011110101101011	1291083.0000000005	-1999.7999999999997
7	11111000110110001111111100000010001001101111010010110100001111101001000111101100101101000000100011101011110110010100010010010010001011111011000000011111001110110101000101000000010001011001101101110100111101100101111001011110001011010	1146473.1999999997	-1806.6999999999994
8	01011111110101001100111010100101101000000011101010000010010000110101010001100010010100011101111100001110010010100100110000000110100110101111000011000100010110011110110000101110001011010110001011011111110010101100100101111111110001001	1114481.0	-1836.0000000000002
9	11010010000010001110010111010010100000110110011000110011111111001011000101010100011101100101000111010000010011000001100001010010000010010000110011000110101000001011110110011010010110100000110000011111000111100001000111101100011000101	1089960.5999999999	-1889.6
10	11010101100000001000110001110101011011000001001001111001100010101001011000010111110011101100011110000011011001000110000000011001010011000010111011100101010010001100101001100010111011100000110101111001000111011111100100010110100011010	1037247.2000000002	-1863.8999999999999
11	10111100111011111011011011100100110110010000110010000001111000010101111001101110011010101100001010010110011111110011111110000011110010000000001100101001100101010000100011100000011101101101111001101101010001100011010101011010001101000	1138875.8	-1819.1999999999996
12	01000010110000100101010111011110011001111001110010000101111101101010001110011011000000101001010101111101010000111110000110011011110100001000101111011100100101000101111011111001001001101011110011111011111101010010101110000000011110110	1318328.0000000002	-2024.4999999999993
13	00111001100000100011010011001001101000011110100011111110001101100111111100111110011100000111011000010011010111100101000001110101011010101110000000001010010011110101111001101101101011000101101111001111010111111001100001101001110100110	1262708.6000000003	-2027.7999999999997
14	00111010101100011000001011001000000011000000000001100101000000001001100100101011111111101101111010011011011101001100010010100111011100110101111001101000101110111000010000101000001110110111101111111011101101011011000101000011000011111	1119719.6000000003	-1829.7999999999995
15	11011100010111001110010111011111110000111100000010001100001011101000110001010101010000111000101011001010011000101010000111001101000101000001111110100100110010001111001010111011110111010001011000000011110100111111001000000001010001000	1145713.4	-1847.2999999999997
16	00100010101011100101100000010010011000000010111110111011001100101111111110001001111101101010001001000100100101001110100101100010101101101111000101101111100110111010000010111000011111011000110010010110100011100010110011011000001101001	1186447.1999999997	-2057.4
17	10010110010100011101101010111101101100000110001100010111000011101110110110011001001000000011100110000101001001111000101101001101000110110000011100111110000010001110101111100001111010100001111010011111101001010010001000110110001111011	1180810.2	-2052.2999999999997
18	00110010100101011110011010010100011101001110011111110111001111101011111111001110011010011110010000010110111001111110100010000101101101001100011011110011011010010011110100110101001011001001011000110100010011010010001011010000001001111	1285405.4000000004	-2022.3999999999996
19	01001100111101000111100000010001000010001100011101110011001100100001101100001100111111101100111000000010111000110001101111111111101100100010010000100101011101000111001010011011100111001001001011000100000011010001010100111001111011111	1180727.2000000002	-2070.7
20	00011100001110111001011001001100111011101010001111010101100111100100010011010001011011110100111010001110110001111001010001011010110110101111000001001111010010001011110110111001011101100011111111110101101010010001010010100110101010000	1311421.8000000007	-2025.3999999999994
21	00110000011100001100011110110101100110000011010111010000100001010110101001110101000110000100010011100000011000000101100011110100000000000111001000100010101010100100110001110110010011010001101011010010000000110010000111001101001010001	960074.3999999999	-1914.1000000000001
22	01001011100000001110000100110110011001011000110101111010111011110101011010111000011001111111001111010000010100000100001000101000100100001000101010110100100010111111110011001100101001011011010010001101111001010010001010100011011100110	1116532.2000000004	-1850.0999999999997
23	00011111100001111001011111110000010101100001010101001010100101010011101001110100111110100101110000111101001101101010101110110001111011110101110100100001101010100100011011011011110000110010000101100011100010111011110001010011000110010	1269293.0000000007	-2035.4999999999986
24	11111100101100011011101001000101011111000001110101001001001110011101010010100001001111110011101010101100010111000101001100101100110110001010100000111101010100000011010100110011000101010111011001111110001111000010001011011000001110100	1164932.1999999997	-1819.6999999999996
25	00101111010101111111010111111010110111100100110101010010101001101100001011001100101110010010101011101111000110111001111110110111111111100110001100110011101111001110110111010100100001111110101011011011011011010001101101100111111110110	1475455.0000000007	-1929.8999999999996
26	01110001010110101100010001101001010110001011110101110110111100011011110101110101110000101001101001010010100100100000001011001001010101000111000000100001111011000010001100001100000001111010011000001110011110010111100100101111111011011	1059280.5999999999	-1835.1999999999998
27	01001101000101001110010010011001110000010011010000000001100000100110010101111111001110111110110110100001110111011100100100011010111000100010100001111011000000001100000101100001001010111000000000011011001010111101111100000110011011110	1028025.0	-1864.7000000000003
28	01011000110100100100101111000101010111010001101010010101100101001001010101010111011111110100001010011000010010111001110100110010010100111101111010101101100110110110111010110110001000000110011111010110000111101100001001010000000000111	1234552.7999999996	-2061.9999999999995
29	01001001101100110101101010100100001101011010000011110100100011011010100010101100101100111101010111100010111110101101100011000011010010100001111101101010010111000100000110101011101111101111000101101110110111000010111001010000011010010	1176050.4	-2045.4999999999989
30	10111111000010000001010110001101001011110100100100110010001000110100010001000011100100110101101010010101011100111010110111100100100011001011111100011110101001001011101011111100000110110111110001000011011010100111001101101100111001011	1297276.6	-2038.8
31	01101101010111011011100011100011111000011100011101100100110010101011011100111011111010001100101101010000110101010110001101011110101101010111110100001011010110001001001101101110100111100011110001101010011110100000010010000111000001100	1286811.6000000003	-2034.0999999999997
32	10010111110001101111100010100100101111111010111110010101101010110101111011110111111110100011101110011010111001101101010010101101001110110001011101010100100100000100011011010111010011110000100001010000110011110100101101111101011111011	1289581.9999999995	-1977.0
33	00001100110001011100111010000111000010000101010001001101011010011101101110000110000101001111101100001000000001011100110011011111101110101100010011111001100001110111100001011100110001010100110001101000111111001010111101001110011110110	1193726.8000000003	-2056.2000000000003
34	01101011111100000011001001000001111000011001100000011000000001011111111110100100111111100110011011000000100101100100100011110010110100111111101111000010111110101101010100010100110110110011000100100100010101100101110101010000001111010	1168146.5999999996	-1832.7999999999997
35	00010100001100011100001101101110110100001011011100000111000100001000011011011101010011010101010001001101001110010010001101100101000000000100011110000001001011010111100111000101101111110001100111100010100000000001101101010000100110010	1026910.1999999998	-1885.5999999999992
36	11111000111001011001100111101101010011101111001110011100101010110101010000111000111000100000111101101100110110100011111100100101110000100110111111001001110010010000000010100011000101110011111010100010011011101000010110110001111101110	1173967.6	-2026.8999999999996
37	10010111011101001010101101110101101000101101000101001110010000110011100101100100110000000011100001110100001001011100110100110001011001011001000001010101110010011010000110110000011011111110110001111100010100010000110011110010100111010	1109233.4000000004	-1843.1
38	01010101010101110101110100001111100111111101011011011111000111101011000101110111100101010111111000011111100110001110101001001101100001110011100000101101110101110011100111001001001000100001001011010111110001111010001000100100101000101	1301445.4000000004	-2009.6999999999994
39	01001011000010100011111000010101010111000110110111011001111010110101111100100001101100000111001001010011111011000001001001111000100000010000000111010001001011001011110111111110010001100100011010100101010100010111001010101111110000100	1228065.8000000005	-2068.6999999999994
40	01110101100011100001100100100001111111000000011111001110101110011011111010011111100110110001111111111001110110111100010011011110100011111100000111100011010110010100101111101011111011110111010100010000010011000111000100001010010111001	1365298.6	-1993.4999999999998
41	10101000001100100110110000110000001100010111100011111111111100101110110010100111110010001010000011100111110110111001100110110000100011010001101010011101111110011011010110010100011100100000100101110110000110001001110000001011010101001	1235603.8	-2056.9999999999995
42	00011100110011100111000001001110111101000110111010001001100110000011101100011010011001000100010000100011001101110001100111010111011101010010110101000011000010111000000110110010101101110011100011111111000111100101010011101100010100000	1119997.0000000002	-1838.1999999999996
43	10001101010111011110010101101001111100110010101001001011100110001110101010010010100111110110001110101110111101110001111001100101100111000011001001101101100010101001000111101010000000011110000100011001000010100100111111000111111001000	1238114.2000000002	-2045.6000000000001
44	10000110110111011101110010000110111101000101011010010001010110110000000101111010010101001010111011010110000110110011110100000110001000000111111111000110010001100110010010001010000100100100100111011010011001001000111110010000010001001	1076917.7999999998	-1855.1
45	10000000001111000100001110000000011111100011010110011010101010000100111110100110100100010010101010000000110011000110000111001011001111111001101001010000001100010000010011110100110100000100100111111111000101010100001111101100001011100	1051195.8	-1867.0000000000007
46	01000100001001110010100000100100100000100101110001110101101101010101110110010100010111110100010001111101101001100011010101000001010101100000010110000000010011100010101101111101100001011001101111011100001110110101000101001010011011010	1131045.8000000003	-1863.9999999999995
47	10000010001100110101010111111111101111101010000010110101011001010110010110001010010000011001010100000100010111110110011000001100000000011010100100010101111001000111011000110100111110010001010001110111000110111010110101100101001011010	1123044.8000000003	-1842.0999999999997
48	01010111101001100100001100010110101001010110100101010010100101111010110010001110111011111100001110111110111001100011100001110101000111101101111111100101110001010010011011010101110110110001000101000101001000010100111100001101011000110	1251914.3999999997	-2039.6000000000001
49	10000100001000001001101110010010010101011110110101010000000101101001010001100101110110110101101011101100011001010010111000011000001001111011100000111110010001010001000010001110100010000000111101010011101111000000000110000011000011000	988088.3999999999	-1895.5000000000005
50	10001100110111000000010101011011111010011001100011011000011110111010011011001011101101000010001101111011000011010010010111011101011101001000011010101000101111010111101010000100001100010101111011011011011111000100011100010101110011010	1189709.1999999995	-2032.1000000000001
51	00000000011110100010111011110010011101100100111110100111111011100001110111111101010100010011110100101101100100101000011000100000011010001111011010001101100111010110000111011101011110100001100001001001011100011011111011101011110100010	1228202.6000000006	-2031.4999999999993
52	11010100111011111111111000010101100111010100100000101001001101001001110001111000011101010011101010100010101011110100001101110110101111110110001111001001011010010001111011001010110110000111110001100010001110101011011101110010010000001	1316832.9999999998	-2021.7000000000003
53	11001101011001101100001111000110010010100101001111111011000001010011001110111110011111001110100110110000011001101011000011110011111100111000100000010001110101000011001111011100101100001011100110000010000111101101011011000111111101010	1254315.8	-2035.4999999999995
54	01011001101111010010010100000011110110101101010110001010100000101101011110001001100111111101000111001110010010101101100110011111011110110000010000000010101111100110010111000010000101010110100001010101100100101101111011101010100111101	1177481.4000000004	-2049.7
55	10101111010100101111101001111010100110000101010111111010001000010011011010101000111111100010110010101000001001000110110000110011110111001101100110000010000010011101110101101101101111001100100111100110101010000110010000100000001111000	1201090.0	-2056.3
56	10101110100011100010001111000101111110110011101100101101011110111000111110100111101010010011001001010011110110111100101111100001000000101001110110100011011010111000110000001101011100101100000010011111011111100111011101101010111111111	1242477.6000000003	-1975.5000000000002
57	01000010101111000001101011110110011110100000111100110101010000100001001010010000001100100100110110111111111001101000100111001000100011001011110011100110001011101011100011111101011110000011010000110101110011001010000000100000100001110	1221993.600000001	-2085.099999999999
58	10000011011010011010110001110111000111110010111101110100001001110001111100010101001101011111001001010100101001100010110001111111010001010000101001101110111010110111111100101100010111111011001001100100000110110110010010111011011100100	1324904.2000000002	-2015.6
59	11000101010110111000111101001110101111011000011101110111110100001010100111101001011001011111110100011011101011100000000100111000100001110011101111110010000011010010011001100100001010010000000101101010110101110100011001011111111101100	1206013.4000000004	-2035.8999999999999
60	01000111010010100011100011111101101000111111010101011110010011111101100111000110011011100001110011100010111011110001011100011100010000111110011111110010010111001001000111101111011001001000000010011001000100001011011101111010000110111	1302061.2000000004	-2018.7999999999993
61	00110011011101011101011111101100100110100011111110111010001011011000100111111111011001111110111000111110100011000110101110001101100010110110101011010010011100001100010110001010010110110100001100001000101111010010011010000101001011000	1242689.6	-2023.0000000000002
62	11101000100001001101011011000110011110110110111101011101101110000010111100001101100010011100100000010000000001100111100010100100001011110010101100010001010011001111110001010010000111001001101011100010101000010101011100011001011010111	1110328.3999999997	-1841.3999999999999
63	11010101000111000111100001000000100001101011101100110110110100100011010100000010100101100111100011010000000011111010001100001010110011011000101100000110100101010101010011010101000110101110000100110011111001001110110010011011101010111	1123926.2	-1850.3999999999994
64	01111110101101100110101101100101111001110100000000110111100010111010001000010110110110000011111100100100100111010101111001110110000011111011101010000000111010100111110111111100011101010001000011100000010011110010111011110011011010100	1370906.0000000005	-2023.8999999999992
65	01011001010011000010001011101110001101001100000111001001010100110100111101110100111111000111010100100011101000011011110101110100000100101010001010100010100001011000011001001100101001111110101000101011001100010111000100110011011101101	1078955.6000000003	-1845.8
66	00101111101110111110100001100001101001101001101110111001101100001010101100110100101000100010001110110011000010000000010001010110101010000100101001000111111101011010010001010100011110000111000100111111000110011111001011000101101101010	1076483.0000000005	-1835.8
67	00000111101010001111001110100001111111110001001001101011001101110110111111110011010000000101000110000100010111110100000001100110001110011001000110001010111101111110000101101101111101100111101011011011100001110111001010110000101010010	1191630.6	-2034.2999999999988
68	10010111110011110011111110011101011110101101001111111000111101111101100111111001110011101000110001010100011110000011101110000100100110101110011100101100101111011010100001010101011011000100100001110010100011010111110010010011001010101	1246553.0	-1994.0999999999995
69	10111000111011000110010011101111101000001111101010010001100101001100001010000011010101010011000000011001010110111010101111100000000010010101010110111000010100011010000101111110101101011111100111101101011001111000001100100001011100011	1180351.4000000004	-2058.1999999999994
70	10001111101000001111111110011101011000010011101000000010101100010011011010000100111001001010110111010111111110010010000001010010111100110010100111011101111111100111101110111011101001101010000110010001100010111000110011101110100110111	1381399.000000001	-2014.5999999999992
71	01101001010000110110110111111010001101111101010010101000001010011011110101111001010110011101101110111001000011100000110111111010110011011000110011000100001110101011101111100010100000101111010010000111100100100001000010010110010001110	1275216.0000000005	-2047.299999999999
72	01111000111010100110000000001000001010000000110001101010001010110001101001101110100101110110111111001100011011000000010011111111010000001100000001010111001100011011100011000010011010010011111100010010101110001100111111000110101101111	1070268.6000000003	-1847.2000000000003
73	00000111000111010101100001101000001011111001011101001101010000000100100101011111100001100101010100001001000111101101001110100000111010001001111111001100100001000101011010101111110010010000001101110100110000110001100011010000011001101	1136195.8	-1867.0999999999995
74	00001111110111010001111010000000001100100011100111101001001001010001101110111000110001110111110000001110000000110100110011010001001010001101000000010011110100011000100011100110110000010001010000111110100110010100111100110001000011011	1013084.3999999999	-1870.8999999999996
75	10101000110110110000000101111010011100110001010101011111001011101010110111011110110000110101111000010100011111010010010011010001001101010101101100000011010000101010000110001000001011110010101110011011001110101100010001101101100010100	1088102.8000000003	-1831.0
76	10000000010011010010100111111111011100101001110101000010111010100010010101110000010111101001010110101110010010010011001111110001111101101001111110010001001000110010111011000011001011011110111100011111010110001011010101101100101000010	1214850.6000000003	-2038.8
77	11001010111010000000000000001011101011111000100111100101010001110111111101100010011000100000000100000000000000001001110011001110101110010110010001000000010101110100010100100010011100100000110111100010101101000111001101010001100001101	927225.5999999996	-1908.6999999999996
78	10001111010010010110010110010110110100100011010100111001000101101100000010010111000001101001100110010110000001101101010001110111111001100010110000111001110110000100011001101111110000000110001010100111100111101011010101001111101000101	1155115.2	-1835.1000000000001
79	00110010011111111101101000000000001101000110010101110111001110111000010011011110010011011011111001110111010101100010011000111001010100100011010011001000010110101011100001110111010001101100011000110111000011111000011011010000101010100	1185607.8	-2048.3999999999996
80	01100001101111101101011011010001110101011011110011010110100001111111000101111100110110110100101110101010110001011010101111001111100001101110101011011011001010101111001111000101110110110111100100011010001110001000100000010111101001100	1324268.5999999999	-2000.8999999999996
81	11101111101010001101110000001001111000011101100110001010011000101110000111011110110000111111000011001010110111110000100101111101000101101000110110100000010001001111001010110011101010101001111010001110010101000101101001001010100000011	1178260.4	-2057.499999999999
82	11000111100111011100011100100010010111101111010001111101000001111011100011101111101001001111111111101011101000101001010100011001010101000011000111100011011100011111111100000010101100000110001101000001111000000010000101011001101111101	1254158.8000000003	-2029.6000000000001
83	01111111101100001011000101000110010100100101101011010001001100010000100010111110110000100011101100111101001000100100100001110011010110111000110001011000110111011110011010101101101111101000001000010011000001001011111110110111010001000	1164443.5999999999	-1833.8999999999996
84	00100101001110000001111110100000000100010110001010001111100000001001100001011101001011101110000111101010010101001000101010010011000111001100011011000010100000100000010110110110011101011110011111001100111001010110000001110101101001101	1048184.6000000003	-1872.4999999999995
85	10111010101110001111010100100110000100000011100011101001001111100000010000111010110111010100111000011110001101000100000110000111010111011001001010110011101001100100101100101011111101100000011010010011100111001101100101011000010001011	1140296.1999999997	-1836.6999999999994
86	11101010101111111000011000011010110100000101011111010000000001111010011101111110010010010001100000010010111110000000111111010000001010011111110110001101110011000110000111110010110010001100010111110000001101111100100110101000100101011	1209603.3999999997	-2050.099999999999
87	10101000010011000000101011010101101100000010000110111100010010100100011010110000101101110011001000110010011111111010010101011001010111001011010110101000110100100100011111011001011001001110010110100111110001010001001011011101000011010	1240202.4000000001	-2072.199999999999
88	01100001001111100111010101110001110000010011011100100111001000100010101111000000001111000010111111100011011110000101000110110101111101010000010010110000000000111011100110001001000010000111100110001101000010010111111101000110101110111	1128010.4000000006	-1838.3999999999999
89	00111010001100001000011100111100001110010101000011101011011011110010101010000000100000000000000001010101011100100000100011100111101111101101100001011110010111011110111111010000100010111011010011111011000110000110101011110100110111010	1255334.8	-2058.8
90	00000001010110011000101111011010110010001011110111000001100000100111111100010111010100100100111110100101001000010010110010010011111100110101000101111101101101000010110010110010101111101110100000100101001110100010100010100101110110000	1149889.0000000007	-1842.9999999999998
91	00010010101001000011010000010000100100000010011101010001111101001110001000101010001010100111111111000011110001101100100011111011010010100010111000001100111011100000110110100100110111011101001100011011011111110100010011101111110111101	1169807.4000000004	-2055.7999999999997
92	00101000000110100001000101001001001000001011100001010011111001101001010101110011000010010110000111001110110000010111110011010001110110101010111000110101111100101001001011001011100001000001001101110000111111101110100010111000111110011	1153060.4	-1845.7999999999997
93	01100111111001100011110010011101110100100001011111000001110010101111000010000110010011011110000110010000101000101110000100110101111110100100001001111001111100001011001100010011111100010100111010101001011001111000010111110010111000100	1158812.2000000004	-1826.3000000000002
94	11000010011111011010110001011101010000000110010000110111101111111100111101101011001001001010000111100001001111011110010000101000010111111110010011000101011011110000000111110001111001110110100111001100010110001101011001001010111110011	1240914.6	-2025.7999999999993
95	00011101110101011010111100101010011010011111100111010100011010101111011010110110101110100011101111000001011000010111011000100000010110111111011010000110100010010010000100101100111000000100001111000111010010101100000100101100010001011	1092637.5999999999	-1823.6
96	10111010010111110010011000110110001110100000000011111110010011000010010100100100110110011001011000100010110101111010100001100100010011000100011001100011111001011000101001011001110100010010110010100010100000010111110000100001011001011	1086948.7999999998	-1864.2999999999997
97	11100001000010101111111100011101101011100000110010101100000011011110101100011111111110110000110010111110001010000010111101111100110010000110100101101100111010100111110100000011111110001001001111100001000010001010001100011000100011110	1196258.6	-2041.1999999999991
98	10100100100010000111100001010101110001110000000011000011001000011001001001010010011011001000110110000011100010010000011101111100010111111011100001101110110111100010111100010001111101010011101000011100111101100000100101100100001111011	1157794.2000000004	-1852.5999999999995
99	10001111010000100100110101100011001001110001100110000100111010101010100010010111110111011000000110000001010101110111111111100011010111111111101110001110111100111101101010101000000010111011100001010000110100111011111000110101111001100	1342546.4000000001	-2024.3000000000004
