SOLUCIONES FiN 

0	01001101100110110100010111100100001100000011100010010011010001111011001010101001010011011100011001110011000011110101110101010101001100101001001100011101001101100010101001100100110010001111011100111110011000100110011000011010011000111	1202024.4	-2068.100000000001
1	00001011011101100111000101101011101100001000110110110101111101100010010011100101101001100001111011011111011001101001001110111010011101111011000100000001011100111010101111010101100011101110001101000110110101101100101110010100011110101	1360371.8000000003	-2002.7999999999993
2	11000110010110010100001100000000010100010111110010000010011100111010001000110111100100101100001011111110100010001101011001100010101110010011011000001100011010101101010100100101111010001110001000000001000100101100010110000011111111110	1115416.1999999997	-2098.0000000000005
3	00111010111010101001101001011101010101000011010111101000011000110011100010110110001000111111010011110001111001101111101010101111111111000011100111011010100101111000010101111111001010000110010100110010010011001111111000010100110000101	1387139.0	-2009.3000000000004
4	11111010111011111110101001111101101101001110000110010001100101110011110111000101110110011011010010110100110101011110001101011001101110010110110111110101010100111011000000011111111101000010111100011000101011101101000101100101110110011	1365367.8000000005	-1965.7999999999997
5	01011101011101000000110001001101000011100110101010111101001110110010011101101001011100011011011001101101000010101000010110100111110001101101111001001000000100011011111111011000110010110001101010010010011011111100111101011011110101000	1362152.9999999998	-2023.3
6	00110100100000101000110110000011000100111010000011010011010010001000111111110110000000100111111101000001110010111000101000010001101111011110010110111100111110011011010100101001001100001011100001010111111000111100111100110110100010111	1266302.1999999995	-2058.6
7	00011101100001010000000100111000001011010001100110000100011000111000100010101111001001010111110101100100001111001101110001111101100100011000100110010010011011101000011101000000110001111011100110010011100001010001101110001001111110000	1135766.0000000002	-2098.2
8	01001111000011001100110111000000010111010111000010110110101011110100111111111101100011000000100010100010000111101000011100101110011110101111000011110101001001001111100011110001111100001101110010000111111011100101100100011011110000000	1300596.7999999998	-2032.6
9	00011011011111110001011001001111011110000111100100001000111101110111101010100111100111101111001101000011100100100110110101100111101001111100011101100011100000010111001010010111111101111101111101001100111101110100110101100101101110010	1368927.6	-1976.7999999999997
10	00110100010101000100011111100000111110001010011110100100011011011011010110001100110001111111100110111111110001110011010001011110111010000100001101111100010111100100011111010010101000001011100011100100011100011111100011011110100010101	1354733.9999999998	-2027.6
11	01101100111111110011001100101111111010111100001111010010001100000111001001101010111111100010011110100100000001000111111100110111111010000100010111100111001010100011011101000111101011110100111000101011111100000010010101010111100001111	1325884.9999999995	-2005.4000000000005
12	11111110110000000000101001010110110010111100000111010100000010100001000000100010011101010110001011010110010110100110110000000111010101110010010000001100110111011010011010010010010010000011111101101100011111110110000110000101110001110	1136213.9999999998	-2092.5999999999995
13	00101111010110011100000010000000101010110110010000001100010011111011110110110100010011000001000010101111011010110110110000101011010110001010011101101101110011000001010001111000000010010001110000101110100111110100000111111000010101101	1232818.2	-2081.9000000000005
14	11010010110100010110010010000100010001011000110000011100101010001000001110111000011111010100000000010100111100001101110100010001011000010100110100000000000110110010111010101110101000011100110001000100111110010110101111110000010011011	1118013.8	-2119.5000000000005
15	00010100100101011010000101110011101000101101010011000111000101011001111011000001100000100110001101111010101000111100001011100000110001001111110101101110101000000100111111011000101000101000101000111011011011101100001001000011100110111	1281816.3999999997	-2077.5000000000005
16	11101110001001101011101001000101000010101100100100100000100101000100000101101010011011101111100001010111001010010000110111100101101111001001000000110111100110010010111101101111110000001011100000111111100101101010111011101000100111011	1291199.8	-2057.5
17	01001100010110110000010011011100001111101110010001000100111000000001011010110110010010010011000010010000000101100101011001011101100001100011011010001010010001100010100110011011101110101001010110011010010000011001000011010011011001111	1093163.7999999996	-2104.2999999999997
18	01100101010101100000001111100100000111000110010100000011110011001001111100101010101000001011001100001001101011100000000110000010001011100111011010001000011101101001101110010000011010011000000100000101111100011001100100100011110110010	1132658.3999999997	-2121.4999999999995
19	00011110001110001101101010100101010000001001011100011001000110100011001001101011111110110100101000110011110001000111110001000101101110011000101010111001111100111000010010111011001010100100001101101000110100001001111111000110000010111	1241792.2000000002	-2067.7000000000003
20	11000001110100011100100000000000001011010011010000100000010011010110001001001110000100101101000010000001101110100100011110000010110111100001101011101100000010101000101001010010000111010010111110001101101110001101111100001110000001011	1049250.2000000002	-2130.8
21	00001101010101011111110110010111111001000001111111101111100000011111001111100001100111011010101001011001011001100000011111000100111111110111111001100001000111001010110011000001001011000101111111110010110011100101011010010011101010101	1330902.7999999998	-1992.4999999999998
22	00111010101000011011011010010011110001101101101001111000000101100100010100101111111111111101001010101101010010111011110111011100111011110111010111100101000101101100010011101001000110000100101001101010000101111101100001111000011011100	1379184.4000000001	-2016.4000000000005
23	01011011100001001000100101001000011010000100011100011111000011101011011001000011001010111010111100000001000111100111001100010010010101011110000111010001011011000111010110111001101001101010110011111000011010000100111111011110100011011	1270982.7999999998	-2058.8999999999996
24	00101011100001011110111001001110100100001000000011001011111101010000110000110110110011110010100100010110100101111000011101100100010011011010111011100001111110100010000000110010101100000101100110110010111110111110011111100000000100010	1156307.1999999997	-2071.8
25	11000011011100000110011000011001000110011111100011101111001000010100001000100111010111100010111010110010000100110110100100111100000001001111011010110001110111101001110100110011000011111011100000010000001001101011000110101000001000011	1194008.5999999999	-2089.0000000000005
26	10001000110011101110000000110100000111011101110001011101101101001100001100111001110001111110001001101011001010001000100010101100010101010001000111010111111001100111110111011100011000110000011100110100101010000011111001101110001101011	1329497.6	-2060.7999999999997
27	11100110001111101011111000000000000101001101001110110011011101001001011001010011001111000100101100001100010000101111000010010111000111011001011111111001010000101001100010110101001101010001101001011111110111110000110100100111101101001	1229005.8	-2048.2000000000003
28	01110100111110000011000010010110000100011100001010000100101000001110100110000001011101010001001100111001011110110011000010100001100100011110100111010011101010010001100011110101000011010010010111110000100111111001001010111100010101111	1205343.8000000003	-2092.4
29	11101111001011111101110100110100001011110010101111110101101001100001011100010101111001110110000001101001001100011111010010111000001111111100001011010000101101011011111011010010101101111111111101001011001011011000110100111111111110010	1438197.0000000002	-1971.4999999999993
30	10101011001001111111001010010110011001111000011011100000110001101011110010101110101111000100110100100111100010001101101000011100110011000111010010001101000110010011001101011101110000100000101011010011101001111001001110101010001000001	1212355.5999999999	-2061.1999999999994
31	01100100000011001110100100110011100001011001000101010010001000100001001010000001100010110110010011000110101011111010011110100001001010111100001010010010100110100011011000000101001110101101001101101010100001110110010011011011101001001	1074914.9999999998	-2106.8999999999996
32	11101111010000100110001100001011100001000011010110100101001101100100010100101111101101111101001010101101010010011010110111011100011011110111010111110101000010111111110000101111111011011011101101011010010011011000010010101111011111011	1400818.2000000002	-1985.0
33	00010010011100010111110001011101000001111110111101011111001010001010110001101111001011101111101110011110011110010000001100001110000001100011011011100001010001100011001000111111100011101101011111101110010000011100000011101110011101011	1272911.6000000003	-2022.0999999999997
34	10111001110101011111110010010110111011001010101000100011110111100011000000111110001111010111100110110101111011101111100100111111110111111010100110111101010100010110001110110101101011010010010011010110101001110101111110011001000111101	1474600.5999999999	-1955.3999999999994
35	00011010001110100010100110110100001101011000010010110110010001100011000011000101110001010110110000010110001110000011011110010100110011000000100001111101011100100001110001000101000000101100110110001001110111101110101000011011010000011	1075920.4000000001	-2109.5
36	11101011011001001010100010101111100011100000000000010101011101001101001011001111011100110111011000011010111111011010100111110111011010000011100010011111101010110011011001101010111100101100000101111100011111100100011100111011111100010	1399689.6000000003	-2004.7999999999997
37	10011100000111000010011001100111110111111001100101010010100111011001100000101111010000100001110010100111011100000110100001010010110111011110010101111001110111000111010101010101101011110100111101101011110111101110011011110100000001111	1324550.0	-2005.1
38	01110001111010111111000111011101101101010100110111100000001011011010110010101110101111000100011111110111101110011001010011110011001111111001001110010010011111110000101101001110000001111110111110111010000111001011010011100100101011011	1430513.4000000001	-1973.8000000000002
39	00000100011000011100101011010011011010010001011100011110001001111000001101110111101000101000010100111110001110110010010111010100000011110110000011100110100010110111000010000000100100111001100100110100000000110011101101001101000100010	1091047.8	-2108.4
40	10110000000000100101001111110000000111100010100100100111000101010101000001011011010000101111110100110100110011010000000001000100001100010011100101011011010001001110010101001100111100111110111011101000100101011000001110101011001001110	1084902.1999999995	-2107.5
41	10010110101110011110111110100100001100011101100100011111101001001001001001011111001000000100100011001100110001110001100101011100110010100110000010001110000011100110010100011111100010010001001101000100000000000111001000111001001010001	1114675.0000000005	-2104.1000000000004
42	11110101111111000011001001101010000010000100111000001001111001010100110101010011101111010101100001000111101010001000100011110111110111100011100000000110111011101000011101000110100000001101011000100001011110000011110001001001001111000	1190025.4000000004	-2074.2
43	01011011010011101100110100000100101010100010111100101000011100101111111010001000101111110101111001111111110001111110110101111101110001011100110110111001101110010111001010111011011101101110110101101100110111111000111101110010101011101	1538346.7999999996	-1945.7999999999993
44	10001110010001000000010001110100010111010110110111000111000000100100011011010010001111010110000100001011110011010110011101000111000011100001101111000100000100111001111010100101011011011011100000011100000000010001001011011100010101010	1168714.2	-2108.800000000001
45	11011111011111011011001110000101010110101111111000110101111100100011101111101000101001101001110001100001010010111010100011010011111010011110111110001111110100111011010001011001110001001101000101110101100110001101011000011001010111000	1392888.4000000001	-1989.0999999999997
46	01101000100110010101111110110111100010101010001100100001011100011010001000011101101101100000100111101011000101001100011010110101010101110010001110111011010101110000110001000101011110001101101101011110100100010010001111101100011110011	1209293.4000000006	-2041.7
47	01111011111001001001110111110011000001100011100111010011011111010111011001101110001000111110010011110000011001101111111011101110111101100011100110011010000001011000110001111011001101111101111101111110100011000011101110111110010101110	1438915.2000000002	-1955.9000000000005
48	01101101101111001110010000001100110100101001101010111000010010011010110011001000101110101101011001100100101001010000111100110000001100000001110001100110100011000000101110101010110011110011001101011101011011100110010100100011100110011	1177684.6	-2068.0999999999995
49	10010101101010001111011001100111100000011111110101001110110110111111010111000000011001011100101010100110100010111101100010101011000010010110011110000111001110101000010101000001001001000101101001111110101111000110100000110000100111010	1196213.0	-2055.5999999999995
50	00110100101001110001101110011011110000000000110011010101010011010100000100000100010100000101101011000011101001000010010011101010100001111110100010101010110010010011100010000110100111011110011001001010000101101110101001001011010100010	1046055.2000000001	-2111.6
51	00001110000111100101101000000111001001011011101000111001010111011100110010110110011011100111011010110001111010101000011000000111101010111010000101100010010100011101010001011010000100001111110001001011011111110100110111001111100011110	1243160.1999999997	-2040.1000000000006
52	00001111100101000001101111000110110000010100010101100111010110000101111100011000110011101000001011010010010000000010111101010001110000000110110100001110010101100001111011101100111100000011010011100111110010100001110100010101100001101	1195834.7999999996	-2088.0999999999995
53	11110010110001011001011010000001011011110010110100001010001101010111000010001011000111000001111011011111001001101000001110111101111011011101101110110101101111010000100000110111100000001010000011110010011011111000100111001011101111101	1267114.9999999998	-2022.2999999999995
54	10111011001110100111011011101111101001001011011111000111110000001100110001010101100111010010101111010101100001110100010110010101101111001100101110010010011101101001011101000010010000101110000011010011001001100000011011000111101010001	1278000.9999999998	-2037.2000000000003
55	10111100101011111111100001101110110111100011110101111011101010110011101011111110011101111000111011111111110101001011010101101001000100100100011001100110111011110110110111111110101111011001011111111101101001101111000110000100111100010	1587796.8000000003	-1913.9999999999993
56	10001111110000110100010000110011000100001000001011000000111100010111010000100001101100001110000000110010001011101000000100110111010010000111001011110011111010100001001100100110010001000110001001001101110101010110110001111100011111010	1106279.4000000004	-2112.5
57	10111101010011110111100100110111110101001010111011010110100111111100110111111001111110011000010111101100000111110001101111010101000111111011110110111100000100110110100110101101001011110010111101110111001101001001111111110011111100101	1502346.8000000003	-1931.3
58	10101111101001100111000110001111110001100111011000100100000110101001010101001111110010000011000110000010001100101110011100000010110100001001001011101111000100000110010100101101101000110001100010011011111011001111100000010010010111100	1127218.8	-2083.5000000000005
59	11011000101101101111011101011010111010100011100010010110110110100101100011000101101100111101011111000111100001010111110101010000100111000100001011100111100111000110011100110010111100100010101010111101100001101101010000000000101110011	1273778.0	-2031.4999999999993
60	00111010000000111110110011100101001110011110010110111100001100110001011100110001011001000111000110000100110110101000011001011100101010101000101011000001101110010010010000111101000111010011100001111101010110110101100111101011010110100	1194087.8	-2063.6000000000004
61	01000111010111000100001101111000001010101101011100010010001010010000010011000111000100011100010010010010101001010100101110110101000011000011100110111000111100010111011000010110100111000001101010111000100111000001110010000000001100011	1095272.0	-2116.9
62	11000110000001110010010011111011100100001100000111011101001000110011001100110000010100111000110111101011100010111001110011110110100101011110001111010001110110010010100100010100000101011011010110000111100101001110000000000101101011100	1188123.9999999993	-2076.2999999999993
63	11010011100100100001000011111000000111111101011110011001011101100000001000100101110111011111100110010011011000010011000110110110000111010011011110010010000011101111010000100101110010001101100110111010010001110011010001000110101100011	1182144.9999999998	-2062.500000000001
64	01010100111000100100010001111011010101110010101011110011000010001011011110010010010000111000111111110001011000101111000011000010001010111011101111101010111001111101000111001100110100011111011011001001110000110100111100010011011010101	1306545.7999999998	-2031.6
65	10110000000011011011110111001010110000010100000110001010011111001010111000000011110111100000000001001110101101001100001111110001000110110000100101111000100111001111101011000010101000010000010101011011110010010011100110100100111001110	1203140.4000000001	-2087.8999999999996
66	11100101100100001011001011101101111100100111111000010110000011110011111001010110001011001000010001101100010100111010010110101111011110100001000000001000011110100100100010100000001011001000100110101110011110100101001101000100111110001	1136280.8000000005	-2070.3
67	01110001001100011001000100011011001101000101111011000011111111111010100110110010110011111010101111010101100001110100010111011111100111111111000111101111110011100111001000111111100011110001101100111001110110101101011111011001111001011	1491177.2000000002	-1955.1000000000004
68	11000111010011110011111101110001010011100011101111011101110110100011001000111100001110010111000011011101100000001001100011001010101111110111110011101111111110111101111111110110011100010001000000011110111111011001001011100111001111101	1558230.5999999994	-1955.7000000000003
69	11001110011110001111011110010111111001000001111111101111100000011111001111100001100111011010101001011001011001100000011111100100111111110111110110111110111110101001011111111111000101101101010111011111011110110111010100110101111100010	1643551.3999999997	-1913.1999999999998
70	01110110010011010110111001101110011010100000101001010110111111101000001101010100101011110111001000000101100000000111110111011100110110001111111111111011110000010000101100100010010010110011100100010101111100111100111011100101100100011	1314655.2	-2020.8
71	10101000000010111100001101110000001010110101011000011100010000100011001100100000010000111010001000101101101101101000001111101111101000101000111111100010011001110110001011100110100101100110110011110100100001001001000110101011010111001	1206527.2	-2087.4999999999995
72	11111101100000111010011001011110011100000111000001100101101001110101110111011110110001101011101000001000111101000100101110010000111000111110111111000111001101011011100101011001000101101010000000100001100001010000111000101100000000111	1281382.2	-2062.199999999999
73	11011110110101110100101111101001110111101001111111111011110000110110111001001001001011110110101101110011101101100010010000011011011111110010000001011000110110000111111100000111101111100100110111100110101101010111111100010100000111110	1397803.8000000007	-1964.9999999999995
74	01110011111000110011000101100101111100001011001011100000110001101111110101101010010101011111010001011110101110100111110011011101110111101110011010101011011010110101101111000100011011010111100010101010110001110101011000100001101100001	1438519.8	-1997.8999999999994
75	00001011011001001110011100000110111111010110010001100101011001111111011001010011111110010010000000011000101010100001100101001010001001101111000000011011111111110101111101110111010101000101010010001000001100101110000011001000101111111	1331792.5999999994	-2043.0999999999997
76	10100100101110001001000001010101100001101010101001011011011010000101011110001010000101010111101000010100001111011110101100101100010111010011001101100110111011010001001100010000000010111111001011000100011100111111101111100001111010000	1211330.8	-2062.8
77	10100110110110101111111111111111101000001001101010101000011001010011011110101001101001111101000110011000111111000011000010011100100010110110010101010000000001101011000010110110101001111000100111000111011001100001001101101000100100111	1208670.8000000003	-2040.4999999999995
78	00110101001110000000001110101010101001110111101011011111100000000010011001101001001011001111111100111011110110011101001100010011011000000010000001010011010010000111110100101100110010001000010000000011011111110001010101010010011000101	1176429.4000000001	-2090.0
79	10111001101111110111000101111001110001001111100110010000000101011000001011110101101001011101110000101110011101111100010011110011011011011000011111011111101100111010011110100011011100010010110111110111110111110000110110000000111111011	1444065.7999999998	-1973.5999999999995
80	11110100101110110111111110111101011101001101100000001011110000111111011000101101111110011111100000010100100001011100011100110111101000011001101011101111001001011110100001011001010001110000101111101100010000111010111100011000001110011	1317073.0000000002	-2006.2000000000003
81	00100101100011100010110001111111010111000011100101101000101000111111111000100001110110110011100010010100111001000010010111010000011010100101000111010011001110000010011000000001110101010100101100111001110110101101011111011110101000000	1122116.9999999995	-2064.0999999999995
82	11101111010000100110101100001011110001001010011110111010100111001001100010101111010001100001110001110011101101100010110000011011011111110010000001111000110110011111010100000111111111011011001110100001001011011001110010101111011111011	1280053.0000000002	-2002.5999999999992
83	11111001101100100110011111110111001101110101000001011101011111011111110000010001000100001110010111011101110011111110101111010111111000000110110001011001100001010100110111010010000101110010001000011000111011101111110011001101111101111	1422776.5999999996	-1981.4999999999995
84	00101110110000110010000110101100111110101011110100000111110110001110100001001011101101110000111101101111101101110110101100100101001001110010100000110101111101111011001100010110111110101111110001010110111101101111110011110000010001010	1377373.6	-1990.7999999999995
85	10001010001000110001110101110111001000010011101000011110011000101011100011110101110100011011100001101110100000111000000010001001100001000000101010010010100111101000110101010011110010011100010001000110110100111001010101100000000110010	1075875.7999999998	-2110.0
86	11011111110001000111001011011000000000001100111011101000000101010001011100110111010100100010111110110110010101100001011010011110100010011111111110111011101110111011011000110100111011011001101111101010110111111110001011101101111000100	1395684.4	-1988.3000000000004
87	00100101100011100010110001110001101001100111000111100010010011111010011001010101100111010110101110100000010010110010010011001011110111111001100110101001111010000010011110110110000100100111001100101010110011010111000111011110101000000	1285830.4	-2055.2
88	10111010111001101111001011001101101111010001101101111010011001100000101111000010000010110010111100110100011101001001100010100110100101100011100101100000111011101000111110110111010011110010010100100000011110011011000111111111000001010	1325334.9999999998	-2025.3000000000002
89	11100011110100100111100011101000010100010011100000010100110110110010100010010011000101111000101100001001001010001110001101011010100010001110110100110001100100101001010101001110110010111000000010011011000000010011001010011110100111011	1132838.5999999999	-2096.400000000001
90	11100011100101110111010111110100101011100011010011101011010101111000101011101010101101000110101110001001010101100110100000110110111111100011000000001110000010010010110101010000001110110100101001000011000010111001100111111011000111011	1222985.4000000001	-2038.5
91	10111011110011100011001111010011111011100011100100110000111000001111010010111010101100010010100101000101110010100100101110101110011100110110101000111111101101111011111110000101001110100001101000011101001111110000000110010011001101100	1386556.4	-2012.6999999999996
92	01110000010011001101010101011000001011010010011010011100011111000110001100100010011110000001101000010001001111000111100001000110010100000110010110111000110100010110010101111010101101011001110000001110100111110100010010101001101110000	1163764.5999999999	-2090.9999999999995
93	01110011000100010100110111001100101101111010001101001010010000010101001011011100101011110110101110100111011100000110000001010010110111011100101011100011100000010110010101011010011110010100100100000010010011111011101001000110100010101	1221148.9999999998	-2073.000000000001
94	11011111000010111101110111010101000001110111100000100110001000000111101010110010011000010111000100111110001001001111011001001000010100100010010010111110101011110001101010111001011100001000100100001100111110110010110010100000101101101	1263175.1999999995	-2067.899999999999
95	10011011011110101011011111010111111000010011001100111011101001110100100101001011010101011111010001011110101110110111010011011101110111101110011110100001101011001011111011101011111101101000110110100111110011001111001100011110100010001	1554361.2000000002	-1953.5999999999995
96	11111000110011010111001110111001000100111100000101001111100011000001100111000011111101010111101000100111010101011011110001100110110101101101100010011100001010100100100111100111101000101111101000110010110011111111011100111100010101011	1339648.2000000004	-2001.8999999999999
97	01110110010111010110111001101110011010100000101001100101011111110111111101111110010000111000111111110001011000101111000011100011001010111011101111101010111001011101000111101100110100011111011011001000100000111111001011100001100100011	1434151.6	-1984.6000000000001
98	01010100111000100100010011111111010101110000101001110010000000001011011101110000010000000110101010010100010111011010001110101101001011000010100101001100111011010111111001100110000010111001111001110100110010010100101010011111110010101	1239343.7999999998	-2067.1000000000004
99	11001100110010111111111100110110100001110001000101001011011001100111010000111111011111000000110110101111100000011011011010101011001000001000000001011111010011011111110001100110011001010000001011010010110101001100000010110100110011100	1227458.7999999998	-2054.0
