SOLUCIONES FiN 

0	00111010011010011010000000111010001100001111100011010110000000101001011001000100001101110011111101000100011100101010001000001011000100110010110001101101101110000010000000010000001100000110101000110001001111011100001000010001101111101	947153.8	-279632.50000000006
1	01110101100110111001010010001101000111100101011101111110110011011111000110101101100011011100001101011100001110000010101111001010001010111110001111000101101001010110101111101101111001011101101101110101110001001100111000100011001111101	1394827.8000000005	-418129.49999999994
2	00010110000000010000101010110110111101011011100000101000011101001010101111000000111010100110001111001111100111110000111010110110110011000100011011111100000110010010001000111101111011100010110010100000101010111101110010000010010100011	1189464.4	-354606.6
3	10101011100011000111110101000111100111110111011100100110001110010010011110101110110101100111011101111101011011001000100110101011010001011000000100000111011100111011000010110111000000001101010000011110101111001100100111001001110010010	1239815.6000000003	-370175.80000000005
4	11100001011111110111011000010110011110001010100010101101011011100101100110101010110100110111111011101011111111110101000010001110000101101001100000001001101001001100110110011010010111111000101100111010100101100111100011110001100101110	1329822.4000000004	-398110.0000000002
5	01101011001101011111011110010001011000111000011101101101010111111011110000011010001011101101101011111110010010100000101001100101001000101101110010110001000000011111111111100000110010110101101010001000011011010111001110000101001001111	1360144.4000000008	-407439.0000000001
6	01011110000001111001111001010010000101000100010101001000001001100110001001100010111110111010010111001100001100001010000100010100110011101011000001001001101010100110010101000010100001011001001011001110110001000001100000001101001100000	990366.1999999998	-292931.79999999993
7	10100101001001000000111101100110010111011001001100101011011010011101101000011010101000011100110111000100011111111100111101100111111110000110101011110100101110111000000010001100111010000011110101011000001100011100011011001110001010011	1250776.2000000002	-373672.6000000001
8	00010101000111111100011010101101111101111111110000100111010011010100111010111110101111101010111001000111011111011101111101101101001000111110110110001111001001111011011001000001101011000011101101101110000111110110010000010110011101000	1425509.2000000002	-427656.6
9	01000001011100101110010000110000110001010100000101001001101100110101011001111011101000101110010010110011111001010100110111110010111011101111001101101110100110001111110001010111101101111011111101011001111110010101110110110110000110111	1358372.6	-406941.9
10	10100111011001101110010101111001101000000010001110001000010110001110010101101101010110100110100110010100000010011110010011101000010001000110110011001010100001110001100110111010010100111111000011001101110111101110100011010001000110001	1209270.2000000007	-360664.4
11	11111101001101111000011101110001101100101001100001000100100010011110101101011010011101101110110101111111011010001000111100111110110110111100001000110011011111011001010000011000100000001000100111111010100000101100111110111001010001001	1310937.4	-392074.3999999999
12	01110000100111011111001001101011010110001000000011000010101001011100100100111111011011001000101110011001111011001000111010100001001011100010100101000011100001010101101101111011010000101001101111000011101111111110011111101111000110110	1336390.2000000002	-399992.9000000001
13	01000000101000010110010101010101110010110000000000001010000110000111011000011100011001011001100001000001110111101001010101111111101100001010010010111101101110000010000000001000000100000010101000101101000011011100110100100011000000001	1004767.1999999997	-297368.0999999999
14	00110001100100000101000000101010110010011001011001110000001001100000100100010010110010111110100000001010001011001110101001011010001110101100000010000000100000100000000100010001011011010011001011011110111101101111000011110011001000100	896604.3999999996	-264044.1000000001
15	00000110100110110111010010101011001100010011001001000000110110001000101001101001100011001000101001111101000111111100100100110111111001000100000000001110010001011110100100011011110000001111010110011010010110001100001000010111011100000	1109733.4000000004	-329925.5000000001
16	11110011101010010101000001111010010000000011111001111010010110001101111000011011110101101110010110011111110110000000011111111111011000011010100101110111101000101111001010011110111100001100011111010001010011110111110111001111101001000	1389730.7999999996	-416502.4000000001
17	01101011000011000100001011101001101000000010001110001001010101001110010101001001101100101110000000110011001000101000111110100001011001010001011001011110101000010010000100000101010001100001110000001101011111110011101011111100000100101	987035.7999999995	-291968.3000000001
18	00011111011011110001111001000110001100001011101110000100110101110000001101101111000101110001111100111111100010111010110101001111010010010101100000010011100010101110111100111010011100001010101101001101001111111000001100001001010110001	1340584.8	-401392.6999999999
19	01001011101101000000110000010011110111100101110111010110100010110010101000110000000011011000010110010000010000101110001110000010000010000111011100001110101010001110011001001011011100000101011000111110011000100000110001111001001010010	1038941.5999999996	-308043.30000000005
20	00010100110100010110100011110101100101110011001101000100011111100010010100110110011010000110110110000011111001011110101100111000101110001010111111010101100110010101001110001001011111111000001000101001111011001100000010111111011001110	1296492.0000000007	-387652.7000000001
21	00011111101110000100000010001110101110011111000110010111101100001100100100011100100101000000101100110100010011011111001000111000111010111001111101000100010110001101000111111011100000011001101101001011000101101100110101011111010110000	1277435.0	-381845.8999999999
22	00011010100101010100110000001110001110000101111001001000000110111110001100001101101011111000000101111010101110011010010101010101111010100010000001000011000100011000001110101010111101100110100100011010110101111111010100000100110101101	1141649.3999999997	-339693.1
23	11101110001001101011111100010001000100001111101011000001010110111010111011111011110100101111001111010001010101111010110001001001001010110001011011010000111000010011111101110111111111011001000100111000110011000011100100110010101010101	1355368.2000000007	-406039.70000000007
24	01010010000000110100001101000001101010011010111010110111011010000111010010101001010001100000011101010000111101001111111000011000111010001111011111001011110000111101010011010110110110111110010010101001000101100011111000101111110001110	1298298.2000000004	-388363.4000000001
25	10011101000001101101100001101001000110101001101010011100010010100101000110001001110001101100110001110101010000000010001010001110000101101001100000001001101011001010100000110011000110110001011010001100001010010000010111000011110011010	998135.4	-295486.0000000001
26	11100100111011010101110100001010100111000010110101110111011111101110100101001111110111101111000110100111100101000100110100001000010011001111011111110110011101011001011001011010110101110110001000100110011011101110110100001101001001110	1369712.6000000006	-410451.2999999999
27	00100110010101110000010100011101110010011111011100001101000011111100111111001110111111000000001110011101110000110010010101110011110110101110101000101101001010011111101011110101110111000000010111111111101011010100000110001101001100011	1396830.0000000002	-418845.3999999999
28	00010111001010100110110010011101100011111110100111110010100110111111000111101110100100010101110101110101001111111001111100000000001110110001111100101110010111000110111110010010100001110001111111100000001110111001011001101011110011101	1387860.6000000006	-416032.3
29	01010011110101000100001110001101001111110010101010000001011100100110000000001110110000101111001000110001111100010101001110000110100010010111010101001011000110100110111000010001101000100100001100001010011100000100111101011101101100011	1113898.2000000004	-331330.9000000001
30	11101110001011110000101100011101010111101101000101111000110101111101011110001101111101110001000110100010101000011111111110001011110000111100111000110111111110100000101010101110000100001000001101000101000101000111001100111000100110110	1296730.2000000002	-387878.2000000001
31	10100100010001100011010111111101001110100100000001100010110011111001111100110010110011101010100100100110010011000101010001111101111010000101011101000011001101110010001110001000110011000001010110000111110100001101000000001011011100010	1164221.2000000004	-346695.90000000014
32	00011101000110111100010000010101101101000101010101111000101010110110111001111011110110110100011000011100011111000110000111010001011111010010000100111100000001100011010000101010110111110111011111010011010101111011010000010100100010001	1201617.5999999996	-358303.0999999999
33	01110011010100011110110110000101111010011110001010000110101100111010011100110110011010000111100110110111100010101010011101011001000101000001000101110000000001101011000100000001111000100011100111100000010011100010000001110001000011100	1049355.3999999994	-311293.40000000014
34	01110110000100111100101100010000000100011010100001011111111001001001111000001001100000011111000101011101111010000011001100001001100110001101100110101111110100011011111000100100000011111110001011010000101110011101111110101011011111000	1262828.8000000005	-377417.4000000002
35	11100110100101100001010001010010000101001100010101001000001001101110001100111010000011010010011110101001101101100001000000101010000000000000100110000011110001000001100010010111000100011011010101001110110101101100001011011001000011100	940570.5999999997	-277547.60000000003
36	01011001110110100111000101100010110000010001001011000100111011111101000110000001101010000001011111110100010010001110010000001011111100001011001010111100010111101011011000001100011111001100001011100000010110101010010001100010111011100	1138633.5999999999	-338766.9000000001
37	11100010010111111011001001111011001111010000001000101000001101011001011110100110111101010001100101010000110000111101011011111101010111101101100011110011010100001011010110011010111011100101110100101110111000100010111101000100111001010	1349963.8000000003	-404177.30000000005
38	10110011100110111011000001101111110101001100010000000100010001111000001011111001000111010010100110001011010011111011001010101010000001010010101011000111011010111100100001111100100100010011111000111101111000101111011110110000011100010	1223129.4000000004	-365062.60000000015
39	00100100001111010001001010100001001000001010011101001001110001010101000010000110100100100101001101001010010101010101001010000011000111000011000110010000010001000011011010000011111001100111100001110011001101001111011000011101100010100	990012.1999999998	-292926.50000000006
40	00000001111011010111010010000111011101110010001111101100111001010100111100110001110101100111001101011110101000100001100100010110010001011111001110101110001000101110101110001111010111101101001000000100111100100000111110101100000010101	1216175.600000001	-362969.4
41	10000011110000000001011001010010000101000100010100001010010100100101010001011100111110010110001000110101001111000011110011001111000111001011001000101011111101011110101011101101111010011011011100101000111110011111110001100110010001011	1280979.0000000005	-383015.20000000007
42	01110000000100000010000111011011111110011010100100001011011110110111101100111010000111010110011110101000011100111100110000101110100110100001010011100000011110111101001110100010001101011110010011000101001101001100000111110100000011111	1228699.6	-366699.8000000001
43	00001111100101101110001110101110000010010011101011101110101100111010111100110110011010010110100111110111100010101011011101011001000111100001111001000011111101111100000011000001100010110010011111000101110111110111000101000000100010000	1241396.0	-370642.5
44	11001111111001011000101111001010000110110010101101100101010101010111010111110000001111011111010100110100100011011011011100001100011110101011100110110000100100101110100011111111110110100110100101001101101011011100000110001000111000100	1346576.4000000001	-403242.1999999999
45	01101011111111110001100010011100100110000100010100001001100101110111111000110011010000100011011011001001100100101101000101110010101101111010101001111000001010100001001000101101101110101100111001110010010110011100101000000011110010101	1190446.8000000003	-354820.80000000005
46	11010100010010101011011101001001100000111011011111100100010000000110001001001001010110110101100110000111111111001111100101011000111010010011000110101000111010011101010111111111101111001111110110000010110110011011101110011111010100110	1421619.8000000012	-426534.39999999997
47	00110101110101110001111000001110001111000111011001001101000110111000010100101010101100111111011111101100100101100100111011000000110011011010111100111101011101011001101011101001001000111000010001111000010001111100011011111100111010100	1354134.0000000005	-405573.5
48	11100001001001101000010010000011101100110010101001110000001001100001100100010010110010111110100000001110001011001010001000110000000001011001111000010010001100101110101100000000101001011011010110111111101001101111101100101000001010101	1014034.3999999997	-300361.0
49	11000100101000100110010100000110000001101101110101010001101110101011111011011100011001100000000111001110100101010101011100100100011101001101000100011111010110110101101110100100010110011010110011011100101000100101001000001000111000100	1196791.2000000002	-356946.40000000014
50	10001011001110101011011101001110000111111101110100111110111001001000100111111010110110011111011001101010101101001001100010010111011110001000101111000011111101001010110010110111000110001001101101100110010100111100110100110001001101111	1323450.2000000004	-395996.89999999997
51	10111111100111100110001111100101000011100000000101111001100010011101110011110101110100010101101001101011111011001001101101010001111110100000011111110000100011101111111110000011010010111000111101001000011111111011101111100101011001010	1388581.4000000001	-416263.9000000002
52	10100000110000110110110110111101010101001000011110110010011011001101011101100110010000110000001001111100000100100000001101111011001011100001000110101010001010000110101100001110001001110101111111011011111100000011001000101110111011000	1120252.2000000002	-333162.8000000002
53	11001010110110000001101111001011000111111101100111000101010111110110010010011111101110110010011000110110001010000110001111011100000111011010111100010110111011111100111101000110101110111001110000011001000011111011110011100101000001101	1363418.4	-408340.9000000001
54	11101110000101100111111101001000111111000011001101001110101000111111100111010100000111110110000110100111100101010011011110001101110110110011000110100011110001000011011010011101111010110000100111110101101100110000110010111011111101001	1361944.0	-407883.9000000001
55	10000011101110010101100101110001011001100100101100111001101000101101010001000000001111010111111101011101101000110001100101001010110011100000101110110010000000000000000011100001011011000000010110111110110111001010110000100110001101110	1069725.3999999997	-317575.0000000001
56	01011101000010000010010010010101111100101110011110011110101101000111001101100101000101110001010000011100100001101101011100100000101101111101001110111001101111010011010001111100110011001010001000001000100111001011011111101011100110100	1288751.4000000004	-385330.20000000007
57	01011000111001110000110110001001001000001010111100111100010010010000101101001000010100000001100101111110111100101110010111010100101100111110111010000001111010010111111001010001000111101000010110110100111101000100010110101111111110010	1293015.4000000006	-386736.20000000007
58	10100100101000100001100000010100101010100010010011010110100001000101111000000100111000000010011010010111011110101011011000000100101010100000001110011111101110111010110101111100101011000100101101010000111011001001100100011101000001010	1216719.4000000004	-363025.50000000006
59	01000011000010001010111111100101001011110000010001100001000010010010010010000000110100110101101011101000100010110000100100000110000000010010110001000001000101010101000001010010110001011100001010101100000101010111000111111111101101110	930672.1999999997	-274518.0
60	01001100010101011001010111001010101101000100101000100101100100000010111100101101011110011111110001010111010000110011010101000110011100111000011100110010001010100011111011110110111110111011010000001101101111001111011000101101101001000	1314814.0	-393480.60000000003
61	11101010000111001010010110110001001010101001000101000111100100001000000010010001110010111110100000010110001011001010000000110001000101000001000101100000000001101011000100000001111000111001001100110001001011100110110010001000101010100	866463.6	-254737.6000000001
62	01001110000101111100111000010101101011101001110101011010001111010110101111100000001101011100000110011110101011010100100110101010101010010110100100011010101001000101010001111101000111111000101100111000100101000111001000110111010010111	1280076.0000000005	-382531.3000000003
63	10100000000110011011111011100001111000110100010000100101100010001001001000101101001010111011010111010001110011011100001110011010100010010111010101001011000110110110111000010001101000100100001100000110101011011000110111011101111011000	1173878.8000000005	-349712.19999999995
64	01011110111110111001110000000001100110000010100100000011110010111000000101010100011001011001100001000001110111101000010101001111101100001010001010111101101110010010000000100101101011010001011111011110101000010101100000100001001100010	1055865.7999999998	-313157.9000000001
65	10010010100010010100101000101101001011011111111000100000111001001101110000100011000000000000011111001101001010111110001000011000000000001011010000010011111001001110100010100110110000001111100010111001101101011100001010100001000111001	1025741.7999999997	-303854.2
66	11010111000111100010001110101001110010101010111100101110111111111100001111100110110011111110111001110001101010110101010110100011110100000010010110011001001010100100101011111110101011111010001111101111011001010000010011011010111011111	1415622.2000000004	-424635.5
67	01011100001010101100101100110111010111100010110010101001001111011000011110110010000111100001011010111011000111110000000100010001110011011010010000010001100010101100110011101100100011100000111011100110000011111100010100111110010010101	1225545.2	-365770.1999999999
68	00011001010001011110011101100001010011100010100111110100110010100111111111010101001011001110000010001101011101000100010110111000001101111100001000011010100111110110010001001001010001000111110100110110110101011110101001000011110101100	1181927.4	-352247.4
69	11111110000001010111100101000011000101101100011110100010100101100111001100111000011100100000111010111100001110000011000001110011000101101101110001010001010110100001101110101111110100001001100100010000110101000011011011001100110000110	1210900.6000000006	-361129.8000000002
70	10011110100100011101010101101000011100000100011111101000011010001010111100010111110001101110101111110110101100011110100000001101000111000000000000101101100011011011111001011110001010011000110111101000011110000001001000111111110100110	1240417.8000000005	-370430.90000000026
71	00000101101111100010110110010000111011100000100110000101000100011000010110100101111010101001010111010000001011101111010000011110011110110100100100010010001000100001111010000110110100000110100101010110110100010111010110101110101010101	1129512.6	-335980.4000000001
72	01100011101101000001110010110011100100010001111110010000111010101100110100000001100101110110000000101000111111111011101001010001010000011000111111010101100010010000011110101100010100111101101001010110110101110011011001111001101010010	1242167.8000000003	-370897.7000000001
73	11111100101000100000100000011011011001010100110100011011010100110010101101001111000100011010001111100000100111110100001001010010000111001011111110001101001001101110000111110011011001100101011100100000111001111100100011111100100111010	1227084.4000000008	-366230.39999999997
74	10001110001101000011010111110001001010101001000100000111110100001000000010010001110010111110100000010110001011001010000000110000000001001001111000010010001100101110001100000000101000100010001011011010010100110110011110110010110000011	923835.8	-272432.9
75	01001101110110000011000001000111111100110111000000111000011011001100010100101111001011110101011000011011010111000101101110011101000011110011011110110010000000111000010100111100010100111001001110000001110010000100111000111000001010101	1212464.0000000002	-361826.9000000001
76	11101000011111100000110011101100001000010110001011001100010010111001110001001010010101111011101110100110001110011110111101101000010110111010100001110001100110100101101101101100111010100010111011100101000010100101010110101011100110001	1342466.4000000001	-401867.8999999998
77	10101001111110111010110101011010110001111000011001001100011001010110111101011001010001001001101100011111010011011011100100000011101100101100111011110111000000110000111110010001100110001111111110011100101110001001000111111101100100111	1348305.0000000007	-403700.4
78	00010111011101010100110100111010000011000100110011011110111111111001101011000100000011111001010100110100110001110011100001100101001011111011010000000100011011111000101011110011100010110011011101110010001010100011100001011100110011101	1266975.2000000007	-378565.8000000001
79	10011010011110111111001011000011110011001101100101010111110101010101110010001100001111010001011100001001101111101111000000000001000010110011101111110001111100101101010100111010000011100101100011101110111100101011010011001100111111010	1338445.400000001	-400674.1
80	11000100101100101011100110000001001010110000010001101010000110000111011000011011101000111001111011111010010010110100000111111001001110001111010011110001011001010110010111010100111001011011011111111101111011100100111111000001110111101	1307394.7999999996	-391117.3999999999
81	01010111001101001111011010000011100101001110111100011100100110010011000100010000101001100101110001010111000101000000101000011111101101111011100001011000101110111011010111011000101111010001101110101011101101011101110111010111111000101	1365409.6000000006	-409064.89999999985
82	10101100100011011011000010110111101010011001011011010100101100000100010100011101000110110110010100000110101100101000011001110110100111101111010100101101111101011000111111111110111110001011001110001110110011111001010011110011011110001	1423346.4000000006	-426997.99999999994
83	01001111110010011100111001000000110100010110011010101001001110100001011001001011111001101100000010110100011101010111100100001001101011010101100110111011100000010101001001000001011110001000111010001010101001000010101001010010010101011	1131549.6000000003	-336681.1000000001
84	01100001010000001101001000001111110101001010111100011100010101111001101110101111111011100000110101010101100001001011100111111011100100010101100010111111011001001111100101110101011011110111010000101110101110001100010011000001000011011	1354966.6000000006	-405820.10000000003
85	00011000000100101111110100011111111010100100100000110110100101011000001000010000010010010010101000101010110101110000001001110000111110101101010100101101011101111100100011001000000111010011010101010010111001001011010111100110111011101	1172131.8000000003	-349242.5000000002
86	00110101101100100011010000110010110101011010010110100100000111010111100101011101011110100000000111111101110001110100001110110001011000101010010101111110011110100001000111101111010000110001100100100011001000110000100111001110100101010	1245810.8	-372069.1
87	01100001101101000110010110110000101001110011111000100010111011000000100101000010111101100010110100100001010110000010110100111110001111000010110110000011110111000010111010100101100011000110010100110101011110000001011100100110001100001	1163431.8000000003	-346469.5000000001
88	11011110010011010001010001111101100011000110001111101100111110110111000001010011111000011010110111011011111110110100010001100001110101000010110100000101111001101011011111110001100111001101001011010011011010100000001011101100011100010	1395436.400000001	-418388.1
89	11110001011000110101110101110110010000010011110010111011110001111010101001110010111011110011001001010101011111100001001110010000110100100001110001011111101010011110011000011101101101001101011110101000010000001010110011011111100110100	1289389.800000001	-385535.70000000007
90	11101100010001100001100110010011111101000100011010001000110110001100111001011010011001001111010110110110101111110000011011111001011101101011101111010100011111001111000111111110000011001001001101110110100000110111100100011001110101111	1433467.6000000003	-430030.99999999994
91	00111010010110111000101101011011010010011011110011101010011110011000110000110001101000010000011111010010001110110111110011110101110110000110100100011001000111110100100101001001111010010110110101111101101101010001111000010010110110110	1284729.2000000004	-384139.9000000001
92	01111101111111100111001110001010000010011111101001010010011011001000100101101101011001001110111000000011001011111010100011100011011010010111100101010110011010101110110001000011101000101100110100011100010100001101100100010011011100000	1206480.6000000006	-359941.5000000001
93	00001100010101001011101111101011011001010001010101011010011010101000001010011000011001011001010000110010011110110101011110010000110011000100011011111100000110010010001000111101011011100010100100000100000010000100000100010111100000000	1105129.7999999998	-328554.80000000005
94	11001011001100000010000001110111010010111110011101110111000001100101110010111011001010100101110111011100000111011001001100001010011011011000100010000110011000111000010111100000111110110111010110101001011010100111010110010111101000000	1212621.2000000002	-361805.0
95	01000000010100101111001010010010010010010101010100100100000101110000101101011000010100000001000100111110101100101000000100100010000110100101111011000000011100100101111010000101111101001100011001100011010101101100000010011001011011110	1052016.8000000003	-312022.0000000002
96	01111001010001011011111110011000011000111110001110000001101010010111101101110100010111111000111100101110010101101000000100001110100111010100000110101011100110001101011100011111000111100010110110111010010111010000001101110011111101001	1284161.4000000004	-383907.9000000001
97	01010011000010001010111111100101001011110000010011101010001110000011000001100000011100001100001001101100000100100000001000010000000111010110000110001110011000100001010001100101000101111100010101001100000101010111000111111111101101110	984682.9999999997	-291278.40000000014
98	10110100000101000001110010101000110111001101110001010000101110101010111100000001111111101111010000101010010100101010110101110001101100101110100000100111101000111100110010011010010100111100010101001110000100010011000111111111100001010	1219275.6	-363912.5000000002
99	10101100010001000011010111000001001010100000010001101010010000011100110100110010100001000110001011000011010011000100101010000101001010100011101000000110110101001010111000001001001110001100010111111101111100001101000000001010011100010	1002243.4000000001	-296655.30000000005
