SOLUCIONES INICIO 

0	00000110011111100011011001110101010111100001100110011111101100100100110000101001011110100011000100101011000101010100000110000101110010110001101100001110110100000101011101001001111100010010000101001100101111110101111000101001010111101	1024198.5999999997	-394669.2999999999
1	00111001010011011001111101001101010001101000110000001111100011000100100001110010100111100000010111000010001111100100011111101000110010010101010111001000000100010011110100011101000000110000110000100001100100010000011100110010011101100	959408.3999999997	-368625.4000000002
2	01010101010000011010010011111010110100100001010110000111110000000101001000111001011011000011000111011111001010010001011000001010100001001101110100010001100001111010101001111111111011010011011100110111001100011010010101010101011011111	1033177.6	-398161.0
3	01010000010000001010111111100100101111001000100010001000001110110000001101110000011011011011001001111101111111111010101011111101011100110111110000110110011011101101101011001100011011000001010011001011011111011010000011001101000110010	1172678.8	-454519.29999999993
4	11011000011111110101001111101011110010111011101101001111010100101101100100001110101111100000110000101110100110101111110100111101101111110111001101110110010101000110100001101011011001100111110101001010110100001000000101011110010010110	1174601.4	-455173.2000000001
5	11100101101110010101011001011111110110010111010001011101101110111011100110110010110101101100111110110001100111001011111101101011001110111001110011101100111001111101011100111010000011000000011011000101111100011110010111011010101001000	1301832.6	-506422.10000000003
6	10011111111000111110011101100100000000011001100001101111000100010000001111110101110000111000010010000010010001111100001000111001001100011101101011110001000001011000110101011111111001001110110001000011010011000110001111110100101100010	978009.5999999995	-376036.8000000001
7	11111101001001110001110111010100110010001001010000111100000001101111101010010101111001111111001010000011001111111110001011111011010010110011101001110001111101101100100001111111011010100011101010110101011000110111000001100000110111110	1146081.2	-443771.80000000005
8	00011110111010110011110010100111001011101000100111011010100000000010111011110010101000000101001010011111011101111100010110101111100100100001111011101100010011100001000000001101011110011000111101000101101000101011100011001011000110001	984106.5999999996	-378579.5
9	00001101001110000100100001110111101010111001110010010011010001110010110011110101000010111111001111011001001110011111011101011100001011111011001100001000000100001100011001010000100111001101101110100111111000111110000111110101011010001	1012327.1999999996	-389750.6000000001
10	10101111111000011101010001100000110011001011000110111011001101110100001100000010101111100111001111110001001001101111010001011111011101100100110101001000111100000110100110000111101010110001110110100101100101100001010010100011110111001	1011039.1999999997	-389285.60000000003
11	01010101001011011000100110101011000110001011001011110001111111110110110100001010011101110001000011110100000000010110101011011011000110111001110111100011000110100111101101000101010100001010101011000010101110101000011010110101100010111	1052031.9999999998	-405837.7000000001
12	00000011110011001010010000011011000101101100110001001011111110010101011011110101010111111101111011101100011010001010011001010001001111110001100010111100000110111011001001001000000010000000100011110100001001111001101010011000010110111	1021223.9999999997	-393510.5
13	01110111100100000110110110011111001000100001000100011100011011010001000001111010111010011011011001001110001101110010011100001001001000100011101011111010011111010001101111111110111011100010110010111001111111111111100001111010101111111	1215720.3999999997	-471712.8999999999
14	01110100011100001011100011110000100011110111000111001100111011110010111011010101011011100000001000000110001000101000010111001101111011010100100001101110010000111010110001110111101001000010000011100101001101101111101101100110001100100	1004415.5999999996	-386740.79999999993
15	11011000111010111010011101011010110010000011010010010000110001101100111011001111101000001010100010010101010101001011011111101100010010111000100000100101101110101000111111010000000011010110011011111100100111100010010101000001000110011	1085009.7999999998	-419128.1
16	11011011001001110111110100000110000010100111001000010101101010000110010011011101110110011011010000001011001100111011111101111100011110110101111010100101110001101000001010010001111001001011001100011011000001011000100101001111101010100	1030481.7999999997	-397209.9999999998
17	11010001000011011001110000111101111111110010110011011010010011100110111011111111010000100100101100100011010001111000001110010100101111000010000110001110100011001101001001101000001010110100110011100100000110100111000000000110100000000	975298.7999999996	-374893.60000000003
18	10011100101010110100000110011111011100100001011101111010001001010001101100011011011111010111001101001011000110101010011001001010100100000100111110000001110010011110000111000011101011110010100010101010111110100110111001010111001010000	972372.9999999998	-373691.2
19	00111001101110111011010001110100111111011110010101111100010010111000011001011110110010001011000000101010111101101011011001101111110010100011110010010110001011011000000110000110001100010101111110011111011011110110100001101110010101100	1041991.3999999992	-401831.19999999995
20	10000001001110010001111101000111001111001001010100101100001000011110001000011101110101010010000100110010011010010010011010101101010110001010001000101101011111110110010110011000100011111010111010101010001111101110111001011110001111001	1055504.7999999996	-407240.2
21	11010110000001110011100111111011000011111110011010101111011110011101010011101001001100101000011001000100101010000001000001110100101010110110000110010111010011111001110001001011101110000001010000111110111111010100110011000101110111011	1020060.3999999994	-392997.4999999999
22	10000010110000111010001010010011010101111101010011111010101000010110001110000111001100111100101100000101101000001000010111111110110101010111110110000101101100111010101010110010100010000110011100001000100110101011010110001101100010100	1064991.3999999997	-410986.20000000007
23	00101110101100101001110001100110100001111001011110110100100110010000001100000111111000000000100000111011011110101000111101011101001100111000011101101110001110111110111111100001100010101000101010000001011101110000001100100010110000111	1153548.5999999996	-446628.0999999999
24	11011111100000000011111011111011011000111001111011111001110110011001001111101100111111101011001011001010000000110110001000011110111010100001111101111100100110100110000010011001010000010100011001001100000001001100101010011011110001101	1010512.5999999999	-389046.30000000005
25	10110000110000001101000000001000001001010101011101101101011110011111101000000010000100111011110001110001001011001100010100101011010100000000011111100101000000000110110101001110110110011000111100101111001001101110101011111100101110011	962448.3999999994	-369746.0
26	10100100111001110000000001010111011100110111101000110010100101011110111101011100011111000110111111101010000010001100001000010001100001110000100001101000010011001100101011100100110101110000101110110000101110010011010110110000010101100	917133.2	-351586.4000000001
27	11101111000110101111001101100110111010000010011110010011110001000110100110111010101010011010111011110011111111101010110101001110000100010001011111111010101000001100010001101101100110100100000010110000111110001001000111110010001010001	1064142.8	-410707.00000000006
28	10101000110001010011000111100010110100000011011000011010100001110001111101000100100011110001100010011100101110101000010111000010001110010100010011011000111110110010011000011000000101011001010110011000010110000000000001101011110000100	923236.5999999993	-353952.00000000006
29	01100011100100101101001000101100100011111111011101001101001101100011010011000101010001010001001100010101010011010101110001010111111100000000101111010110001010010011110101000110110101101000001000011010011000101011101100111101100100000	1002360.5999999994	-385824.29999999993
30	01101111000001010111101100000110100011011011011101110101110100011100001100110011011010111000111111011011001001101100101111010000100000010011000011001111000110000000101111101101011001110011000100000000010111110011000100110111000111111	1077578.9999999995	-416085.69999999995
31	01100001110110011011110001000100011000011110010111011010011111010100101001101011101011001000011100110111100011000110111110010101100110100001101010000100001110000000001011011101011000101111010101100010101110001111111001110100101111001	1037538.7999999997	-400000.7
32	01001000011000111010101011000111001110100000110111000100110110010000111010101100001101101001111100110000011000111111010000110011110000100001000100100101111110000010010000111101110101110111011101100110111000110000111101110001000100011	973603.5999999995	-374168.19999999995
33	00010011100010100110011010111001011100010000011101110111000011010100001110110011101000100010101000000111101011010010110011010111101011000010011001000010111110001011000011100011110110101000000011100000001100010101101011011000110111111	980042.6000000001	-376963.8
34	11001011110001101000000100101000010010101101000000110001110101100011011001011101100000101010001100101100000110111110111100001000000101101111101110100011111111101100010101100000011001100100011010010111001100100101111111111000100000000	1007137.1999999996	-387693.89999999997
35	11001010100010110110111110100000010000000010111110101110100000010111001001101100111111100000010101001001110000101111010111011010011110000110100010110000010100000001111010001101100100101110100101110111110001111010111110010100011000111	1008470.5999999994	-388374.00000000006
36	01000000100110100111011111100100111000001101000010100000001101110100111110101110010111110101010101100111111100001010011011000110001011111011000011010100010000011011000001110101001101000100110010110001101100111000101010111101101110110	998404.1999999995	-384179.9
37	10000111011101111111100110110001111111101001110111010011000011011100001101000111100110010010010101111001011011011010110110110110101110001001111100010011011100101000101101110110001110111010111010010001000110010011010011100011110001000	1184104.5999999999	-458913.69999999995
38	01011100010100000010100000010010111010101111100001110100111011110011101101011000110001010110101000100110111111001100111110111011100111000000000000010111010001111100000101010001000101100001110001010011011010000000110001001011011100111	973044.3999999993	-373947.10000000003
39	00001010101010111100000100010001110101111101010010101001011011001011111000000010001110000110011111110101010000010101010101110101001101100010100001100011010000101001011011010101100011001101110111000000111011010111101000100010111011011	1003824.3999999992	-386516.70000000007
40	11010100111111001100101011011001000111010001100001001110010101100010010111010111011111011111000000011101001110110000010110000000010011001001001100001000000001101101101010111011100111101010110110101111010101001101000010110011110111010	1023705.7999999995	-394417.1999999999
41	10001101101100001110011011101111011101101000011010110101110010110010010100110110011010001101110000111100011001111110111001111000001110000011010110011111101001111111100100101010000011101101000001010001100011010101101100101010000111010	1140537.0	-441463.39999999997
42	01100000110001100010011101111011011101101011010111001000000011110110000101110001110100101111011101010010010010000111100011101001000000011100110011011100100001101100100010100100100100000000110000000111010100101011111101011101000110110	925259.4	-354852.6000000001
43	11011101010100100010100110110001001101011010010100000011100001111010000010011111111000101011100011011111011001100000100111000000011000001111001011101110101110100001101100011001111011011101101000111011101110010010100100100000101110110	1029446.1999999995	-396750.5999999999
44	11101100000000011100110010111101010010111111000000011010111000011011011000110000111001100110001100111101010100001100011110010111100111100100111001110011011010010100001010101101001111111011110011011101011010011010111000011011111000111	1073357.199999999	-414435.4
45	11100001110011101010111010100111100000011000110101001111111101100100011011110110101100111010000001111111001011101111010100000101010101111000001100101110000010110011000010001000011010111010101111100010110011000110010100100011100110101	1020481.1999999998	-393006.09999999986
46	11110000100010101001101001011100010110000000011111111110110010111101000010110011110100010000000010000100001000110000111101101010111100001010111011011111100000011000110000111111111001110111110011100100000111011010000111101100011111010	1029282.9999999999	-396744.00000000006
47	01101110111100110001110110110110010010011101000111100011111101111011100100000100001100110000111011100000100000100101110110000011100110011110010111110010010111000000110001110110110010110110000101001100111101011110011110110001100110010	1044335.3999999997	-402788.6000000001
48	01100000111000100000110100101111000001101110100110001100010100101000001111011110100111110001100011000010011111101001101101011101100110100000101111111011110100001110111100101011101100111001110111001001001111001110111010101111000110101	1141746.1999999997	-441917.30000000005
49	01001110101010010100000111111111110011100000011000100100111011110101111011011011111101001100001000100111111000011011110100110011001011000100100000100111010001101110001000101111010100111001000001101000000100100010101001100000000001111	947537.5999999997	-363690.60000000003
50	11001011010100100101110000111110010000110010100111101001001000100100010001110100001001111011101110010001010000101011001100010010010010100111110010110100000101010101001011010111110101011001111000101111101101110100011000010101110000100	971060.9999999997	-373240.00000000006
51	10011110010001010011010111110000100110101100001100100010111010010101100101011010010110011011101000100101011111000001101110011100110011001011110010100111011111110000100000001001110101101111011110100100000011111100111110000000001101101	993325.1999999996	-382060.29999999993
52	01101110111011101011110100110011011110110101110100010000011000101001010100101010100010000100110110000001110010000111001011111110100110100100010111101111011100110000111001011011111100101110000000101000000000101101111101011011111000110	1102638.7999999998	-426100.0
53	10110100100010000001000100101100011001111111101110101000101110011010101101101100001100011111100010010100011001101010111110001100111000110010011110000111101010111011000010100000100110000100111100110111111111011100010011000001100111101	992780.9999999997	-382059.60000000003
54	01011110100100111001001011100001001000111111100011111111111101000110110011111000111010011001101010001111011011010111100110101011110010111011010010101001101011011000010111111111010000110111100000100011010110010000111101100101000101000	1197857.8	-464504.4999999999
55	01001010110111011000110010001010101101110000001100001000100010000011111101100110111000000011111101100000110011110101000001110010010000110100001000000010111010000011110010110001111000000010000010011111011111110110101101110000010111100	938168.9999999997	-359984.4
56	10010010111110101010100100011110101101100010100000010110000101110000110111011110010100101101010101010100001110001110000011000101110011000100011101100010001000100010000001000011100001001110110111101000000100100111010000111101000100001	773406.3999999997	-293600.9
57	01110101001000000001000100110001111000010011010110000100000001001111000010101000100001111111101101111111110111011110110010011011000010000010111111010010001111010001000101000000011000111011011011000111111001100000001000100110011000001	943853.5999999995	-362319.7
58	11001011110110101010110000001111000100100101011010101010010011101010110001101001011010000000011010011001001001111011000011111101101000011010011100010110100010111100011100101000000111100100100111111100100111110001000100100010111110001	1026763.1999999995	-395599.9999999998
59	00001111000000000110100101110000101111111001001000100100010001011000000000011001001000011001000011110011100010000100011001110101000100010001000100101000000101100011110100101010101010001001010101000000001000111101010101101101001001100	838814.1999999997	-319971.9000000001
60	01010110110011101101010110010011101100110110010101011101000000110011110110010100011001010001000010100110100101000110000100111001011111001011001100110001101111000110001010100010000011111001111001111110000110000100100110010101110001101	954950.9999999997	-366705.9000000001
61	01101000110110100111000111001111010000110100100010110010011100001110111000101011001001111110100011110110010111011101001110010011110111001100010001011111101100110111011011101110011101000100011010000010101110101101011101001001010110001	1205853.4	-467784.0
62	10001100000011001011100101101111110100110110101000010000110111100110010101001101100001101000100000100010000110001011110100111101000100000100100010011111010111100011001110001001000000110110000111111111100000111101100010000101000111001	954766.5999999995	-366734.19999999995
63	10101110110000001001010110110101011011000011010001110101010011000111110000100111110010100101111010111100110010001001101011001010100110010011001010101111111011000101101011001010101001010101000100001010000000001101010001100001001010100	1041677.5999999997	-401682.3999999999
64	01111010110111100101111000010011100000111110101010000010000100000010100000110001001110111111101100010100001000101111100000001111111011100100011010110110001111000000010111100000000010100011000001100110101100011100001101010010011001110	968134.4	-372102.5000000002
65	10111010001101100100011111000011000100000110001101111010001001001011010001100101011101111000010000011100101110001111001000000100110111011110100110011010001011000000100110001001010111001111010101101110001111111100110011000100000100110	969187.5999999994	-372542.0
66	01010000111101001001011010111001000000000011010101001001111011001111111011110100011001100001110000000100000101111101101011110110001001001111111011111110000010110000110101001101000011001001110111101100000100110010010100001110101011010	1064293.9999999993	-410743.29999999993
67	01111000010011010000111010011001000001000010100110101010100111000111000101000010001011000000101011110101111110011111111110111001010000001100100110111111001000100011110010000011101110000110111010111010100011010101011011101110010111011	1069374.3999999994	-412818.6000000001
68	10100110011100111011100010111100110010111111111101010100001101000100111100011101010101110010110011000000110100011111111100100110101010111010110000000100111110110111111011110000110111100010001100000101010101001000000011111010111101011	1213635.8	-470808.4
69	10001000011010111010000010101011000100010101111101110101011110010101100000101011000000110001011100101010101000111100110110110011100011111101011101100011010101000111000011001010000101011010101001011001000110011110010100000100110010011	1017360.9999999998	-391885.29999999993
70	00110111011010110011101110111011000000010110101000110001101110101000000100011110100001101101011111110011001110011010000010110011111100110101111101010110101011110000110111010001101111101110110000001000100100010011000011111110111111100	1148537.8	-444714.69999999995
71	01101111110110100010001000010100111100010101011001001101010110101111110111001111101111111111110111101111100010100111001111000100111100001111001110011101010111010010111001000101001110100011000000010111101010011110000111100111001111011	1128720.5999999996	-436760.2000000001
72	01010001010111110010011000110100100100100001111110101001010011110001000001010010010011100001110101101101101000100011100011101011010111010110101100011011001110010001100110101010101001000010100000101101101011110100111101101010010011111	1063586.3999999997	-410509.6999999999
73	10111100011111010001101100010010110000100010010101001100100011010001111100100011110001010010101100010101010110000011000010011000100101110110011011001011010101000110011001010010010101111111110100010111101100001100111101010111110010010	976069.7999999996	-375328.8000000002
74	10100111101000101001001101000011100100111011010011110011100010001110000101011010000000111001110000101001110001011110101000110110000011100111110000111110000000111010100010010010000100100111110000101100111001000010011110000001111111000	940250.9999999997	-360903.3000000001
75	10100010100110110111110011111000101011001011010000110011001101100011000111110010110010110100100010100101110010011101110110000000011011000100011101111001100111011010010100101010100000011111000110111100111010110001110100000111110011011	1026293.7999999996	-395343.4999999999
76	00101011111010001111100011101110010110000111111100000100001010011011010010101000111100100101000101001100010000001101011101101001101111110000111101110100010001011010100101010001101001111000000110100001011010010100111001101010010000011	990191.0	-380941.19999999995
77	00010101000111011101000001100011001100101010000001011010110110100000100011011001011010110011011110100110100101000001101101110101101001001010111000101100110011001001100010011100110011011000010111001101101110011000110100011111100001010	1004984.1999999998	-386992.39999999997
78	00010001011100110001001100010011110101110011100101100101000100111110100111000111001001001011011000100011101011101101100110111111011111111110101001100100100111011000111111101101110001111010000001000100011110000101010100010010111001001	1218180.9999999998	-472687.39999999997
79	01111111001001011010001000000111011110100010111100111111000001110000001110100010000100111011111000010111100100000110110101110010100001000011111101000101100101010111111110100101110111001111101010011010101110100101110111100100100100110	1110614.6	-429336.80000000016
80	01110011101010011111111100111100011011011001010111111000010100111100110111111101001111100011100100100100000110001011110011011110101110110000001101011101110000010000110011010011010101000010111000011110001110101101000111101101000101010	1071081.4	-413489.9
81	11000101010100001101101111000101100010110000011110011110010000010001000011011001101111010110101101010110100000111001100001010100010000110001101010100010110101001011101101101010010010001110110101010101110000110101110011100100000101101	1005373.1999999997	-386996.4000000001
82	01100100111100110110111100001011010100000100111100100011000111011010000111010100011001101100101011101101011001110110010100000000111110100111110011010011101010101011010101111110010100101011100010001011000000001001110110100100100011000	1106449.9999999995	-427752.39999999985
83	01010101110101101000011000000000010110010011001111111101111001001011100111111010001011010100000010110101011010100000001010011010101110010101110101010000011011101011001110100010110111110001000011010010111100111101000100010101111110101	1023441.5999999997	-394414.8999999999
84	00110001111111001000001011000100111101001011100111001010010111101010101111110110011010101010001011110001110011000110100110101110100101110010010000010100111001110111101000111101001100001010100111111000101110010001100101110000010111111	1102721.7999999998	-426317.70000000007
85	00000010110011100010001010101110110111101101011100011111110111111011110000111011000110101111111001010110001100111111011101100011110010001110101101111011100101111111110101101000011111011110010010011110001001101000100000111011000111100	1259467.3999999992	-489406.8
86	11010101000010100100000111110100000101110100111110001111011110111110100000110100001111111010110011011101001101101000100110101010111101001010001110110111011000101001110010100100001010111000011001010011000100110001101101001100100101111	1053927.9999999993	-406520.39999999985
87	10011110110000011101011101100100101111010010000010101011011100100111001010110100111010000110100111000011100101000011010001101100100111110000011101101010101101011010010111100111001000111111000001111100111001010110001110001100101011010	1025070.2	-394885.30000000005
88	00101011001000000111001100011000110101101010100110111111010000110010110100110001011010011110111111011101110001111101101111111111010000000111010100111001011101110110000100011110110000010011100110110110000010100100101111100011010110111	1078250.5999999999	-416292.50000000006
89	00100101010001001110010011111110011011101101110100100000101100111110001011100011111110100001100001011110111101011111100010001011101101001000010001101000110010000011111000001111111100001111010011010000001001001011001001111101000010011	1024400.5999999996	-394650.70000000007
90	00000010111011000000011100011011010000101110000011011001101000010101110011110111010000011100011101000111110010110011010100010111001000111110011111110100001101110101001000111100010010100110111111101100111111010000010101100010110001100	1075386.5999999994	-415167.90000000014
91	11101100010101001101011111101110011010000110101011110110110000011100101110100110110111011001010001100110000101011110001011101000110101010110101001011110010001000110110011100010111110010100010001100010011011000001111001101110100101111	1086052.5999999996	-419558.1000000001
92	01111111111111001011111000000010110100010010101100010001010010011010111110110111100001010111110001100100110110000111101010101110011011110011010101101100100111100010011101010110110110100010010011110001110101001100100010100011111010111	1112305.1999999997	-430025.30000000016
93	00110010111000001011001000000011111101111000111000101101010011010011101101111111100101100000000110111110011001110010101010011110010110000111110110111100110011111100110101110011011001100111001100101000011111110111000001111110111011100	1162000.7999999996	-450051.79999999993
94	01101000001101100011101111010101110001111101100000100010001010101110111111000000110111010111000001011100110101011011100011111010110000010011100010001100101100111010010101011101010000011111100111101000101100101001010001110011001110000	1063608.3999999997	-410499.7
95	10110010100011010011000010110011111101111011000000111100001100010110111101110101000101100100001111111100101111111110010100000010101001100111101010111011010100101011010100101011100001101010101010111000000110111100000000010110101100111	1092780.7999999993	-422136.30000000005
96	00010110101001110001100000101010000000101011010010100010010010111000101000110001000101011011000011000110010001001110101110100010101111000100100011101011000100101100001010000100001000010110011110001010010111111100010011001111001001111	846123.3999999999	-322950.8000000001
97	10000110110110000100100110101010110010011011010011001010111001011001110100010000110100111010000111101011000000011000000111011001111001001101011111101010110011101101110000110100011010111100010000010100110110101001111011000111011001011	1045140.1999999998	-403048.9000000001
98	01000111110001000111011100001000000111111110011100000101101000010100011100000010101000101011101101101010011101011110010100101110001000000011010101010101100001010001010100110011010010001110100011000001011100110010100001000100100010010	934017.1999999998	-358372.89999999997
99	01111000000101110101011001011100000011011010010101001101000000101111101011000111000100101111101001000001010000000101001110110011100101011000110000010111110000001001000010100001101000110011011111010001110011111110101000010111100101011	893814.1999999995	-342026.19999999995
