SOLUCIONES INICIO 

0	0000111000101101000011011111000010111000110101110011011101100100100110011101001000110100111101001001111011010001101110101101011101001111010101101100011101001011111011001100111010000111110100100100100010001101011011000101000100000010	1653177.2000000007	-399915.2
1	0011101111100011010111110000001100101011010101011000000001101100010010100010111110110001011110100101011111001000011101011000000010000001000001001001000000011101100001100100111001011001001110011011100111001111001100101111011110010101	1418148.0	-341476.6999999999
2	1000100000000101100001011100011011010101001001111101111110001110011001111001000010011111111000110110011010010100110110001110010110111101011010100110000101000010111010111011110000010001011101001010000101011000011111000001100000100000	1566540.8000000007	-378370.8999999999
3	0011111010001010001001010100011011011001000000011010000111101111110100011110101000110001001110000100010000000011000111010111011000010100011100110011100000100101101101010001011101101110111001110010001010111111101010011111111100111000	1478485.1999999997	-356544.2
4	0011101001111011011010110011000110010100111110001001001110010010101110001100100111111101101111110000010010110100110001100000010100111011111100100011100100110011100111010100101001001010001011100001000011100101000000110100100100101100	1531859.8000000005	-369785.79999999993
5	1100100010010000000111011110011110011100110111101011111000100111010010001110110000100101010101000110101000100011111001101100111110000010001001001101101100000101000000001111011011100010000001011001011111011110100111000101111011011100	1470899.6	-354690.8999999999
6	0010101101001100101111100011000011001001010000100111001101011011111111101111101110011100111101100010110010110101110011000111101111001000100110100000101011000001011110111011101110010110100010101100110010110010111000011100011001010011	1692689.0000000002	-409632.4999999999
7	1001011100011111001010000110100111101100010000011111110000111010001000001001111101001011101000010111001010101100011101011001000010111110011110010010111111110101100011101001011111001111100010111111000000001110111000001110111011101000	1635815.5999999999	-395489.59999999986
8	1110101011001011001101010001101000010110000000001010010110000101000010000000111001111111011010011011000011110001110010000111001110001110111010011011100010001110001101011001110011010100111001001001011100101011000011010111111111111111	1569908.5999999999	-379271.29999999993
9	0011011011010110010001110110110000010001010100000011110101110000100010100101101111001010011100111000111011101011011100101011010100111000110010100001011001111100100110000111011111011101111110110011111010011011110010011111000111100010	1643848.6000000003	-397560.6999999999
10	0010000100101010000010101100001101001010110110101001100000100111000110111011001100000101011110100100100010011111111101011000101000011101010100111001100001101100110111111101110000011111000010001011010100100001101100100110110000010111	1616860.6	-390896.89999999997
11	0111110000110001101001110011011000000100101011100100011101101101010111011111001011010101110001011011100110001100100001101101101010110001111100101111111011010000011011111110001000011000100011000000101100100101001100110100100110001000	1711116.4000000006	-414316.29999999976
12	0111100110110111010100110101011001011100100100101011101000101110001110000001101011110110110001101111010011110001001001101010000101010101000101101010011000010010000110111100110111010110001111011111001110101111000011001001100111000000	1597164.6000000008	-385991.39999999997
13	0110010111111011001011011101010011011101010101011111110111100010000110000100001000101111011111101010011110101000010011000100001100011111111101100010111100011101001111000000100000000100110100001000110100111111001001000010000100000110	1522983.6	-367456.79999999993
14	0101110111100001101100101110100010100110010000011011001110101101011010011011000100100010111001000001101000101011100100000111000111110110011110010001110101010100101110110100101111000000110110010001010010100101001000011110011001110111	1547783.0	-373716.29999999993
15	0110100110100111101010000111110111000001000101001010110001110011001111110110000110011101110110111010110101101100110010100100111001101111100101000101111110011101101000110100110010001000111111111000111010101111001100010000110010100010	1684462.8000000003	-407545.4999999999
16	1010011101011110110101110001010101110111001001100000000000000111001011001001001001101001111001111010110000111001101001000000111111001010000110101011000010100011000001110000100100110110111110011101111010011111000011101011000100000011	1443961.4	-347980.1000000001
17	1110100001100110010100111101101110100010001011000000010011000111110000111111010101001011010001000110101101110000001110111110111110000110001110111011011111011101111010100110010000101100101010101110010111010100011000101110111010000001	1688166.2000000007	-408495.79999999993
18	0010001001011010001110101011000001010110111110110010110011111101110010010100101011000111011111010001011110000110101100000001110101011110111111001000011110110010100101110100110010100110001000100111011010100010100101011110110011000000	1620259.8000000003	-391804.4000000001
19	1111001110010110000011010001001001001000101110110100011011000110000010111010010000010100111010110000010000100111010000011010111000001111100101010100001000001011001000111101101110110011111011111000001111000001000001001100111001110101	1419287.4000000001	-341726.6000000001
20	1100100011101111010100100101100110011001000101110111111110000110010010100101001101110110101010010110001110100100000110011011101010000000010100101001101101011100110110001010001001010111010011101111001110000100111011011110110000001011	1544837.2000000004	-373006.89999999997
21	1100000101100111010010110001101100010110111010011000011001010110111110011000101101000100101110110010010101101011011010000100101001010100100010111000110011010001001011001010000110010011000110111111101100110010010010011011010100110001	1496322.7999999998	-360965.5
22	0110100111010100000010000111010000100000000110110100111001110111001101100100111000010101111000011000001101000010001100010101110100010010000000000010001010100111000000000011101000011110101011100011000011010101110101100011011100010010	1188578.8	-284468.1000000001
23	0011010000101110110000110110100000010010101011101100001001010111110011111011101101011110000001100000000101000111100111100101010000111100111110100111000100011100110001110100100101101101101010000001100100010100110110101101010101011010	1536483.0	-370943.30000000016
24	1001100111110000001001110001011101101010011000111100000101000110101110100001110110110110111110011100111111001111111010001011100100011100010100000010110001101100011011000110111011010101110001101101100110010110110010100110100101010101	1656111.2000000007	-400586.7999999999
25	0101111110101110111110011011011110001111001010010000010111101101101001100001100001111111000011010000100110101100111000010010010101110100011010111011011100110011011101111111010111001010000001001100100000111011101011000011010111110000	1773089.6	-429592.1
26	0111101111011101001100111011000001011010111111100001111001100111010111000111100011100110000010111101111000010010110101000000001111011010110010101000111111100101100111000101000110100110110000010000110101100100010010011010110010010010	1562087.2	-377177.1
27	1101111000111000011111011101110001010000010111010000011111110100011110110001011011010001111111110010110010110000000100100101011101111011110011100111100011011011101100100001010010101111011010011011010010111100101011011000110111011000	1648936.8000000005	-398720.19999999995
28	0110001011100010111010000010101111011100110101011110001011010110000000111111000101011101000011101110111000010100101101000101011100110101000110111001110111011001001100010101011011000001011110010110000100000011110001000001010111111000	1556752.6000000006	-376042.0000000001
29	1011111011010110000110000000000110010000101101011100111000101101010001011011001110101000100111010001110111100000000101010000010001100100010100001111101000001110010110001001100001001001010010011001011000100111110000000001111001111111	1377660.5999999996	-331534.19999999995
30	0000100111110000010101011110111110100100001011101010111011001000000101010100011011011000100000101001001110110010010111000100010011010100100010001010101110110011101100000100010100100000101011100101001101011111101000111111100001101110	1421280.0	-342183.80000000016
31	1011110000101001010100111011001111000000001010001001110111100111001100000010110001010010100110000011101110100111100001011111100011100110011111001110000100101101011011011001111101110111101001000101000110111011110100000100111000111010	1649587.4	-398980.7
32	1011011001010111111101011101101010111111010100101010010000000100000111110010010010101111011001101101010100111111011001110000110011101100111010111110111100111000000101010000101000001011101000001111111001101000010110010010100000110011	1609283.799999999	-389002.20000000007
33	0010100110010001011011100000110001110100100010110000000010110011111111110101010001001101111010110100111111001011000111000101111000111000001100111011011001001010110100011101000011100010000101101001010000001010110011010100111010111011	1568051.0000000005	-378828.89999999985
34	1010010000101111101110001011101010000011110101000000101111110100001111110100111010010110111000011011010110100101101001111010000011100100011001010000000111001011001011111111110011101100011010001010110001001011001101110011000000100110	1665453.0000000002	-402930.0
35	1010001101001011101011111100000101011101101100000001111011101101010001010000011010111000000100000000001100000001111000111000101010000111011110011110111010101101111010100101111010100010110100001001000111101100001011111110110100111010	1541450.5999999996	-372086.2
36	1011111101001010000111110000111011111110110001001101110101011101111110111101001010110100011001001100111100000001000111100110101110100001100011110000000011110001111111101101011011000011110000000110101100111010101000010101110000100000	1700563.2	-411731.2999999999
37	0111100111000000110110100011000000001011100111001000000111001101001000011011010100111000000100111011100010110101010000001000010100001001010101000001010111110000011001100001101010100010101000110000010000111000100001001011011111101011	1303845.6	-312999.7
38	1000010111101101110011011101111010111000001011111000110000000101111100100111101101110111111110100001010101000101100111001110011111100011000111001000000101111111110111110111110110000000100100010100110101101010110101000010100111001111	1793955.2000000002	-434907.30000000005
39	1001101000010110101010000011111101011101001011111101010011011101101100101010001111110011000001001011100111001100001101000110000100010110000100001010101110010101000110001101000110001110001011001001110010001100000110010101100011100111	1455702.4000000001	-350769.3999999999
40	1111110000000011001101001101111001011110011100010010110100011001101101001010001010010100010011111101001101101000101111000101011010001000111011010110001110100100110101011111001011010000011001010011000101110001011110000001111000110110	1626978.4000000001	-393426.10000000003
41	0011000101111101110010001000010010001011111101000001110001000111011011110101010010010110111111011100001010001100011100011110110000011110100101111011110000001001001101101100110101000011101011001001111100100100010011000010100111100011	1590689.6	-384377.8
42	0101011011010000111111010001011111011110011011011001110111101000100101001101110010110001110001100010101100110011011010010000100110111010011001101000010100100101101000110001111110010000101001011100000000001011001011100000101000111001	1488789.8000000003	-359107.2999999998
43	0110000111001010010101000110101010111111100010110001000011000000101010101011100101010001001011010000110010000110000011001000000010101000010000111010001000001111111011111110111101101110011011110111100101110010111010000000011100010100	1548081.7999999998	-373749.69999999984
44	1011000111110000100000000110000101111000110010010000001011000010101101011110111011111110001100010001000110010001010001110111000010101101001000100101010010110011100110000101000100001111101000001000101110000111101111101111100000010101	1385523.3999999994	-333385.40000000014
45	1100010111111110011111101001100110100011101100000100111001100001100001010011000000000101011110101001000101001010101001001111010010100010001010110110100110110111001101000101101110100010101011111101000000100011011000101000101011110111	1481146.5999999996	-357239.70000000007
46	1110000111111011101100101011111111101001111001010101001111010011110110111000110110001001011101111000110100000100000001010011110010111101101000101100011010101101000001010000001000000111110100110011011100101010011011111010001000110100	1519309.0000000005	-366501.3999999999
47	1010001010011000110001011111000110011100011100001010010000101010111010111100011000101010001011110110100101101111001111110010011111101100010110011010010011010110101100110111000010110011111100110100001101000010100011001110011110010111	1670479.4000000001	-404078.2000000001
48	1011101111110111001011010100010101001111110101010100010001111111000100011000111001000111001101111010011110100101110110100100111001111001010001001001101110010110101100110010100101100110000110001111100111100010101000110111000100001000	1649901.9999999995	-398981.70000000007
49	1100101110110001110000110100010000111011001010101010011000111001010001110110011010001111011101101001011101101100000001100001110111100101101110011110011101000101001000011001010110011000001001010011100001111111001001110010000110100000	1496800.6000000008	-360964.5999999999
50	0001000010011000110111011010000001011100011110010001000100111111001011000111100001101010010001011110010111110111100000011000011110111110110010110011110001100110001001100010100110011011000100110001011101100010101101110001110000010101	1534474.3999999997	-370476.5
51	1011111100011000011101011100000000100000101011110001110001110111100110111000100011000101001100011111000000000011000101000001000000000110100000011110101010110011110111100001111111011010011001111101011110110011000001000001000111110110	1433947.8	-345432.5000000001
52	0001011011101011001101010001001100000010011101000111001010111110011001111011000110110101111011001100101000010001101001100010010001111101111110010011000011000011011010100001111111111000110100000101010110111111010011000110010001111011	1536678.1999999997	-370911.6999999999
53	1001111010110010110111100110011110001111000010000010001101011000011110100110011101111001111110111011011000010110101011001101010001100101101110110111000111000101110001101100100011100100111010110111011000100000111100101000101111011001	1697017.200000001	-410791.6000000001
54	0010001110100001001010010101101100001111001111011110111011100100111111110011011100010100101101011111011101110000110100100100100111011110000100000100110010010111000001111011000011111001011010001101010101111110011111001001110110011100	1646300.8000000005	-398259.19999999995
55	0111011000110111000010110010001101010011010110010000010101111110011001110001010000100110010010010110111101110111100110001010100000000101111110000010000001000000100011111101110001010101001001001101010111000111110101011111011101010100	1543732.6000000008	-372786.70000000007
56	0111111001110001110101010110110111010001001101101001111001111011110101101000010010100001001010110011111010001101100000001010110110001100011111100000011011110100110001000001100101101111101101110101001110011001001101110001000011011010	1544165.0000000002	-372754.4000000002
57	0101000000100011101010001010111110111000101011111110011110000001001100101000101010000011100101001111000111111000001111010000001101111010010111110001011000000101110001101001001000011010101110101010011101001011000011010101001000011000	1450097.7999999998	-349382.19999999995
58	0100000000110111111100001111100000000000110111101110101010000111100010010000010010001101110101111010111011100111010111110000000110010000010010101100011001000111011000001010101110110010110011101001100000011010100111001110001111100100	1453914.6	-350309.3999999999
59	1011111100001000000110001100001001100000100100001110110001111001010010001011101011101000110111101011011010011100110011000110010100010101101011100101101000110101000111001010111110100111101101010001000001111100000101110010000110010111	1523928.6000000003	-367691.29999999993
60	1110000110010010111001101110000110111100100101011000110110000100011101001001110010001000101000100110010111001111101101001101000001101110010100011100010010101011101111101101001111011000010000001101011101100010111111010111010100011101	1658970.3999999997	-401303.5999999999
61	1100000111011010100000010100111011011110101010010111011110010010101111101001110000011000010000101111010001011001010101000100010011101111010001001010011010111001111011000000110000100011101010010101101100110110111100111001000011111111	1560743.0	-376943.5000000001
62	1100010010010101010010011100010100000000101110001010110001000010101000011011100010100001100110100100000010100010100000010001110101010000110111111011101001001010101011111101001101001001110011001011011010110010010110110010100101000000	1444495.2000000002	-348019.4000000001
63	1011001000011110100010110001100111001100110110100100000011010111010011011111011100111000011000000010001101000010000010110011100001101110000101011101011111010010101010111100000000100011001100101100111100101000011000110001000000000011	1471542.0000000002	-354734.3000000002
64	0010111001111101011010111111010101001010110011010000001101111100011000101111000011100100100110100110100110100011101101100000110110111010111101001111100001011100110100110011110100101000101110010000001010000010001101001011110000101111	1624617.5999999999	-392715.2
65	0110000001010010100110011111011011010000111100100000101100010100111001001100101101101000010101001100101001001100001101000011101100000101010111001100011011001111100111000101111000100110101110111000000111011010101011101110000011011110	1481673.2	-357253.2
66	1100110010100010010111100001010100111101010111011101000000110000011111000111001011011111010010110000100011001101111010011110110011001000101010100100111010111110110011000111100011011100111001101010111011101001001010101110011110000101	1645274.0000000002	-397809.4999999999
67	0011010110001110110101111101001010100010010001000111011100010011010111110111010101111010100010100000101111110101100010011100000100100100101001100001110111100001110011001101001111010001111010110000110101000010101110011111100001100101	1584542.0000000005	-382745.80000000005
68	0011110101111010101001001010110011110001100100101100001011100110100110000011100100110010010010111010011100010010111100100001010100001000011011100011001100010001110111110001101000111101110101110000101011111110111100101000100011101011	1564120.4000000001	-377641.7999999999
69	1110000010101011001110100010100100011000101011010100111110010010111000001101111101001001010001101100100111100100101111110010001111010010000101110001111101001001011001111001001101100011101110001101011011010111000000001101111100001110	1605329.4000000004	-388092.50000000006
70	0100011000110001111101110101000011001111110010100101000100010011001011101111011010000010100110110011010010101010010001011110110110011001001001100111101000100111101010110010110110001111011011001011101110000110000011100110110000110101	1586268.6	-383202.6999999999
71	1110111111011111100011001100100100010111001000001101101101101110100001111000100110110111111111111100110001101001010011010001101110110010010000001100010111000101101100011001010100100101100100110111100110001101000010101110100111000011	1580352.4000000006	-381802.6000000001
72	0011010001011110000110001111000010110001100001111011111001100110010110000000011010011111101001100100111011010011011000010000111100001001010000101100000100010011111010001100100001010110111111010100010101000001000000111000111000011011	1438438.2000000004	-346612.50000000006
73	0011000110100000111010010101101010011000111110111011011100001100110110000101111001101000000111000000010100011010111000010001101100011000001010011101011101111001001110111111110011111100010111110010100010000101111111101110000101011011	1651309.6000000003	-399445.2999999999
74	1110000011111011100111101010100010110101111111110010001011000100001110010110110101111011111101110111101100110011100101010110011101101010100010110100110011000110000100001010010011101100010001001110001110110100100100001001101001010111	1584330.2	-382734.5000000002
75	0000011101001110001100000000111110000010100000101100001110110111011001000001101111010001101000000010011111010010000110011000100110110110010101101001100011110001010001101101110011100100011011001001101001011000101001111110011101100000	1473816.4000000004	-355422.6
76	0010110111110001111010101001001011100100000100101100011011000110000100100111101111001110101001111000001010101011100011111010001011010010111110010110111010000110010101111110011010001111001100000011100110000101011101000001110111001110	1670839.4000000001	-404323.80000000005
77	1100010001110111101011011010101011110101011100110000101010000110011111111000010000111011001010111000000010111010000100000000110111111110000010110000110011100110100011100101001111011110110100110100001100100001000111110100100111111100	1511364.2	-364656.70000000007
78	1001101001010010100110110101010000001101001111111100111011100000100000010011100100100011001000000101100001111001010100101111001111101001010000101101011011001101011000110000001001000111111000111011001001110010101100110011011100101100	1494854.4000000004	-360505.9000000001
79	0011111010011011101101110110111100101010111101111101100000000101001110110100000000000011110110111000001010111011101011100011001001111000110001010100010110010001000101001000010010000101010001010000110100110010111101010001101001010000	1434844.0	-345666.6000000001
80	1111011100000110000010011010000001111010010011111101100001000010111010011110110010101001010001101101101101111001001111001010010001100101001000010110011101100111000100010101011000000110110011110101100000001011110111101110010101010110	1495688.2	-360725.9000000001
81	0101010000110101101011110101011110100001100000111100100000100011011011110110001000111101110101011101111011111011100000110110010011001010000010100100100000111111111110010001001101010000100101110100101110100010000101100001100010010010	1540041.0000000002	-371870.3000000001
82	0100111000101110000111110001111100010101110000010010100111100110111001111000110001101000110001100011100110001001011001001100111011110110110100010101001110101000000000000011101111011110111010111001100100010111001111111011111010001110	1490889.4	-359538.0
83	1111101111100000100110011011010101011101111110000011010001001110001111111011011111101110000001011111011101010101110101001100110001100000111000000000000101101001011000111111000000011101111001001010011111100111001101101111011111110111	1743621.6000000006	-422367.3000000001
84	0111110011111011000000111111000011100100000110011100101001100100100100001101101000001011100011010000000101011000001001011011111010010111010101100000001100111011001001111000110011011100000100100001010011000011101100001100100111001111	1485391.6000000003	-358202.5
85	0110111000011011001010010001010100101011110100011000111010111110011010000011011100111001111110101110101000111011000000101000111110000110001000010000101111111101111100010111010111001001000111100011100000011010111100100010000001011011	1600743.4000000001	-386929.70000000007
86	1110000001000100100111010100111110000111111110010110011100101011010001001011101000010010011100000111001110000110010101000100101010010110010110101011011100111111100110001010101011101000001000111001011000111000110011010111000011100110	1509866.4000000001	-364197.5
87	0000111010000001011000111000100100010001100101110111110111101010110110010000000010101111000111001001101100110111000011110111010000011100000100001110001000110101011100100111010111110101001001001110011010000000011111010110100110111001	1544790.2000000004	-373034.60000000003
88	1001101110001100101010001101010010111000010001010001010101000110101011100110110000010000010100011001110001111011110110010111101110110010010111010011000011110000111111001000110110101000101001101110001000011001010110110011101100101101	1621882.7999999998	-392034.5
89	0001001001100100000010111111101001000100101111100110110100000001101100110011010101000001001000100101101111110100101110000111100101111100000010001010100111111111100111000011111001111111001111011001111000000101011111101110110010110011	1612861.2000000002	-389922.4000000001
90	1111010001101110100011100111000010000100100000001001011101111111000111110011101001001111110000000110001011010100111000110111010011110101011001100011010000010010010111100111101010101000101000001001000001011011100000101110101001110110	1574432.8	-380450.0000000001
91	0101101000101101000100111000111010110111011101110110110011110100010110110000001110101010011100001001011010110101001111111100000010011100010010000011010111001010101010011110010110101101001110110001000100001001101111000110101110100001	1605392.2000000004	-388085.2
92	0001100100110101110000000010001110101000000100100111001111011011001101000101000011111010001100110000010010010011100101000010001011011101100000110110110111011011101001110101100111101100111101010100011010010101101100100101001010100000	1482273.6	-357500.5000000001
93	1000101100101001100110000001000010100011011110101100000001001001100100100011110100111111110100000110000000101110010000100111110000100101011111101101100001011101001000000011100101101000110101011111000011000110101010001010011110100011	1366513.9999999998	-328744.99999999994
94	1011000011000000101001111110001011110011011101001111000111001011010111010101000100101101000101001000010101000111100110111001110101111110101000101011101000001110111111100010001001111100001000000010001001101011000001000000110111000100	1592365.8000000007	-384869.4000000001
95	0000110000111010101001011100110110010011010010101110011111010100100010111000000001000011101001000011100011000101101010001011100010110010001000101001100010011100110110011001101011001110011001101001001100111111101000101001100111100011	1465569.2	-353323.9000000001
96	1100010011101001001010010100111111111101100110101101111101001111011101110101100111100100100010000001110001101000100010110111001111001010110001111001110011001011100001111011101111000001011000011101111001110011011101011011000010010011	1719100.6	-416343.80000000005
97	1111001000111110010100000110101010000011100000010001110001100101111010100011001100011001100101110101001101010011000100000011101000011010110111101010111001000111000010000000110011111111101100110100001011010111000110101110110010010110	1401689.4000000004	-337305.8000000001
98	1011001010110110001001010101101111001000110011111000011001110010111000001100110011001110110001100001000010011111110101101100011010111000011001100000101101000010010110101000111000110101000110010111010000001011100001000001100111001110	1467346.6000000006	-353789.30000000005
99	0001011010101011000111010011101111001110110100101100111101111001110101110010000001011110100110000100010111101100010011110010010001110110100011110001101110001011000010001000010100110011001000011001111100111010001110010110101110111100	1530194.4000000004	-369288.3
