SOLUCIONES FiN 

0	10011010000010001001111000010100110100111100100011100000110101101110100010001101110110110101101100111101101001011000101000110101111101101000011110100101001111110011101111110111100011010111011000001111111111100101011100000110101100001	1415466.8000000003	-433305.2999999999
1	11011001111010011000101001010100010011001111110001000010101011010000010111101110010011011010000011100000000000011001101010100001110101000010110001110100000100111010010000001101010100000101001111100100011010000010100000000101000001001	940907.7999999997	-283373.0
2	11010001101001000010100011001000100011011101110010001111011111110111110110011101110101111111111011010011001110110101110100011110101110001000011010110111110111100011111010111110001010110110000111011100000101010001001101001001010110111	1485431.7999999998	-455170.5
3	01100101100111001111001100110000111001001110100000000100011100000000011011100011111110011010001001110001101011010001000000110011111011100100100001001010000111100011001111010000001011100010110010010001010110111000000001010111111011111	1197921.9999999998	-364398.2000000001
4	00010011111100101000111010111110011111010000010001000001000100110101100001011110011010000001001100111101110110101001001100011101010011010010000011011111110101010101101010111101010000001100101001001001001110110011101011110001101001001	1306032.4000000001	-398629.70000000007
5	11001001000000011101100110011000110101001000100010000010001010101000111000010010010001101011101001000010101001001000111101011111010000001100111010111110100100101000000100100110000111001110110110110001001010000010100010010110001111101	1015653.7999999997	-306882.1000000001
6	01101000111010110001110101010100001000110101101000011001100001111100111001110101000001111111001100011100110101010001011110111101111110010111101101101001111100111101101010011101011110100101110001110100011110011001011110100110101011001	1452515.2	-444930.6000000002
7	01010001011001111011100001001001101111001001001111000000001101110101011111000011101100100100100101011011010010001001000000001100001000000000000010111010011100110010101010101100000001010011101010000100110100010110000010111001111000100	1043588.2000000002	-315754.10000000003
8	11110001001010101000110111110011101011101011111110111000100000001101000101100111000110011000010011010010010011000100110011110101111000100000011111010110010110001000111010101100111001100011011001111101000101101000000000011100100101000	1239287.4	-377658.1
9	11110010111110111011011001000100011001000000101010000101111010000111101000010000010011011011101000000001100010110000000011011101100001110100000011000111101110110101001111110111001001111111100110110010110101101000101010100001010000010	1247624.8000000003	-380235.3000000001
10	00001110000101010101110001010001100011101000011011111010011110110111111111011101110000000011000100111110100001100001101100011001101001001001011011011000011100100101111010111110011001111110011100101000011101101001111010101000010110100	1348276.6000000006	-411885.1
11	00001110100011100000001100000010010011011100100110001111100101100111101000010010011000101111011001011011001001110111100010100110110110000100110100110001011001101101100100001111101111100101011000001100010011001110000010001101110001011	1164888.9999999998	-354143.80000000005
12	10110100001000000100101111110101001010101001011101010000010010101011111111000101111000011011010000010010000000011100100011100011000101000101111101001100000100001101110101001000010101100011101010101010001010001011110000001111010001111	1129860.5999999996	-342973.70000000007
13	00101111010100001011010100001101110001000101001000111001110101000100011101011100010000100011011011001111000100110101100001001011011001011101011110010011000001011100010010011000110001111101000111101000001001111010001011101111110010010	1177896.5999999994	-358097.9000000001
14	10000110100000011100001001000001011100111111000010100111110110111001010001001110111111111011010010111110101110110101000000110011011100110010100011010101001111101101011101001100110100110000100101111000001110110101101110101100110100111	1350762.3999999994	-412802.89999999997
15	00101010000111110001100101111000001001010100111001000010110111011101111010100011100111000111011010001010010011000011001101010011011101001100111000100110011000000101100110010110011010010010101100101111001001111010010100011100010010001	1167127.2000000002	-354835.0
16	00010001010100000100001101100000010111010111000100010110011101101001000101110000110010101101000000100111000100000100000010111101111001010000011101000001010111011000000101001010100111101101100010101000000111101000101000000001010010101	975338.0	-294333.19999999995
17	10001110011101001001101011110011110011011100110001000011101001110101110110011000010001010011011000111111101100100101011011011000110101100010110110101010011010011100110011001100110010100100100010010000111111000001000101000010101110100	1269827.3999999997	-387202.90000000026
18	10010101000001100101001001000111000010001101110011010011101000101101011111101000010110111110111101000101101001011001111011011011011101011101101111110110010100001111101101111000011001100101011010011010100110100000011010011000010001000	1387421.5999999999	-424476.1000000001
19	01111100100000100110110000000000010010100101101010000001011000111011000100111001011100010100001100000110110000010000000010001000100100011101101000011011001110100000101010000101110101001001001101001110001010100111100111000010001000000	936121.3999999997	-281769.8000000001
20	11100111111001011001101111101000100011011010010101100100100000000011111100011010111110101101011110101101001101001100100001100010011001101010110011111111001011110110101010100100100011100110010110100011011101000010111000000001110100110	1276423.5999999999	-389285.1
21	10111100010100001110100001111111011011010011110111000111011000011101110111010001010001100101010111110101001001010101011011000100101100000111010000011011010011111000100111000001110011110000100011000010000010001001111001110100010101111	1209658.3999999997	-368102.80000000005
22	11110100001010011100001011011101101011011000000000110111001010101010101111011000001011101101010011001101011011110011100000110100110111000010110101001100000111110011001111111111010100000101011111101110001010101000001110100010111111000	1374142.9999999998	-420261.89999999985
23	11000010011001100011001000001011010110111100101101100110001110101111100111110101000111010110111000101101110111111111101011100110101011011000001100111001000000001011111101011100101010110001101001110101111000111111000010101101111111000	1456378.7999999998	-446091.10000000015
24	11010001001110111110011110101001000111110100001010001100001010010011001001101011010011011111101010000100111100100111011000011101010111100110010010100000010011100011111111000010001000001100100011110101000101110000001110111100011100011	1256573.5999999992	-383017.1000000001
25	01000111111101100110011111001100000101010100000111001001111011110111111010001011000011011100100011110011101100000010011101101010111011001111010010000110000100001001101100001001110001110100001101011011001001100010000011000011001011111	1220051.3999999994	-371354.90000000014
26	10001001100100110010011001100001100000011000001000010000110000001110100001101101111001100000100110000011110001101010100000010000001000010111111100010001010011010100010110100000011100000011011001100011101001110010101000000111011001110	984314.1999999998	-297135.10000000015
27	01000111111110101010001011011111010010111100101011101000101010001100001010111110010100011101011011000001111110011110111110101111000101000000100001111000110001011110001100011111110100010101100000110101101101001100000111111011011110110	1314662.0	-401372.60000000015
28	11001001011100001100101110100000111111011000000001101001100100000010010110011000001101000110011111110010101111011000101010101001100101110100101001011101011011110100010010010010011111100110001111110010100011000001111100011110100110000	1207454.1999999997	-367411.49999999994
29	01010000110100101100111100100011100110000100101110101100001001110101111111100101100011000011010010011001001101101101111000111010010110010000111100100010101111010001011001000010100001010100011010011101101111010101000010100000000110100	1172217.2	-356470.9
30	11011111101101010101111000011111110101001001110001111111111010110111001110100100111011100011100110111001110111101000100111111001100011000000110001010010000010111111010010011101001100001001111011111011100111010010101011101100101011000	1379068.9999999998	-421615.80000000005
31	11000001001110110000001000000100111000011001010101110000010000001000100011010100000010101111010001101010111000100010111110010001101001010011111100010000101111000101101100110110110111000011100100011100011010011000100100000101011101000	1160864.6	-352785.60000000003
32	11110001000010010000000111101110101000001011000101011101010011111110000101011110110111001100101101010010100110000111100000011111000101101010000000111001000010100100010011101000101001011100000101111010100110001000010010000000110100110	1110089.3999999997	-336706.6000000001
33	00001000010100101000010010010001000000011110001010010011000101101010101100100101011001101010001110010010011100100100001000000110001001110101100000111010000011100010111000000101100100110000110101100101000001000110111110110100100100111	955821.8000000003	-288045.10000000003
34	11000010110100100110000011110111000010011011001111000011101110101111000010010110010000110110001110000100010011100001110110001010101000011001101110101001001011011000110111111011000010011001110111010010111100100110110001001001001010101	1289424.4	-393511.2
35	10000101101110011010011010111011100100100000000001101110100001111110100111100010111010010001000000110101010110110101111010000101010101111100101110110100011011110101110101111110110001100100101001000111110000011111011100101100001101011	1386198.7999999998	-423990.49999999994
36	00000110110101010001100011001011010100100101000100110111011111011000011000101100100010100010001110000100000000111100000101001000100110111001010001010111010011000000010001000001011010010110101111100101110101101100111100000000001111110	996954.2000000001	-301056.30000000005
37	01101011000110101001001111011000111101100011101110010110110110001001101001011000000010001010001011001100011000111101011000100110110110000100110100110001011001101101100100001111101101110001101100001111011000110110010001101101000100000	1180625.5999999996	-359016.39999999997
38	01011101010110000011001010001110101011011000000000010000001101101100101101010010111110000100011111101000010101010011100111010100011110010110111110110100101110110010010100011111111000100010011100111000010100110110110110101011101111011	1229530.3999999997	-374380.79999999993
39	10100010110000110101000101001001001111111111111000111110110000011111101111000001110000111000100010110000101010111011011010001000110011111100101011100100000111000011110001010011100100101111000101110110101110110011111100000001011111011	1298483.1999999997	-396260.8999999999
40	01001001010100010100001100100011110001011010100110011000000011010111100000110100001010101100111110010111001100111011001001000100100011100010000111110100101000110111100011000000111011110110111011001101111000000011101001101010011010101	1121042.5999999996	-340164.40000000014
41	00001011111010010000110101001011001000010000001110101011001100001100100010110000010011011100001000100110001000010110110000001100101000000110000110001101001011101000101110100100101100001100111010101100001100000011100101011100000000011	1025183.7999999998	-309949.60000000003
42	11111100000111001001100010000000010101011000010101010001110100100100010011011111101101111100010011001000100100010101110100111111110000111010101111011011000010000001111100011101000110011101001101011001101001010011011010111010000011101	1295735.0	-395360.7000000001
43	00000100110110011011001101111100010001001000101001100010000001101100111110101100100110000111110110101000110110111011011110110000001100110110001110110101110010010100111011100010111011011111100001010100111111001010001101001001000000110	1288691.4	-393264.4000000001
44	10111111010000011000110011001010100101111001010111010101110000110001111000100101011100110101001010100011011110101001000100110011111010110100000010011010001000101001111010000000000100100101001001001010000010110110100100001001111001011	1160707.5999999992	-352761.3999999999
45	01000000111010101110110011101100100001001111110101100010001001111001110111100000000010011001010110101111111011010001101010110110101110010000111100100000101111010001010100011101001011101100000010111000000011111000110101011110010011011	1253135.5999999996	-381837.0
46	11001001101001001111110001101001111011101001110100111011100110101011100011011100000110000100011111101000010101010111100000011101011100111011001011000000101001110000110110100011011001010010010110110110110110001000011001111100110110000	1254861.8000000003	-382534.2999999999
47	11100001011110110110000111111100101110010110111010001001011001111010111111011110100001011101001111111001010001010101100111011111001110110100111111111110110011101011010110001011111001110110111111001010001000010101000011111110101100101	1487524.4	-455836.69999999995
48	11010010100111011111110010111100001101011000010011100111010101101000011100000101100101110001111110100100110100010000101100110111101100111110001101010000011111101000101011001010001011100000001011100010010001010010110100111010110011100	1248917.1999999995	-380677.30000000005
49	10001110011011110101011110111100100010011010101001101110100010000010101011011110101011110000111011000100100110101101001000000111110000000000000110001110100100101000000100100110000100001110110110110001001010100010100010010110001110100	1028407.2	-310818.30000000005
50	11010011010011001101000110011110001101101101000100000001000011100001101011010111010001111010111101000101010011101101110011011101111000011010000110100000000110000101100110110101101111111100010011110100101110101011100000100001100110010	1248762.0000000002	-380452.80000000005
51	01100000101001110000110001011011100110000100101110111100000001110101111111100101100011000011010010011001101101101100101000111010000010000011001010010101001101100001000000100101001100000000101011100010110111100000001100001111001101010	1040270.2000000001	-314792.6000000001
52	00100001010010101111010111010111110001010001111011101111010001100101011010100010011011000011010000100001000000100001000000011000110000100101001100011111100100011000000010000100011000100000010100010000011110000011101010000110010001001	907210.1999999997	-272669.60000000003
53	11011100011111110010101110000001010000000001000100010011000011111000000100100100000111011011000000111100100010100011011010100010000000000011110000110001111101100010010111011001100011011111000011100011000010110110100001101101101010001	1114797.5999999999	-338331.8
54	11000101010010100000001100000111101001000101011101110101100010011111001011010110100111100100111001111111001110011010000101111111011110011011010000000101010011000001111000010101101010111101000011010101001100100111000101111111110000111	1280453.4	-390444.40000000014
55	00111100011000110001111001000001011111001010100111010101110000110001111000100001011011101010000000111101011000010010101110111010101001001111010011110001110111111100000111001010110111000101000010111001010011100000000100111011111111000	1253298.7999999996	-382072.70000000007
56	00011100100100010011010111110001111010111011101000010100011100110101101001011111101111110101010100001101110001001100101111110101110000011101101000011011001110100000101010001110101100001110010110100010110111110011000010111001010000011	1256568.0000000002	-382992.0000000001
57	01011111011101100011110110101110000100010110011101001001001100101111100011010000100001110010100110001101000101011001001111111110001101100000101010110011011011110011010100111111110111101111000010101111000100010001110000001111111101100	1342817.1999999997	-410233.8999999999
58	10011010111010010101110001110101101001110111101001001001001001111011010110001011010000110011110011011010010110100010100111000001001011111001100001100001011111111110001010101011100100101101010000010101110010011111101011111001111000000	1277363.4	-389506.30000000005
59	00110100001010110101110101000110100001001100110000110001111001001111010010011110001101000011111011101011011100111011000111001110111001110100000001010101010000111111001111100100001111011011011001101011000110000100111011010110011110001	1327050.0	-405349.6
60	11101011110111011001111000101100001111011110010100111001010011000010011100111011001101000011001100001110111110011000111101100100001000010111111100010001011110110010110001011110100000000000100000000001010111010001101000111010011111111	1291269.2	-393950.60000000015
61	00110110111001010110000011001101010100110101001010010001100010000010010111010001100001001000011110100110010110011011001010101011011000111110001011111101111010000001011111111110110000100001010001010001011000101001111110100010111010110	1353418.7999999996	-413543.30000000005
62	00100010110000011101001010101011100101101110001001011100000001000110000001011100100010010000101100110001111001101111100001011100101100111111010010110011011100010000111110110001100001010101101101110101001101000000010100111000000101010	1250119.2	-380953.0000000001
63	10011110000010100000110100001001111001100011011010111110101010001100011001001100101000010011000000011000010011011110100100110111010011001111110101001100101001011100001111000011100000010100111001011000001111101101010010000001011010001	1190404.2000000002	-362074.5
64	01001001010100010100001100100011110001011010100110011000000011010111100000110100001010101111111000001001111001001010111100111010011010011010000110101011010000000001010100110010010110000111100101010101011100000011101001101010011010101	1142241.8	-346937.80000000016
65	11000110101111101110011001001101001001000011100010101010000100001101000000000110101010011101110001011101110001111011100000100000001010110110010101010110101001110110000111111001110001001010010101011011011010010100001000000111010111011	1241409.2000000004	-378138.29999999993
66	11110011001000001111000110010110001010000110010000100010111001011100111110110111100101001010111111111100111011000101101010000110001100001001100001110010101001101001101100001000001110100110101111110110001101101010010101100110001111000	1226666.5999999996	-373451.7000000001
67	10011010001101101010001011010011001001111111100000111101101100101100011100000010001111100110101101001000001010110001101110110110100110010000111100100010101111010001011001000010100001010100011010011101101111010101000010100010100101001	1184561.2	-360202.60000000003
68	01110111001010100000100111111000110110000000011100101001001100000111111001010010100010011000010001100000111111110000011100101100000010011100111100001100101001001111101100010111110110011110010011001000111111101100100101100111111110100	1244711.4000000001	-379271.80000000005
69	00100010010000000001101011111111000001001011010011100001100010000010101011011110101011110000111011000100100110101101001000000111111001000000000110001000010011101000101110101001110000011000000011001011011000001101000100010001010110011	1087009.8000000005	-329494.8000000001
70	10100101101111111101001011101111000100111010111010001000100010111011100100101110101001011110010100110011001011100110110110000100010001000100011010100100111010110000111111001100010100010011010101010101000001000010000100000100111011011	1247801.9999999995	-380230.00000000006
71	01111100100000100011101100000101110001010100010001001100010000111101011111000100101011001000010010011110001101010010011000100110001000100011000010110000100000101010000100011011000000011010001101001110001010100111100111000010001001000	956129.1999999997	-288037.3000000001
72	10110011010110001100011110101100101111010111001000101000000000011000000110010110100101111100011101000010110110011011100101100000100001010010111100010000011111110111001111110010000000001010110111101101000000010111010011010001001000001	1244606.2	-379323.8
73	10010010101100100111111101101001110110111011010000101100001011110000110000000110110110000101101101011101111011100010001010001000100000000110010001111101000100110000001111010100100111111001011100000000011101001100110100110100101110010	1187034.8000000003	-361132.6
74	11001000110001011001111110101111111101101011101010000101011000101011000100101011110101111100010001000011010110001111111101011101010010011010000101011111011101101100000000101111011000001101110001101010111000000011111000111011001000010	1240414.4000000001	-377862.0000000002
75	01011011010000010100101000101111101111100010001010011000001100100110110001000011110101010010010011101100010111010101011101110100000001010110010001111100110000110111000011010110100100010101101100011110111010000010000000110001111100100	1154451.4000000001	-350655.0000000001
76	01000110101110101110011000000011110100000001100001100111000111000011101111001110011001011000100101010101010110100110001100001101000001011000011110110101100010001000010101101100101000010000101001001001001110110011101000000010011000111	1110218.4	-336702.70000000007
77	00001101001010010000011101110001010111000100001111001010111101100010000100110010100010101001000100100000000010011101000000110011000101110001001101001111110000101100000101110111001000000000000010100101000100000010110010010000010100111	996381.8000000005	-300874.00000000006
78	11101111001011100101010010000011010111010101010001001100001100000011101000001101001001000001111111000001111100011010011000010010110011110101100011111000000010110010011010110110111101010111110000011101111100001100100111111001100000010	1227320.5999999996	-373695.6
79	00000010010101000110101001000111110010000001001001010111101111110101111101101010110011010010011011001010111010101101010100011101101001110001110001011100111101111011001110001001000111010100001010001011000110001100011001100101100001000	1266205.1999999997	-386048.8000000001
80	10001010011001101010101110111000100000001011100001011101010101010011100011001000010010101010011100001110010000000000010010111000011011111001010001111111010010011110001000010100010000110011111011100001110000100011000011110011011001010	1066684.9999999998	-322949.30000000016
81	00101001010000110010010100000010010001010100100110011001000011010111100000110100001010101111111000001000000110110100100010010001000010000000000010001111001001001101000000110001100001111000001000101010001000111011101010101011001000000	899477.9999999999	-270364.80000000005
82	11101111110010000110110000110110100001011001101011011111110110101000101110000100110111110100000000010011110111100000110000111110011000111011000110000101100111010111101110010001101100111100011010001011011011111100110000011110001100110	1327463.3999999997	-405350.39999999997
83	11100011101000010010010101011101101011000111000101110000000011011001111011110101111110110110110011110110110100111101010011100100101000000101011000110010010100001111100110101100000001111001010100011110001011110111001110011001000110111	1303218.0000000002	-397665.0000000001
84	10100111111001110001000000010011010000001011000110111010111110101101101100101011010011100011011010000111100010111011010011010110111111001000000001001011111101100101010101011010001110011101111111000111111011010000011101111110101111100	1366096.2	-417676.10000000003
85	00000000011111010011110000110001010101101011110001011010001011011100111111110111101011011011011101101100110000101110111010010000011101001111101110111011100000111110100101011011101001100010001110101101110010011010100111011010110010110	1363659.5999999992	-416736.8
86	11100101001111110110100110101010010111111010101001010000010011110000111110001111111100001110010011110001110010011000101110101011111000001001100001110010101001101001101100001000001110100110101111110110001101101010010101100110001111000	1263971.1999999997	-385311.2000000001
87	00010010010101000110101001000111110010000001001001010111101111100101001011000000111100111011110110111101111000000100001011111000011010001001011010111101101100100110101100011100101110010010111110010011000110001100011001110101100001000	1213093.6000000003	-369274.6000000001
88	01110100000011001000110001010000110000011000000000111101000101101001111010110001110111010100011110101011001001001001010011011100010010011111011110001001000001001000100010011101011110010101111010010001000111110111001011001110011011110	1145431.5999999994	-347857.40000000026
89	10101001101101111010110111010010000100001101001111010011110101010011100010001000010010101010011100001110010000000000010011111000011011111001010000100010110000010100010101010011011111011101000000000101110010000101001010100110110100100	1081172.8	-327612.80000000016
90	10000011110011100000100011011010011010001111001011110001011110110001011111110110011111100101001001010100101110111010010111100110111010111111101010000010001110011101101011010100100111010101110100100101111010011111110110111101011111111	1459529.9999999998	-447001.9000000001
91	10000001100110110110100000110111100001110111011010010001000000011010111100011100111000100110110000100111000100101000000111111010011011110100011000010010110100001000000000010110010001101110001100000101101001010011011001011000111111000	997230.4	-301051.4
92	11110001101001110111000011100111000100110011001011001001000011100001111101101001000001000000011000110001001111011010010101110101100101000001011111001101011001011000111110011010001000100110001100110001000000001100100000110010001100001	1223224.8	-372574.0
93	10111110011010101111101100000000101110111011101011111100001110001010111001100001001111011110100110110101100111011111010011001110001011011110000010010011000011100001101111110101101010100110101110101011010001110111110001001001110100001	1423430.3999999997	-435613.29999999993
94	01000001011011011000100001110000101011100111011011100011101010011011101101010111001110110011000100111011101011100001000100111010100110111111110001011101010001111111001000111111010000011001111011000011001100001010101001001001111001011	1340312.7999999998	-409541.3000000001
95	10000000100011001001101010001100010100101111001001010000000010010110101011010010100010101001000100100000000010011101000000110011000101110001001101001111110000101100000101110111001000001000000010100100000100110100110101111000001111010	1002072.2000000003	-302732.7
96	00000001100100100100001111011001011100110000100000000010010101001111011111101001010111010011001111100110100011110101010010000111000110001101101111000100111111000100011011110111000010001101010101101101011010010100110111111011100010100	1276662.6	-389306.60000000003
97	01010010010111001101011101111100101101010011000100011111101100101111010101011000010110001111000000101100111110110100100100111011101111110010010011001111000000101010100010101010100110101110001111101010101111000110100101111110001011100	1318597.9999999998	-402544.10000000003
98	10111111011101100111110111100100000001100100001011001000100010100111010011110101100111000011011101010101101101010111011100101110101100101010011011111111010111010010000111110010110110010100001001000001111111000010111100010100100101010	1350621.1999999995	-412797.5
99	01001111101001100100011010110011010000001011000110011010111110101101101100001011010011100011011010000111100010110110011010000001010010101110111001100110011100100011000000110000001011111011110000110001001100000100010011111110110010000	1137262.5999999999	-345287.0000000001
