SOLUCIONES INICIO 

0	00011111011011110001100001000110001100001011010110100100001111110111100101100010110110111010010111001100110001110100001110110001011000001110010101111110011110100001000111101111010000101010101101001101001111111000001100101001010010001	1263464.9999999998	-377408.3999999999
1	01110101100110111001010010001101000111100101011101111110110011011111000110101101100011011100001101011100001110000010101111001010001010111110001111000101101001010110101111101101111001011101101101110101110001001100111000100011001111101	1394827.8000000005	-418129.49999999994
2	01110011010100011110100100110100111100011110001010000011111001001101110011101100110001100110010101001111111100111011011100011101000111000001000101111001000001101011000100000001111000100010100111100000010011100010000001111001000011100	1132264.4000000004	-336908.2
3	11001011001100000000000001110011010010111110011101110111000001100101110010111011001010100101110111011100000111011001001100001010011011011000100010000110011000110000010111110000111110110111010110101001011010100011010110010111101000000	1210472.4000000004	-361119.50000000006
4	11100001011111110111011000010110011110001010100010101101011011100101100110101010110100110111111011101011111111110101100010001110000101101001100000001001101001001100110010011010010111111000101100111010100101100111100011110001100101110	1308255.6000000006	-391352.8000000002
5	00110100110111110001010101111110010101000011101000110110011010110111111101001111100100001111111011000111110101100101001000001000000000100000100110000011110001001001100010011111000100011011010101001000010001110100011011111100111010100	1123690.0000000005	-334313.50000000006
6	10100111001111000001001110100100001100001000011101001001110101010101000010001111100100100111001111000010010111110111000011000011100111000011000111110111101101001010011010000010110100100110000001110011001101001110011000011101100010101	1159176.0000000002	-345289.4
7	11001110111001011000101011001010000110110010101101101101000101010111010111110000001111011111010100110100100011011011011100001100011110101011000110110000100110100110111011010100111000100010001011011010010100110110011110111001011011100	1306552.0	-390902.60000000015
8	00010101000111111100011010101101111101111111110000100111010011010100111010111110101111101010111001000111011111011101111101101101001000111110110110001111001001111011011001000001101011000011101101101110000111110110010000010110011101000	1425509.2000000002	-427656.6
9	10011001000001111110011101100101010011100110100111110100110010101111111110101001010001101101110101110101010000000110001001010010001101001011111110001100001001101110000111110011011001100101011100100100101110001001000111111101100100111	1273471.000000001	-380657.69999999995
10	11100001101001101000010010000011101100110011101001101100111001100000100100111011010010111110100000011001011010101011011000000100111010101001011000010010001100101111001100111010011100010001100100100011001000110000100110101011100110001	1184894.4	-353229.29999999993
11	01001011101101000001110010110011100100010000111110010000011010101100110000000001100101110110000000101000111111111011101000100011110101010100000110100010100110001101011110101100010100110101101001010110111101110011011001111001001010010	1248901.6000000006	-373006.90000000014
12	01011110111110111001110001000001100110011010110010100011110010111000000101010000010011010010101000101010010101101001001001110000111110101111010100100101001101110100100010100101101011110001011111110110111000011101100000100001001100010	1163841.8	-346671.30000000005
13	01101111100011000100001011101011110110011100010011011001011001001110010101001001101100101010110000110011001000101001111110100001011001010001011001011110101010011010000100001100010001100000111000001101001110110011001011111100000100101	1113130.6	-331069.10000000015
14	11001010010001100001010001111101100011000110001011101100111110110111000001010011111000011010110111011011111110110100010001100001110001000010110100000101111001101011011111110001100111001101001011010011001010100000001011101100011100010	1343200.200000001	-402105.80000000005
15	11111101001101111000010101110001101100101001100001000100100010011110101101011010011101101110110101111111011010001000111100111111100100110110110001101110000011100111000000011000100000001000100111111010100000101100111110111001010001001	1250172.2	-373445.4
16	11100100111011010101110100001010100011000010110100110111011111101110100101001111110110101111000110100111100101000100110100001000010011001110011111110110011101011001011001011010110101110110001000100110011011101110110100001101001001110	1330748.8000000007	-398351.29999999993
17	01010111001101111001001011100001100000000010100101001110001001101110001100111010000111010110011110101001101000101100110000100110100110100100010111100000011110110101101110100010101101011110010011000101011101001100100111110111111000101	1238668.0000000002	-369728.2
18	01110000100111011111001001101011010110001000000011000010101001011100100100111111011011001000101110011001111011001000111010100001001011000010100101000011100001010101101101111011010000101001111111000011101111111110011111101111000110110	1329105.4000000001	-397895.20000000007
19	10000011110000000001011001010010000101001100010100001010011100100101010001011100111110010110001000110101001111000011110001001111000111001011001000101011110100100101111010000110110100010010000101100110110101000111110110101110110001011	1154977.4000000004	-343901.9
20	11101010000111001010000111111101111011000000011000110011010100111000001000011110101001010000010110100000111101011010000100111011000110101011010101001001100100110010001111111100101111111111011100000001001011100110110010001100101010100	1267453.2000000004	-378817.2
21	00000101101111010111010010000111011101100000100100001101000100011000010100100101101110000000011111001101001010111010010000001110011110110100100100010010001001001110101011101101111010011011011100101010111110011011110001100110001110101	1208916.0	-360648.6
22	10100000000110011011111011010110010010010101010100100101000101101000101001101001100011001100011000011100011110000010000100101010000100110101101011000000010000000100011111101011111101001100011101100110101011011000110111011101101111000	1162938.6000000006	-346456.7999999999
23	00001111000101101110001110101110000010010011110011101110101100111010011111011100111001000110000110110111100011101011011101011001000111100001111001001011111101111100000011000001100010110110011111101101110101110111000101000000100010001	1258616.4000000001	-375994.19999999995
24	01010010000100110100001001000001101010000010100100010111111010000111010010101001010001100000011101010000101101001111111000011000111010001101011111001011110111000110011010000111100011000110010100110101001110000011100000101111110001110	1156130.0000000002	-344378.2000000001
25	00101100011010001100110110000000001111001010111000100001110011011110101000011000110011111000111100100010001011011011001101111011001011100000011111000010111010000100111100001110101001110101111111011011111100000001000011000010011100010	1204671.4000000001	-359260.9000000002
26	01101011111111111000110000010011110111100101010111010100100010011100010100110011101001000110010010110000000000101110001110010011010011011000000101001110101010001110011001001011011101001101011000111110010110011100101000000011110010101	1133478.8	-337349.30000000005
27	00100110010101110000010100011101110010011111011100001101000011111100111111001110111111000000001110011101110000110010010101110011110110101110101000101101001010011111101011110101110111000000010111111111101011010100000110001101001100011	1396830.0000000002	-418845.3999999999
28	01000011001010100110110010011101100011111110100111110010100110111111000111101110100100010101110101110101001110111001111100000000001110110001111100101110010111000110111110010010100011000100101101010001111011011001110100011101001101110	1359573.2000000007	-407194.5
29	01011101000010000010010010010101111100100110011110011010101101000111001101100101000101110001010000011100100001101101011100100000101101111101001110111001101111010011010001111100110011001010001000001000100111001011011111101011100110100	1275737.8000000005	-381378.3000000001
30	00100001100111010001110010001000010111011101110001010000001100101111011111010101001011101110000010001101011101000100010110111000001101111100001000010010111111110110011101001001010101010111110100110110110101011110101001000001110101100	1238458.6000000003	-369721.5
31	01011100001000101100111100110111010111100010010010101001001111011000011110110010000111100001011010111011000111110000000100010001110011011010010000010001100010101101110011101100100011100000111011100110000011111100010110111110010010101	1256317.0000000002	-375318.49999999994
32	11101110000101100111111101001000111111000011001101001110101000111111100111010100000111110110000110100111100101010011011110001101110110110011000110100011110001000011011010011101111010110000100111110101101100110000110010111011111101001	1361944.0	-407883.9000000001
33	01000011101111110101100101110001111100010001001111100101101111011001001111100001000101110011000011101111110110101010001011010101100101111000101111100011101001000101000111101111011100011000010000101101000011011100110100100011000010001	1323259.5999999996	-396031.9999999998
34	11100010010110111011001001111011101111010000001000101000001101011001011110100110111101011001100101010000110000111101011011111101010111101101100011110011010100001011010110011010111011100101110100101110111000100010111101000100111001010	1356087.8000000003	-406270.2
35	01001111100010011100111101000000110100010101011011101000001011100001011001001111111001101100000010110100011101010011100010110101110110000100100110011001000111110100100101000001011010101000111010001011101001000010101001010010100100011	1133591.6	-337374.4000000001
36	01001101110110010011000001000111111101110111000000111000011001001100010100101111001011110101011000011011011111000101101110011101000011110011011110110010000000111000010100111100010100111001001110000001110010001100111000111000001010101	1244388.0000000005	-371599.0
37	10100101001001111111011110010001011000111000011101101001010111111011110000011010001011101101101011111110010010100100111001100101001000100101110011001010100001110101101010111010011100111111000011101101010111101100100011010001000110001	1338762.2000000007	-400677.89999999997
38	01101011001101101110010101111001101000000010001110001000010110001110010101101101010110000110100110110100000010111110010011101000010001000110110010110001000000011111011111100000110010110101101010001000011011010111001110000101001001111	1232246.6000000006	-367890.80000000016
39	01000110000000010000100100101001001000001010110100111100010010010000101101001000010100000001000100111110111100101110010111010100100100111110111010001001111010010111111001010101000100000010001000110001001111011100011000111000101111101	1195998.0000000002	-356741.10000000003
40	01100001010000001101001000001111110101001010111110011100010101111001101110101111111011100000110101010101100001001011100110111011100100010101100010111111011001001111100101110101011011110111011000101110101110001100010011000001000011011	1350890.2000000007	-404650.2
41	10110100101000100000100000010100101011101001110101011010001110110111101111100000001101011100000110011110100011010100100110101010101000010110000100011010101001000101010001110101000100111100010101001100000101010010000111111111100001010	1128919.2000000002	-335752.4000000001
42	00010100110100010110100011110101100101110011001101000100011111100010010100110110011010000110110110010011111001001110101100111000101110001010111011011110100011111101001110001001011111110000001000101001111011001100000010111111011001110	1328443.0000000007	-397667.0000000001
43	01100001101101000110010110110100101001110011111001000000110110110110111001111011110110110000101001111101000111111100100100110111111101000100000000001110010001010110000100011011110000001111011010101001001101100111011100100110001100001	1182037.7999999998	-352240.10000000003
44	10100111001001000000111101100110010111011001001100101111011010011101101000101010101000011000110111000110001111111100111101100111101010100110101011110101001110111000000010001100111010010011110101011000101100011100011010001110001010011	1243283.4000000001	-371334.9000000001
45	11111110001011110000101100011101010111101101000101111000010101111101011110001101111011111100000101110010111110011010010101110100111010100010000001000001000101011000001110101010111101100110100110011010110101100111001000111000100110100	1247601.0000000002	-372499.39999999997
46	11010100010010101011011101001001100000111011011111100100010000000110001001001001010110110101100110000111111111001111100101011000111010010011000110101000111010011101010111111111101111001111110110000010110110011011101110011111010100110	1421619.8000000012	-426534.39999999997
47	00001100010101001011101111101011011001010001010101011110011010101000101010011000011001011001010000110010011110110101011110010000110110101111000110001111001011001010010101001010110110111100110100000100000010001000000100010110100000000	1186927.9999999998	-353926.2000000001
48	11100010110010111110110110101100010100011000011111000101011111001101011100100110010000110000100000001110001100100000111001100011110010011011110010011011100110000100101000001010011101011011010011111101111100001111101000101111011011000	1153064.0000000007	-343389.1000000001
49	00010011010010001010010000110000100101011010101110000100010101110000001101101111100101110001111100111111100100100000101000010000000111110110000110001111101110111010110101111100101001110001111011100000001110111001111001101011110001101	1275187.0000000005	-381142.89999999997
50	11110001011000110101110101110110010000010011110010010011110001111010101001110010111011110011001001010101011111100001001110010000110100000001110001111111101010011110011000011101101101001101011110101000010000001010010010011101100110100	1244950.600000001	-371810.2000000001
51	10111111100111100110001111100101000011100000000101111001100010011101110011110101110100010101101001101011111011001001101101010001111110100000011111110000100011101111111110000011010010111000111101001000011111111011101111100101011001010	1388581.4000000001	-416263.9000000002
52	10101010100011000111110101000111100111110111011100100110001110010010111110001110110101100111011101110101011011001000100110101010000010010111001100000111011100110011000010110111000001001101010000011110101111001100100111001101110010010	1225751.0000000005	-365748.9
53	11001010110110000001101111001011000111111101100111110010010111110110010010011111101110110110011000110110001010000110001111011100000111011010111100010110111011101100111101000110101110111001110000111001000011111011110011100101000001101	1366280.2	-409268.5000000001
54	01000001011100101110010000110000110001010100000101001001101100110101011001111011101000101110010010110011111001010100110111110010111011101111001101101110100110001111110001010101101101111011111101011001111110000101110110110110000110111	1346735.2000000002	-403223.3000000001
55	10110011100110111011101001101111111101001100010000000100010001111001001010111011000111010110100110001011000011101001000101110010101101111010101101111001001010101110110001000000100100010011111000111111111000101111011110110000111100010	1240869.8	-370400.90000000014
56	01011000111001110000101000110110111101010011100000001000011101001000101111000000101010100110001111001111000111101011001000101010110110111100001000110011011111011101010000010000001111101000010111110100111101001110000011100111111110010	1194922.8000000005	-356219.0000000002
57	00111010011010011011001000111010101100001111100011000110100000101001010001000000001101010111111101011100011100110000111010110110010001011111001110101110001010111110101110001111011001100010010010101000101010111101110010000110010100011	1250296.8000000005	-373456.4999999999
58	01011011110110110111000111100010111010110001001011000100111011111101100110100001101010000001011011110000010010001110010000010101001010100011101000000110110101001010111000001001011110001100100110000000010100001111010101100010110011110	1098860.2	-326645.0000000002
59	00011010110101010100010000001110001111000111011001001101000110111000010100101010101100111111011111101100100101100100111111000000110010011010111100111101010101001001100011101001001000111000010001111110111100000100111101011101101101101	1266810.8000000003	-378562.5999999999
60	01001101010101011011010111001000101101000100001000100111100110000010111101101101011110011111110101010111010000110011010101000110011100101000011100110010101010100011101011110110111110111011010000001101111111001111001000101001101001000	1299025.0000000002	-388581.9
61	00011111101110000100000010001110101110011111000110010111101100001100100100011100100101000000101100110100010011011111001000111000111010111001111101000100010110001101000111111011100000011001101101001011010101101100110101011111010110000	1281249.6	-383006.29999999993
62	00010111011101010100110100111011000011000100110011011010111111111000111011000100000011101011010111010000110001110011100101100101001011111011010000000100011011111000101011110011101010110011011101110010001010100011100001011100110011101	1292165.4000000004	-386479.19999999995
63	10100010010011110100001100010111100011101010001110100100010000110010101000100000000011001000010110011011010010000100101010001011101100101011001010111110010110101011011000001100011111001110001011110110000001110101111010100101101100011	1151683.6	-342964.7
64	10010110100010010100101000101101001011011111110000100000111001001101110000100011000000111001010100111100001001101011001000011000000000001011010001010011111101001110100110100110110000001111100010111001100101011110001010100001000111001	1086796.0	-322712.00000000006
65	11010111000110100010001110101101110010101010111100101110111111111100001111100111110011111110111100101110010101101000000100100110100100000010010110011000011010100100101011111110101011111010000111111111011001010001010011011010111011111	1344889.0000000002	-402746.7
66	00110001100100000101000000101010110010011001010011111011100111010101011001110011001011101110001101001000000100001010101001001011001110101100000010100000100000100000000100010001011011010011000011011110111101101111000111110011001000100	930010.9999999994	-274262.50000000006
67	11000100101100101011100110111001001110100100000001100010110011111001101100100011010000100011010010001001100100111011001010101010010001010010101011000111011010111100001000101101101110101110111001110010011000100000110101010010110111101	1141190.0000000002	-339684.00000000006
68	11101110001001101011111100010001000100001111101011000001010110111010111011111011110100101111001111010001010101111010110001001001001010110001011011010000111000010011111101110111111111011001000100111000110011000011100100110010101010101	1355368.2000000007	-406039.70000000007
69	01110000000100000010000111011011111110011110100100001011011110110111101001011111001110100000100111111101001100001010000100010110110011101011000101101001101010100110010101000010100001011001000011001100110001100001000000001101001100000	1100182.4000000001	-326902.29999999993
70	11101000011111100000110111101100001000010110001011001100010011111001110001000010010101111011101110100110001110011110111101101000010110110101100000010011100010101110111100000000101001011011000110111111101001101111111100101000001011101	1250122.6	-373433.6
71	01000010010100101110001010100001111000110100010000100101100010001001001000100101001000111011010111010001110011011100001110011010100010010111010101001011000100101110100011111111110110100110110101001011111011011100000010001000111000110	1209905.3999999997	-360899.9000000001
72	00111010010110111000101111011011010010011011110011101010011110011000110000110001101000010000011111010010001110110111110100001001101011010101100110111011100000010101000001001001111010010110110101111101101101010001111000010010110110110	1233118.0000000002	-368072.70000000007
73	00000001110011100010110110010000110011100010000110101100111000010100111100110001110101100111001101011110001010110001100100010110110111000100111011111100100100010010001110111111010111101101001000000100111100100000110110111100000010101	1223389.0000000012	-365087.60000000003
74	01100110000100111100101100010000000100011010100001011111111001001001111000001001100000011111000101111101111010000011001100001001100111001101100110101111110100011011111000100100000011111110001011010000101110011101111110101011011111000	1281507.4000000006	-383005.5000000001
75	10011010011010111111001011000011110011001101100101010111110101010101110010001100001111010001011100001001101111101111000000000001000010110011101111110001111100101101010100010001101001100100001010011011011000011110001011010010111000011	1246458.4000000004	-372282.1000000001
76	00011001000110110100010000010101101101010101010101111000101110110110001100110101001111010101110000001100111110100000011111000001011111010000100110111100000011100011010000101010110111110111011111000011010101111000010000010100100010001	1177232.3999999997	-350864.6999999999
77	10011101001001101101100101101000000110101001001010011100000110100110111101011001010001001001101100011111010011011011100100000011101100101100111011110111000000110000111110010001100110001111111110011000111001111100100011011100100111010	1298138.2000000007	-388118.9
78	11111100011110111010110101011110110001111000011001001100011001011101000100000000111111001111011000100010010100101010110101111011001000001110100000100111101010111010100100110011000110110001011010001111001010110000010111000011110111010	1222125.5999999999	-364591.2
79	10001110001101000111010111010001001010101011000100000111110110001000000010011001101000111001111011111010100010110100000111111001001110001011010001110101011000100110010100111010000011100101100011101110111100101011010011001100111111010	1232994.6000000003	-368088.70000000007
80	11000100101000100110010100000110000001101101110101000001101110100111011011111100011001100000000111001110001101010101011100100100011101001101010100010111010111110101101110100100010110011010111011011110101000100101001000001000111000100	1225960.8	-366024.20000000007
81	01111101111111110111001110001010000010011111101001010010011011001000100111101101011001001110111000000011001011101010100011100011011010010011100101010110011010100000100001111111100000101100110100011100010100001101100100010011011100000	1219094.0000000005	-363673.0000000001
82	10101100100011011011000010110111101010011001011011010100101100000100010100011101000110110110010100000110101100101000011001110110100111101111010100101101111101011000111111111110111110001011001110001110110011111001010011110011011110001	1423346.4000000006	-426997.99999999994
83	00010011101100100011011111100101111011110000000001101010000110000111011000011011110101101110001001101100000010111010110100001111010010111010100001110001100110100101101101101100111010100010111011100101000010100101010111001110100101010	1293620.8	-386738.3
84	00001000101011001101110100101010011010100010010011111100100001001101111000000100111000000010011010010111011111001010011101110100000001010000001010011110010000101001001110001111100011001101011110111101000110010011011011111011101011111	1175364.0000000002	-350158.20000000007
85	00000000101000010100010101010101011001100100100100111001101010100000010101000000010010001001001011111110011111101101101110000110000111110000110110010000010001000011011010000011111001100111000101000010101010001000011110100111001101110	1093751.2000000002	-325053.3000000001
86	01111001010001011011111110011000011000111110001110000001101010010111101101110101010111111001111101110001100010111101010111011001010000011000111111010101100010010000011100011111000110100010100110111010000111010000001101110011110001001	1293906.2	-386944.1000000001
87	01111110000001010111110111000011000101101100011000101111100101100111001100111000011010100000011010111100001110000011000001110010100101101001110001010001100110100001101110101111111000001001100100010000110101000001011011001100110100110	1205667.8000000005	-359732.2000000002
88	10111110100100011101010101100000111100000100011111101000011010001010111100010111110001101110101111110110111100011110100000001101000111000000000100101101100110100011111001011110001010011000110111101000011110000001001001111111110100110	1268240.0000000005	-379039.1000000002
89	00100101111100001101110000011100100110100100010100001001100100111111101000110010110001100010101100100111011011000101010001111101111010000101111100000011001101110010001110001000110011000101011110000111110011100100111011000101100010111	1224260.0000000005	-365310.9
90	11101100010001100001100110010011111101000100011010001000110110001100111001011010011001001111010110110110101111110000011011111001011101101011101111010100011111001111000111111110000011001001001101110110100000110111100100011001110101111	1433467.6000000003	-430030.99999999994
91	00000010100110110111010010101011001100010011001000100010111011000000110101000000111101100010110100110001010111000010110110111110101111010010100110000011110000111101010011010111110110111110010110011010010110001100001000010111011100001	1243460.6000000006	-371370.90000000014
92	10000011001110101011011101001110100111111101110100111110111001001000100111111010110110011111011001101010101101001001101010010111011110001000101111001011111101001010110010110111000110001001111101100110010100111100110100110011001101111	1370345.8000000005	-410425.89999999997
93	11101111001110111000001100000010011000111001010110011101011001011110001100001101101101100001000110100010101010011111111110001011110000111101011000010111101011011001101010101110000100001000001101000001001101011011010100000100010011010	1265953.7999999998	-378362.1000000001
94	11110011101010010101000001111010010000000011111001011010010110001101100001100000101100001100010110011011110110000000011111111111011000011010100101110111101000101111001010011010111100001100011111010001010011110111110111001111101000000	1302449.1999999997	-389516.89999999997
95	00001010010011001111011010000010100101001110111100011100100110010011000100000000101001100101110001010111000101000000101000011111101101111011100001011000101110111011010110011000101111010001101110101011101101011101110111010100000011011	1267605.8000000005	-378816.50000000006
96	11100100100101100001011110001001000111010010101010000001011100100110000000000011010010101111001000110001101100010101100101101010110011100000011111011000111100000000000011100001011001000010010110111110110101011010110100011110100011100	1072557.4	-318522.50000000006
97	01011110000101110100111100011011011001010110110010011111010100110000101101001011000100011010001111000000100110011011010110011111000010111010101011101000000000110100100100110101111111111010001001101110011001110111000000110111010010111	1205709.8000000003	-359688.7000000001
98	01010000000100101111110100011111111010100101110000110110100101011000001000010100011001011001100001000001110111101000010101011111101100001010011010111101101110010010000110001000000111010011010100010010111001011011010011100110111010011	1170184.8	-348540.2000000002
99	10000110111001101100111001100000111010001110100011101001001010010010010010001000110101110101101011101000100010110000100100010110000000010110110001000001000101010101000001010010110001011100001010100010000101000010010100100101111011111	973650.6	-287788.6
