SOLUCIONES FiN 

0	01011000101011101001100010001101010100110100101011000001010010010011010010100111111101010000111110010010001010100110000100010011110100011011101010011111110011101000100111001111111100010110010101001100010001010000100011111011100001010	1099448.9999999998	-421239.2999999999
1	11101100000011111110101110001000010000100001110100000001011100000111001000011000110010001011000010001110000001100100100010101001111000111100011010010011101011111000101000000111111001001001000010100001001010100000101001101001000000011	879256.7999999999	-333464.1
2	10101000010000010100101010111110001101101011100110110100010111011100111111010101000010101010111100101001010101110110111111110101110110101001001011101010100100101111101001000101011111110011111110111101010101001100001001001000100011000	1192536.2	-458459.20000000007
3	01001110110101001000110101001111001011001100001000010001101111011111100000111111000001100100011101101000001010000101011111010111000111001110000000011111010110010101000111100111001111001000000110001001101100001001110001111101100010101	1117650.9999999998	-428696.9999999999
4	10110100011011111000101100101001010111000110001011001111100001111001000100111111011001100100010110001011110101010000000110001111001110101101111110101011111101100011011101101010101100110001011001111001011101000011111011000101011101000	1273312.7999999993	-490855.0
5	10011111011011101001000110110101100001111001000101101001111001100010011110110111100000011101010011100111000011001011000111011111101000010110100101011111101011111010011010100100001111000110100010001110111101100010000100011100000011100	1192806.6000000006	-458717.9000000002
6	11111110100000110011011001011111101100000110101101110010011101100111001001000101011110010100010000111111111001011010001100011001101110101111111101001101010001011001110010101100100100100001011010101110100100101100010000011011001011110	1245769.2	-479670.5999999999
7	01010110100101111100101000100000101011011001000000111011110100011100000110010100011101011000111111101111111010101100111010011111111011101011100111011101001000001000101001111111011000110110010001010110100000000101011101111101110001110	1253596.2000000002	-482924.2000000001
8	11001110010011100110010111010011111111111000000011011001001011101000101101011110010001011101100010010101101011000000010000111001010110000111011000010110101110000001001011110101010101111010001011011101111110100111000011000100100001001	1123178.4000000001	-430771.9
9	10101011001100101111001101001010100100110001111100110000100001100011101011111101110110111001100110010000100111101010011101110101101101001100010110111111010011101101001100111110110111100011100011110000111110011010101101010011100010111	1261289.8	-485929.00000000006
10	10001010000111101001110111001100101101000111101010110101010100000101010111100001000110010010011111111111010010101111000010011111010100100000110001101100010110100001110100111111100101000101101010101100000011111111100011111110010010100	1202859.0000000002	-462672.19999999995
11	11111011000100101111000011110101100010101010011100100010101001101111000110100001011001001111110010000010100101111111110100010110010011000000100001111110111101100110011100111011100101011010101011110001000100011111101111011001000110111	1197042.5999999999	-460325.8999999999
12	00000000110111111110001100110110111100010000010110001001110100101001001110111011000110101011100000111110011011001011000011011011010100101010110001101111011101011011110010011110000001101001000001111111111110011010000101000111100001101	1218990.2	-468968.3000000001
13	01000110010011110011011011000010001110111010001100010111001000100010101100010000000111000000110000100010100110001001011011100010000001101011001010111111000100110100010010011101011001101101010111101111101000010100110000100110010010001	986878.6000000001	-376532.19999999995
14	11111011110000000011000111100111100101010001100111001111111101011111111010100101111110111111110101111001101101100011000000111100111110011110010100111101011001010110100000101000111101101000100000001010100011010100100010111001110001000	1187008.2000000002	-456361.30000000005
15	00100111000010111001100011100101001110100010011101001000110111100010000001100000111010010000110011011100001100011101011101111111010000110100101101001100101011111010010010001100001111110000000101010001000000101110111010100000110010100	1053027.4	-402852.5
16	00001000011001111111100001000010101000011111110011110001100010010001110010101111111010111110110100001001111011001011101010110100011010111001110110100001110011011010110101110110101010111000101001011101101101111000010111100001000101010	1223099.7999999996	-470591.39999999997
17	10111001110001001111011101011001001111111101110111110101001110001111000101001110000001010011001010000111110001010010001011010010101100001111111101111110010001110101000010011111001101000111111111001111000001101110101111001100110000100	1203450.6	-462874.79999999993
18	10110001001001110101001001101100110111010101011010110110000001000011110100000101110110101111011111100101000111001010111110101100101100100011010110110101010101011001101011111110011101101111110011001010000010101011000100111100111011000	1270490.4000000001	-489684.1
19	00011100100000100010000110001011100010111011010110111110100001111100010100101100101101110011111001011000110010101110001110101111100010100010001011110111000110100011101010110010001010101110111001001000001101111110111010010101011000010	1151761.8	-442178.89999999997
20	10000001110010010101101101100110011111000011001011001000110110000000010010100111011101010100111110010011111110001110111110001110001010101110111010001000011111100000010010111000001011111100001111001011001110110000000011001100000100100	1133389.6000000003	-434991.4
21	01000110111100011111000000110110010000010001010011110101111100001111101001000110110010000011100111111011111011101101001100110000101111011011101001101111111011110000001100100001110001100100101101011101111111111110011001001101110011001	1227689.4	-472428.4999999999
22	10001011010010001011001001110001110110001010011000000110000000010001000011000100000010000011101010101010100100001001010001111000011000101000000010110000000000110110111001001011110010100111100001101000000010111011110001010011001001100	861582.0	-326494.7
23	01100001001010101101010110011100001011011110011001101011100010001001111011111100100100000111010110011101101101000000110110101010001001010101111001000010111001100101011101001101010111111001001111111010001111001111111011011111101010100	1195178.4	-459620.3999999999
24	00101010101111000111001000111000101010000001001100000011011101011001001010010111100010000110100010000000101000000101010111111010100100100011110111100000010011110001010000101010110101111001000110101001001000000000101100111100000011001	950853.3999999997	-362118.8
25	00110101100111111101111111100111010101100010111111010110011110001100011001001010100110101001101100110110101001111000100001000011101101010011001111110111111110000010100110000000011101111000111110100101000011100011011100100110001000111	1164538.3999999997	-447277.49999999977
26	00100110010010011001100001001010011011101111100000101000000001010100001011110110110001100101110110000100101111101001000100101101101000111110111110111001110000100100010110000100000101111101000000011100010000110100011001110100110010101	1029881.9999999999	-393544.0000000001
27	01010110101000001010000010011000000101001100001110111001100000100001100110110010010010100010000010100111100000110000011010011001100001101101111101101100110000110000010100000010000110101000110001100010010001101110010010011100010000111	884902.6	-335808.50000000006
28	01001110100101001000110101001111000011001100010000010001101100011111001111010110111001000010010111011000010111101111101110110011101110101001001001000010110000001101110101010101110111001000100110001000101110001001110001111101100010101	1144363.1999999995	-439166.4
29	01010110101000001000001011101100000010000000001101101011100011111001101110110001101010010000100000000110110011101000010110100110011010111001011000101100100001101100000110010010001111011010111111001011001001011010111111101010010000111	998183.6	-380935.19999999995
30	00111011001101110111000010100100010001010001000001011010000000100100110000101101111111011000010011000000111010110010100110111001100011011110010000011100100011101111001001100000010111101110100001111101010010111111111000010101101001100	1078226.4	-412847.8
31	01001110110100110110001110100111100110111111000111000001101100100101001101010000000000110000110110011100001100100101000110011001000001000010000110100000000000101001101101100111010100000000011100110110001100011100010100010010101101111	935202.4	-355809.2
32	01101110111101000011011000010011101001010011111111001110110101000111010111111110101011010111100100111000011000010010001011010110001000000011101101101100000110110101100100101111011001010000100000101001101000001101001100011110000111000	1116900.4000000004	-428218.7
33	00001000110000111101101011000100011001001111010110001111100011111101100011110111110010100010110110010111001100000000110101000100110110001000100110001101010110001010010111101110010011000111101011100100010111111101101000111000000001101	1111681.0	-426118.2999999999
34	11001111000100011001110111111110100011001100011001110001001111011111001001001000111100011100011111010110101011010011100101010011111100001100000001111001011001010101110010001101101111100011011101100100000010101101011100000101110110100	1169955.7999999996	-449387.5
35	11000000100011010110110100001101010101001001100011001011101100011010100010100011110001110110110011011011100000001110110000011100111001000001100101110011000101011110100010100101111101001110000100011011011011010100110101010101010000011	1009192.2000000001	-385364.89999999997
36	11100101001001010111100111011011110001000111111110101100010001110101111010010010110001100110010110010110000110110000001100011111000101001011001001110010110000001001001001110010101111110111000110100001110000011011101010000100010111110	1091291.9999999998	-418195.3000000001
37	11001011001000111010010001100000100010000101011110100101010010010010010000010001111101001110101011101001111000010000101111100000101001111010011000001111011101011001101111001101010101001000110011111010100001001001011111100001101101111	1161321.2	-446159.99999999994
38	11000001011000011101110010001001100101101011111010101000001010011110100000001001111111110111111010010001111110000011111001000111001010111110100011001100111110111111101001000110110010111100101011011110111100011001010010110101110000110	1209252.8	-465210.50000000006
39	11001010111011110110101010101110111011000100111101010111000010111101110101100101110110011000000100111110000001010011010010110110011101001001100110001100011011010110110101000111001111111001001110110101010100000111100100000110110010110	1147021.8	-440291.49999999994
40	00001001001000101110001101101100111010011001111110001100010000010101110110000100010110100111101010100101010001101010010000001011011111010100000011101010101110011001101111110010101110011110011110010000001101100011111111000100000110011	1168851.3999999997	-448952.60000000003
41	00010110010101011100001010100101010111011000001100001010101010000000000000101001001100100010010011000101011001001110010000010101010001100010010110111110000100010111000100000110100010010100011011110111111111111100111010001110010000011	893516.8000000003	-339260.8
42	00011011001010100111011000001001010000100101100011011010001000100001110001001001100101101001100010111011111000000010010001001100000011101100110010000001101110011110111110000100011101000001010010001001011101100001101110011011010101111	1018611.7999999999	-389115.6999999999
43	10111100000010011100110110000000111000000000001000110010100100010001011001100101100000010010100110000110111100011010010001010100110011100000100010010110011010000101000100100001010111001010100000000011111111100010100111010001111111100	891244.0000000001	-338357.1000000001
44	10011001110010110110010001100101000010000111001101000110100011001111011011110111110101010111011100000110010010111011101101010010110001111010011101111101110111111000100011110100100001111100101001001101100111100010000111100010100100100	1207058.1999999997	-464304.5000000001
45	00010001011011001101100101101001110101011101110110111011000111001000101011010100100101010100101101010001101101111000010010101001110110111100110101011101000101000010000111101100001101000010010110101011100101100111010110011001011100011	1156208.2	-444045.89999999985
46	10011101011101010111001111111000011100111111000011001110001111001000100110101110101101101011010111100000111110001110100101110000100000000100101010010100101011111101100011010001100100001000101011001000101011001111010001001101000000011	1112446.6	-426587.8999999999
47	10110110110001101101000010011000001010011100100111000010100011011111010011000001000010110111101101110000010101000100000000111001101111001000110001110011010001101011101000011100010101111001000010011100010000110100011001010101010011010	1018656.7999999998	-389117.20000000007
48	11100000101111110010010111000110111101101010001110101011110101001110001111000010110000000101001010111011100001001110100000000111101010111111100100111011001011011110010010110010000110011101000110010010110111001111011100010101011100000	1162656.0000000002	-446604.5000000001
49	10100100101100011000011010100000000010111111010110010000000011010101110111000000010101000111100011011001010101101000100101110101010001000100101101110110111010001110000000101100100001011001011111011101110111100001100000011100010011110	987171.9999999999	-376521.2
50	10001101000111000010010111101101000101000011010101101001111000000001010101010110100101010111110101000000111101110000101001011110101001111100101001011010101111011111111010100011100101011010111011011110001011001010111011010111100101101	1245491.5999999994	-479671.69999999995
51	00101000101100110001011100010011001000110010011000101001110000011010000001010110101111110110101100000100001101001101000110010110001000100001111000101010101100100111111010100000010001111001000110100001001000100000101000111100000111011	1015373.1999999995	-387751.3
52	11011110110010101101010010011100101111011100010110010000101101110111100010000100111001110110101010110010100101111010010100001111011001111000110110111000001011111010110011100001100000111101000110000111010001011010111111101010100010001	1186178.5999999994	-455909.9
53	11110100010010110111010001011011010100111101001100101100110111110100100001101100100001000111110101001100110000010111101101101110011011110011111011001001010111111110110101011100101110001001001111100100111110010011100110000111000100110	1285478.7999999998	-495502.79999999993
54	00011100111100000101100011101101000110011010010111100011001000110010000100100010001111100110110101001001101101100011011111010101001000011010000000101011001110100100000111010001010101111101010100000111111000000110111001111100001110101	1056817.7999999996	-404240.0999999999
55	00000111111000111001000110010011111101110011011110111010101000001100101101111101011010001001001011110100010110110110110000111100000011110000001101100010011011011111100101110011101110111001101111101011011100000000110110011110000111111	1226114.5999999999	-471956.79999999993
56	01000101100111010100111011101011011111100011001011111100001010110101111101111010000000110110011011001000111011110001110111110011001001011011011011001111111000110001000010100101000001000101100001110110011100101111100111111101101000011	1206142.6	-463810.8
57	01110100001111010110011110001010000001010011111000001111010001010000101010000100111111100000110001001000000000101000010110000100101001101110000010110100011010000000110001100010100110111000101001110011110010100111010011000111000101001	913855.1999999998	-347193.0000000002
58	11111000001101010100001100101111011001110010001010100110000100110011001000101011111001011010110010101000110001010110111011101100101111001100110101100111111111000111100011110101001100001010100011000010001110111010010100011100110000111	1216064.9999999995	-467809.80000000005
59	00101000100100111011001100010101000001000000101110111000000111101101110101010011100010101110110000010001001110100111011011000010000001101001000010010000100000001000001001101111111010011001001111101011000010100000101000111000000111011	891720.0000000001	-338347.0999999998
60	11111100110110100100111100011010011101100001100110000110100000101101101001110101000111011111001000010111000010000011111101110010000011100110110010010101011001011000001100111101111111111010001111110000101101110100101111100101001111010	1162552.0000000005	-446575.6
61	10011100001010111110000010101010001011001100100111011000101001111110100011111110110111111000000101010011110110111101101011100110001100110111001000000110010111010010011110101110010100110000001001111111110000000100011011010110100111100	1221788.6000000006	-470129.6
62	01101000000111000111010110001011000101101001111111000101100011101011011100001000011011110011110010011000111100011110100001100111100010110011011010100000111010001101100101111111100000000000110111101111001011111101110111110101011011101	1238014.2000000002	-476629.1999999999
63	11000110101001101101111111111110100000000101110100001001010011011111011100101100001110001010110010011111010111010100001010100100011011100011000000111111100010000101001010100101000001111011001000001101101011010111001001100111110101001	1099227.1999999997	-421205.5000000001
64	10000100010100100001000010010011011111011001100111001100001110010010100110101111011101000111010110011101110110011101001000001110101100111101010000011100011101001101111110011011111111000010011000001001000101001010000101010101000000111	1199914.2000000002	-461551.09999999986
65	11001100010011101100001011011100001011111101100000000110001010011111001001101111011100101001110101111111000111011100001011010010001111001001100101110011110011011010001001111101110100010011101001100011001101111011110011111100011000111	1207742.6	-464512.3999999999
66	10100111110001100000010000011001000111101101010001100000100100001111110101010110010001110100000101100010001111000111110010110010100100100001000000101111010000011000110000101101100010101000111111011001100111011100011001101101011101000	997795.3999999999	-380727.7000000001
67	11010001011100011001110010101110100111011111111100000111010000111010001111001010111010001000001100011111100100100011010100100011111100110101101101111000111110101100011100011000010010110011010010011100000010011001101101010100001001010	1158851.4000000001	-444983.0
68	10000001110010010101101101100110011100010011000001010001101110011111100000111011000001101100011101111000001010000101011111110110011000101110010110100001110111010111010001010001111010111011111100000100001011000011010111110000000100100	1087764.5999999996	-416584.60000000003
69	01001101111111011000111011010110110011001011101001100100110001110111110100001111001100001111110100100110111101001011011101111100101011011101110001000011111001101110011000101011000011011100000101011010001001011000111001011010111000001	1205991.9999999998	-463820.2
70	10001110100001000100001010101011101100110011001101001111110011011101000101011001100001101001111101110011000010110101011000011101000101011000011111111010000110101001100000001000011100001011000010100011010110010000001011101000100110011	1016318.2000000001	-388165.8
71	01100111101010000100001101111101011110000000101111100110000100101110000001001100111000110110010101010111100001001111000111001000011001101110100001110001110101111010010001110011100100100110100111010011101101100111011001010010101001000	1085124.7999999996	-415639.49999999994
72	11110110110011000010100101101111011001110111101110011011110111000001011011101101010001111000011101110111101100001000000100011100100000100100100101111101101011100101111110110001101100010100010110100111101100010110110000111100110010110	1263737.4	-486886.50000000006
73	01101101100000011011100111011110100101000101100100000010100010011110010110001111010001001000000101100110101110101100100101000101101000010011010101000010001110101110011000010100011101100010100010000010101010110011100110101100100100000	970127.6000000001	-369791.40000000014
74	11001111110100110001011110000111010010010010001101110111110000110001101010101001001000010000111000100011011001110001111011101000101000111011110001101010110000101011001100011001010001111100111011011100011110110100111001010110111010101	1155804.9999999998	-443792.30000000005
75	01000011110011011101000110000111100011111110001001110010011110100100110110111101101001100001010100101110101000101000010101101010001111111110111110111000100100011011001101101001110010000011100110010110001010001001110110010100110010011	1190735.9999999998	-457786.2
76	10101010101010110000010010001001000001011000010010110111001110010110101101010111100000010100111011000010001100101110001111100101101000110100111000011010011101010110101100011011001101010111101111010000110101010100011010010010100000111	1080366.6	-413786.29999999993
77	01011001001001001101110110011110011110001010010001100111111000110011011110111110100011010101100010110111111101110111010110000001100101100110111101010111011011010011110011010101101010011100001111001100010001101101101011001111010110110	1292393.4000000001	-498278.1999999999
78	01111110010111111111000100011100100101010000111101011111101101000010111010110110000001111111010000110111111001010111111011001100000101010100010110100000110000111011010110001010111101110111110001101100011110100011111110111011100001100	1228191.8	-472656.49999999994
79	01010101000101010110000100101010101101110110011000010010001000011000000011110001110100011110000000111001111000111110000011100110000111110000011001111100111011010000101001101101011000110011101110111100001010100101011001000001111011011	1098291.1999999995	-421006.6
80	00011100111100000101100011101101000100011010010111100011001001010010000100100011101010100000001100111101111101001010000101111101010000110111101011000011100101010001110111001011011100000011110110011000000100000110111001111100001110101	1160525.5999999996	-445709.79999999993
81	01010100101110101110110101010110010110010100011000001100100000011001000111000101001001011101101010001111000000100101010111000000100011000100110101100000100101111000100001110110000001110000010100001000000010011011111010000100110111110	942267.6	-358612.7
82	10001110100011100101100011100111001001011100111011011010100000001111110101111101001011110001010101101011111110001010111111100000010111010010010100101010110110110000101011100001101111100110010100010110100101000001000100010101000111100	1184757.4000000006	-455460.2999999999
83	01100110010000101111000010001000110001000100000111000100001100100010000100011010111101000000000100100100100000001110101111010010001001010001101010000110010101000011000100010000001001101101010111100110110110011000011100001011001100111	848430.0000000001	-321138.1
84	01100000011000001111001011101110011000101101100111000011000000000000000100010100010000001011010110111100010111010000100101111011000100010011100000001000000100100100011110000100000100010010100011000000001101001000100011000000000000010	857580.8	-324907.30000000005
85	01111000100011110010101011110000110110010111111001000010111100111100000110011010111010111000010011011100100010010000111010001000001111100101001111010010010000000100100011010101000011011000111110111111110011111101111101011100010100100	1060911.6	-405828.10000000003
86	11101110010011011111111100011011101000111010011100101111000111111000101110010011100000001001000001111100011111000111101010110101011101001011000001110000001111011010001110110001100001111000010010110110000110001010101100100100001011111	1182814.9999999998	-454517.9999999999
87	00000110111110010110100001111111000010001100010001000001000111101010001100100010001001000000110110100000001000011010000101011100000001100101000111000001011001011000010000100000010010011111010000110001001000110111110000011000111000100	801841.4000000001	-302517.10000000003
88	11110101110010001111111100011100110001001101110011011111011110101100101111001110100100000111000101110000111010011100111001110000100111001001110000010011000001110101100001011110001011101011100110000110001000111001101111001010000011111	1158877.0000000002	-444962.7999999999
89	11110100100101110111010110111011111000100001000100101010111000011110010100111010011111110001010000100010100110001111011011000010000001101011000010111111000110010100010010001011110010000011010010010011100011100010001111010100101111000	1033846.6000000003	-395136.8
90	00000010100101010100011110011110110001110011100110010110011100101110000010011001001101000111101011111101100011111111010001100001101001011111100111111000000110100111100101110110110111110011101011101011110101000011101111110111010011111	1282638.0000000002	-494309.1999999999
91	11110000011000001010000000011000011101000000001000000001100110110010000010100111011010110011010011000100000101100100001010011011110111000000000111110110100000000000000110001110100111011111110111010001010001010011100101111000000100101	855643.2	-324150.6
92	01011010101000001011001011101100001100011100100111000100001100011000000000000110010010000010011010101001100010001111011100010000000110011011101001110011110100100100010110101000101001001110010010110100010010110110001100011100010010111	1018198.2000000003	-388907.19999999995
93	01000011111111101110010100110001001011000010110010101000001110001111101010100110111010100101010010010001010101011001011010111011100101000110111011011010100000100011110101110100110011010010101110000101100010010011111110011011000100110	1174128.9999999998	-451041.7
94	11111100100000100110010111010011110110010101011000000110100000011001000111000101001001011101101010001110000001100100100010100101001001110101110111110111000000000011111101011010001101011000110100001010110100100110001010110101011111010	1136275.1999999997	-436153.40000000014
95	00100001111010110001010100000100101001111011100001011110001110110001100010000001001001100011011011111110111100100001100110011001010101101001101010111111000100010100010011011101111110000011010001101110110110011101110010101000000010000	1111959.0	-426357.1999999999
96	10111010000110001111001000100010100011111000000100110000111000011101100100110010010010000010110010101001000010101111011111010010001001010001101000100100100001101100000110010010110010000010100010100110001101101111010101011101111000100	920343.6000000001	-349749.00000000006
97	00011010000101010111000000001110000001010000010001011100001100011001110100001111001101100010001100111101001100100110101110100000110000010011101001000011000000000000010000010010100110011000110010000111000000011011111011100110010001011	821126.6000000002	-310188.29999999993
98	10100100101000000010011010101000000010111110010110010000000101100101010011001001000001100010111000100111100000111100010100010010111100010101001100001000100000010001010100100011001000011010000000000111101000000101000000111000010011110	854065.2	-323485.80000000016
99	10111011111101011111101011011110111101010000110011100000010111111011111111110000011101011111001111000100001110100011010011110101100000111010011011110110000001111000001001110010101100100101010101101110010001111010110110100111001000110	1189092.8000000005	-457040.09999999986
