SOLUCIONES FiN 

0	00001111000010000010100101110100001111111001001000100100011001011011000000011001001000011000101011110101111110001011110100111111101100100001111001101100011011101011001110001010101010011001010101000000001000111101010101101101001001100	1040136.7999999998	-400968.3999999999
1	10100110100110100111010011111000101011001011000000110011001101110010000111110010110010110100100010100100110010011001010110000000011011000100011100111001000111011000011000101010100000011111000110111100111111011100010000000110110111010	926374.9999999997	-355306.8000000001
2	10000010110000111010001010010011010101111101010011111010101000010110001110000111001101111100101100000101111000001100010111111110110101010111111110000101101100111010101010110010100010000110011100001000100110101011010110001101100010100	1108353.0	-428444.60000000003
3	00001010101010111010001000000111001110100000111100111111000011001011111000000010001110000110011011110101010000010101010001110010010100000100001000000110110000101001011011010101100011001101110111000000111011000111101000100010111011011	916819.5999999994	-351364.3000000001
4	10001111101100001110011011101111011101101000011010110101110010110010010100110110011000001101110000111100011001111110111001101000000110000011010110010111101001011111100100101010000011101101000001110001000011110101101000101010000111010	1091455.7999999996	-421676.0
5	11100101101110010101011001011111110110010111010001011101101110111011100110110010110101101100111110110001100111001011111101101011001110111001110011101100111001111101011100111010000011000000011011000101111100011110010111011010101001000	1301832.6	-506422.10000000003
6	01101111000001010111101100000110100011011011011101110101110100011100001100110011011010111000111111011011001001101100101111010000100000010011000011001111000110000000101111101101011001110011000100000000010111110011000100110111000111111	1077578.9999999995	-416085.69999999995
7	11001100000011001011100101101111100101110010111000010000110111100110010101011010000000110001110000101001110101000011000000011000100101101110011000111010000000111010100000010010000100100111110000101100111001001010011110000101000111001	815323.1999999997	-310599.4000000001
8	01100011110010010001111101000111001111001001010100101100001000011110001000001101110101010010000100111010011010100101011010101101010110001001101111010110001011011011110101110101011111000100110010110001101100111000101010111101001110110	1136609.9999999995	-439847.7000000001
9	00010101000111011101000001100011001100101010000001011010111110100010100011011011101000001010100010010101010101000001101101110101101001001010111000101100110011000001100010011100110011011000010111001101101110011000110100011111000011010	985751.1999999998	-379072.10000000003
10	10000100011001110000000001010111010100110111101000100010100101001110111101011100011111000110111111101010000010001100001000010001100000110101101100001110110100000101011101001101111100010011100101001100101111110101111000101101101111011	1012907.9999999997	-390006.6999999999
11	00010000111101001001011010110000110010101101010011101101111001001011110111101010000100010100000010110100011010100000001010010010101110000101111100010000010011000001001000010100000001001001110111101110000110100000010100001110101011010	840348.7999999996	-320633.3999999999
12	00110001111111001000011011000100111101001011100111001010010111101010101111110111011011101010001011110001110111000110100110101110100101110010010000010100111001110111101000111101001100001010100111111000101110010001100101110000010111111	1136182.0	-439581.80000000005
13	01110111100100000110110110011111001000100001000100011100011011010001000001111010111010011011011001001110001101110010011100001001001000100011101011111010011111010001101111111110111011100010110010111001111111111111100001111010101111111	1215720.3999999997	-471712.8999999999
14	11011010010011010000111010011001000001000010100110101010100111000111000101001010000011000111000011000001010000010010000000110111000100010001001010100100110001001010001010010001111001001011001100011011000001011000100101001111101011100	765815.3999999998	-290600.8
15	11101011110011000011111111111011011000111001111011111001110110011011001101101100110011101011001011001011000000110111001000011110111011011110100110011110001011100010100110011011110101010001011001111111101100110100011000010101110000000	1129210.9999999998	-436761.69999999995
16	10011111010001010011010111111001000000000011011100001001011011001111111111110100011001100001110000000100000111111100100010011011001001001111111011111110000010110000110001001101110101101111011110100100000011111100111111000001001101101	1029913.7999999998	-396960.89999999985
17	11011011001000110111110100111001011100011011010100101100001000011110001000001101110100111011010000001011001100111011111011111100011110110101111010100100110001101010001010010001111001001011001100011011000001011000100101001111101011100	1036162.5999999997	-399534.39999999985
18	00110010111000001011001000000011111101111000111000101101010011010011101101111111100101100000000110111110011001110010101010011110010110000111110110111100110011111100110101110011011001100111001100101000011111110111000001111110111011100	1162000.7999999996	-450051.79999999993
19	11101100010101001101011011101110011110000110101011110110110000011100101111010100011001101100111011101101011011110110010100000000111110100111110011010011101010101011010101111110010101101011100000001010011011010001111001001110100101111	1226273.1999999995	-475917.9999999998
20	01000110110000001101000000101000001001010101011101101101011100011101101000000010000000111001101101001010000000111001100101000010100100000000111110000000110010011110000011000010110011110101101110100111111000110010101001100000110001111	781389.7999999997	-296871.6
21	11010101110101101000001000001000110110110101001100110001110001101010011001011101100001101010100111101011000000010000000111011001010000001100100110100111001000100011110010010011101110000100011011000110101101111100010011000100000001010	899518.3999999997	-344383.00000000006
22	11011111100000001010010000011011000101111100110011001000101100111110001011100011111110100001100001011110111101011111101010001011101101001000010001101000110010000011110000011001010000010100011001001100000001001000101010011011110001101	982620.9999999997	-377909.80000000005
23	00101110101100101001110001100110100001111001011110110100100110010000001100000111111000000000100000111011011110101000111101011101001100111000011101101110001110111110111111100001100010101000101010000001011101110000001100100010110000111	1153548.5999999996	-446628.0999999999
24	01110100001100001011100011110000100011110111000111001100111011100001111001000100100011110000001111111100101111111110010000000010101001010100000001111110010000111010110001110111101001000010000111100101001101101111101101100110001110100	1039620.9999999997	-400946.7999999999
25	00000010111011000000011100011011010000101110100011011001101000010101110011110111011000011100011101000111110010110011010100010111101000111110011111110100001101010101001000111100010010100100111111101100111101010000010101100010110001100	1073580.5999999994	-414468.40000000014
26	11000010000010110110111110100000010000100001111110101001010011110001000001010010010011100001110101101101101000100011100011101011010111010110101100011011001110000001111010011101100100101010100001110110110001111000111100010100101001111	1062483.9999999995	-410050.6
27	01100000100110100111011100101010000000101011010000100010010010110000101000110001000101011011000011000110010001001010001110110011001011000010000011101011001001010000001010000100001000010110011110001110011000111011101100111101100100000	768853.7999999997	-291756.3
28	01111111111111001011111000000010110100010010101100010001010010011010111110110111100001010111110001100100110110000111101010101110011011110011010101101100100111100010011101010110110110100010010011110001110101001100100010100011111010111	1112305.1999999997	-430025.30000000016
29	01011111111011101010110000100111110001011001110101000100001000011110001000001101110100100011000110111011001101010001000110000101010001101000011100101110000010110011000010000001011010111010101111100000100001000110010100100011110010000	854711.7999999998	-326443.19999999995
30	01100001110110011011110001000100011000011110010111011010011001000110100110111011101011000000011100110111100011000110111110011101100110100101101010000100001110000000001011011101011010101111010101100010100110000111111001110100101111001	1051949.5999999996	-405829.10000000003
31	11101111000110101111001001100110111010100010011110010011110111010100101001101011101010011010111011110011111111101010110100001110000100010001011111111010101100001100010001101101100110100100000110111000111110001001000111110010001010001	1079990.7999999998	-416982.1000000001
32	10001000011010111011000010101010000100010001010110000111110000010101001000000100001100110000111011100001001010010001011000010010100001001101110100110100000101010001100010001101011110011000111101000101101000000010010110000100110110011	838337.7999999999	-319957.9
33	11100001110011000110111100001000000011111110010100000111101000100000100011011011101000001010100010010101010101000010010100101110001000000011010101010101100100101101010100110011010010001010100011000001001100110010100001000100000110101	892024.0	-341377.2
34	00011010111110100001110000011101111111110010110011011010011011100110101011111111010000100100101100100011010011111000001110010100001111000010000111001110100010010011110010110001111000100010000001100110101111011100001101010010011001110	1051680.1999999997	-405608.7
35	01010101010000011010010011111010110100110001010110001111110000000101001000111001011011010011000111011111001010010001011000001010100001000101110100110001000011111010101001111111111011010011011100110111001100011010010101010101011010111	1038485.3999999999	-400481.19999999995
36	11001110110010000001000100101100011001110010101110101000111110110101111011010011111101001100001000100011111000000011000010000000100101110110011011001111010001000110010001010111011101111111110100010111101100000010101001100000000001111	884777.5999999996	-338523.8000000001
37	10000111011101111111100110110001111111101001110111010011000011011100001101000111100110010010010101111001011011011010110110110110101110001001111100010011011100101000101101110110001110111010111010010001000110010011010011100011110001000	1184104.5999999999	-458913.69999999995
38	10111010001101100000011111010000111000110011010010000100000001001111000010101000101001101111101101111111110010001111100000101111111011100000011010110110000111001000010111111010000101111011011011000110001111111100110011000100000001010	1114991.1999999997	-431241.6999999999
39	00101111010100100101110000111110010110101100001100101110111010010101100101011010010110011011101000000101001111001101011101101001101101010000100001110100010001011000100101010010101001010101000101001010000000001101010001110001011110100	953121.3999999996	-366027.60000000003
40	01101000111110110110111100001010110011101011000010111011001101110100001100000010100111100111001111110001001001101111010011010111011101100100110001001000111100000010100110100101111010110000010001110011000000001001110110100100100011000	980619.9999999999	-377200.0000000001
41	00101011111010001111110110100101011011000011010001110101010011000111110000100111110010100101111010111100110010001001101011001110100110010011001010101111111011000101101011001101101001111000000110100001011010010100111001101010010000011	1115699.5999999999	-431459.8999999999
42	01111111001001011100000100010001110101111101110010101001011001110000001110100010000100111011110000010111100100000110110101110010100001000011111101000101100101010111111110100101110111001111101010011010101110100101110110100100100100110	1105227.4	-427248.40000000014
43	11011101011100100110100110110001001101111110010100000011100001101010000010011111111000101000100011011111011001100000100111000010011000001111001011101110101110100001101100011011111011011101101000111011101111110010100000100000101110111	1069084.3999999992	-412572.1999999999
44	11010101000010100101100111110100000101110100111010001111011110111110100000110100111111101010111111010101001101101000100110101010111101001010101110110111011010101011110010100100001110111000011001010011000100110000101101001100100101111	1109378.9999999995	-428869.89999999997
45	01110100001000000001010000010111100000110110101010000010000100000110100000001000001010101111101100010100001000000111100000001101110010000010011001000010100110100110000010001001010111001111010110101111111001100000001000100010011000101	717127.1999999996	-271057.80000000005
46	01100011100100101101001001100110110010001001010000111100000001101111101010010101111001111111001010000001011011010101111011010110111100000010101111010110001111101000010101100000011001100000011000010111001100101011100100111101100100000	1006818.5999999993	-387687.09999999986
47	11100010110111110001011000010011100001110110101110000010000100000110101000101000001110111101101100010000001001011110111011110110000010100110110111010010000111000001000101000000011000110001010110011000010111000111000000000110110100001	880808.1999999995	-336940.8000000001
48	11101100000000011100110010111101010010111111000000011010111000011011011000110100101001101100001100111100010000001000011111010111100111100101111001110011011010010100001010101101001111111011100011011101011011011010111001011011111000111	1069693.3999999992	-413033.9
49	00111011111110111011010001110100111111011110010001011100010010011000011001011110110010001011000000101010111101101011011001101111110010100001110010010110001011011000010110000110001100010101110110011111011011110110110001100110010101100	1049122.3999999992	-404636.1
50	00101011001000000111001100011000010101101010100110111111010000110010110100110001011010011110111111011100110001111101001111110111010000000111010100111001011001110110000100011110110000110011100110110110101011111000110101100010010011111	1037713.1999999997	-399991.2
51	01010001010111110010011000110100100100000010011110101110000010000111001001101100111110100000010101001001110000101111010111000010011110000110100010110000010110010001100110101010101001000010100000101101000110100100100111100111010110111	958922.3999999997	-368379.49999999994
52	00000110101001110001100011000100111000001101000011100000001101110011000111111010110010110100100010100111111100001010011011001111001001011011000011011100110000011011000001000110110001111000011000011010010111111000010011001111001001101	926879.9999999998	-355544.0
53	10001000101011001110010011111110011011101101110000000001101100111110001111001101000010111111001111011001001110001101000101011100001000111010000110010111000011111001110101001111110110111000000010101010101110100010111001010101001010001	1072505.7999999996	-413986.3
54	01011110100100111001001011100001001000111111100011111111111101000110110011111000111010011001101010001111011011010111100110101011110010111011010010101001101011011000010111111111010000110111100000100011010110010000111101100101000101000	1197857.8	-464504.4999999999
55	00011100010100000010100000011010111010101011110001111100101011111001110100010000110101111011000111101011000000001000000111011001010011000001000110000111110011111100000101010001000101100001110001010011010011100000110000001011011100111	888287.5999999994	-339954.0
56	00010010100010100110001000000110000010100111001000010001101011100110010011011101100100110011000110111011000101010100000110000101010000001000000010111111001000100011110110000011101110000110111010111011011000010101101011011000110111111	888750.9999999997	-340178.6000000001
57	10111100011111010001101100010010110000000010010111001100110011010001111100100011110001010010101101010101000110011110101000110111000011100111000011001011000110111100001001010010010101110111110100000011101100001100111101110111110010010	992028.7999999995	-381609.9000000002
58	01010000010000001010111111100100101111001000100010001000001110110000001101110110011011011011001001011101111011111010101011111101011100110111110000110110011011101101101011001100011011000001010011001011011111011010000011001101000110010	1159635.2	-449159.89999999997
59	01101001010111110101011001011100000011011010010101001101000000101011101011000110000100101111100001110010000010000100011110110001100101110000111100010111110000001001000010100001001000110001011111110001110011111100101000010101100111011	912146.1999999996	-349480.69999999995
60	01110000100010101001101001111100010110000000001011111110110010111101000010110001110100010000000000000100001000010000111101101010111100001010101011011100010101000010000000000000000010001010100000110000001001011001101110011100011110010	737949.2000000002	-279425.10000000003
61	01101000110110100111000111001111010000110100100010110010011100001110111000101011001001111110100011110110010111011101001110010011110111001100010001011111101100110111011011101110011101000100011010000010101110101101011101001001010110001	1205853.4	-467784.0
62	11000101010100001101100111000101100010110000011100011110010010010001000011011101011100111100001100000100100110101010011001010100010001110011001100110001100111000100001010100000000011110001111001111110000010000110100110010101100001101	856862.9999999997	-327387.70000000007
63	01001000011000111010101011000111001100101000110111000100110110010000111010101100001111101111011101010010000010000111100011101001000000010100110011011000111100000010010000111101110101110011011101100110111000110010111101110001000100011	932051.5999999996	-357634.7
64	00010010111110100001100100011101011111111111110011011000000111111110000100100001110100101001111100110000011000111111010000110011110000100001000100100101100001101100100010100100100100000000110000010111010100101011001101010010011001110	912929.3999999999	-349961.90000000014
65	10101000110000010011000111100010110100000011011000011010100101110010111011010101011011100000001000000110001000101000010111000010001110010100010011011010110110010010011000000000100010100001000011100100000110100000000001101011110000100	772577.9999999995	-293416.50000000006
66	01001110110001001001000100101100001010111001110000011001001001110010110001010110101011101000110000100000110010000111010001110100101010111001001000001000000100101100011001010000100111001101111001010110100010000100100110010101100001101	832431.3999999997	-317372.1000000001
67	11011011011010110011101110111011000000010110101000110001101110101000000100011110100001101101011111110011001110011010000010110011011110110101111010100100110001101010001010010001011001001011001100011011000001011000100101001111101011100	999270.5999999999	-384635.1999999999
68	11001011110110101010110000001111100100100101111010111010010011101010110001101001011010000000011010011001001001111011000011111111101001011010011100010110100010111100011100101000000111100100100111111100101111110001000100100010111110001	1074304.1999999995	-414679.3999999999
69	11011000111010111010011101011010110010000011010010010000110001101100111011001111101000001010100010010101010101001011011111101100010010111000100000100101101110101000111111010000000011010110011011111100100111100010010101000001000110011	1085009.7999999998	-419128.1
70	10010000110011101101010111010011101100100110110101111101100000110011110110010100011101010001000011100111100101100110000110111001011111000011001100110001101111000110001010100001101011110010111000101011011011001110101011111100101110011	1045823.9999999997	-403240.10000000003
71	01101110111100110001110110110110010010011101000111100011111101111011100100000100001100110000111011100000100000100101110110000011100110011110010111110010010111000000110001110110110010110110000101001100111101011110011110110001100110010	1044335.3999999997	-402788.6000000001
72	10001000011000101010000010111110010110000111111000010100001110110000000010100000111100100101000101011010110000101010011001011000001110110011100010111100010100000011000000000000000010001000100001010000001000001010010110000100110010011	743170.8	-281561.20000000007
73	11001011110001101000000000101000010010101101000000110001110101100011011001011101100100101010001100101100000110101111111100001000000101100111111100001000000001101101101010111011100111101010110110101111010100100101111111111000100000000	1025071.7999999998	-394910.59999999986
74	00000010110011110010001010101110110111101101011100011111110111111011110000111011000110101111111001010110001100111111011101100011110010001110101101111010100101111111110101101000011111011110010010011110001001101000100000111011000111100	1253758.1999999993	-487076.4
75	01101000001101100011101111010101111001111101100000100010000010101110111111000000110111010111000001011100110101011011100011111010110000010011100010001100001100111010010101011101110000001111100111101000101000101001010001110011001110000	1042933.1999999996	-402120.1
76	11010100111111001100101001011001000111010001100000001111010101100010010111010111011010011111000100011100001110110000010110000001010011010001001110100011110110010011110101000110110101101100001000011010011001001101000010110011110111010	969979.5999999994	-372770.3000000001
77	01110011101010011111111100011100011011011001010111111000010100111100110111111101001111100011100100100100000110001011110011011110101110110000001101011101110000010000110011010011010101000010111000011110001110101101000111101101000101010	1065701.4	-411397.1
78	00010001011100110001001100010011110101110011100101100101000100111110100111000111001001001011011000100011101011101101100110111111011111111110101001100100100111011000111111101101110001111010000001000100011110000101010100010010111001001	1218180.9999999998	-472687.39999999997
79	01101111110110100010001000010100111100010100011001001101010110101111110111001111101111111111110111101111100010100111001111100100111100001111001110011101110111010010111001001101001110100011000000010111101010011111000111101111001111011	1194574.8	-463072.20000000007
80	11010110010000110100000110011111011100100001011101111010001001010001101100011011111111010111110000110001001011000100010100101011000100000001111111100101000000000110110001001011101110010001010000111110111111010100110011000111110111011	977870.9999999995	-376011.3000000001
81	00010011100010100110011010111001011100010000000001011110111110100000100111011011101100100010101000000111101011010010110011010111001110000001111101111100111110001011000011100011110110101000000011101000001100010101101011011000110111111	1050143.4000000001	-405135.19999999995
82	10011110110000011101011111100100101111010010000010101111011100100111001001101100001100011111100010010100011001100010111110001100111000110010011110000111101010111010010111100111001000111111000001111100111001010110001110001100100011010	1058247.9999999995	-408376.0999999999
83	01101110111011101011110100110011011110110101110100010000011000101001010100101010100010000100110110000001110010000111001011111110100110100100010111101111011100110000111001011011111100101110000000101000000000101101111101011011111000110	1102638.7999999998	-426100.0
84	10000110110110000100100110101010110010011011010011001010111001011001110100010000110100111010000111101011000000011000000111011001111001001101011111101010110011101101110000110100011010111100010000010100110110101001111011000111011001011	1045140.1999999998	-403048.9000000001
85	01001010111111011000110010001010101101110000001100001010100010000011111101100110011000000011111101100000110011110101000101110101001101100010101001100011011011001101001001101000001010110100110010011110011111110110101101110000010111100	1030824.3999999993	-397224.7000000001
86	01100000111000100000110100101111000001101110100110001100010100101000001111011110100111110001100011000010011111101001101101011101100110110000101111111011110100101110111100101011101100111001110111001001001111001110111010101111000110101	1167290.1999999997	-452160.80000000005
87	00111001000010011000101101001000010001000010100000001111100011000100100001101010100111100000000111000010001111110100001111101000110010010101010111001000000100010011110100111101000000110000110000100001100100010100011100110000011101000	919336.7999999997	-352589.0000000002
88	10100110011100111011100010111100110010111111111101010100001101000100111100011101010101110010110011000000110100011111111100100110101010111010110001000100111110110111111011110000110111100010001100000101010101001000000011111010111101011	1227343.0000000002	-476396.4
89	11111101001001110001110111011100100011111111011101001101001101100011010011000101010001010001001101010111001111111110001011111011010010110011101001110001111101101100100001111111011010100011101010010101011000110111000001100000110111110	1182609.0	-458440.3000000001
90	01010101001011011000100110101011000110001011001011110001111111110110110100001010011101110001000011110100000000010110101011011011000110111001110111100011101110100111101111000101010100001010101011000010111110101000011010110101100010111	1116886.5999999999	-431917.1000000001
91	10110100100010010100000111111111110011100000011000001100111011011010101110110100111010000100100011000011100101000011010000101110101111110000001101001010101101011011010010100000100110000100100100110111111110100001110110010001100111101	965241.2	-370905.6000000001
92	01010001000011011010100100011111101101110010010000000110000101110000110111101000000100101101010101010100001100000110000011000101110011000100001101100010001000100010000001000011101001001110110111101000001110100111010000110101000000000	700461.9999999997	-264275.8
93	11011000011111110101001111101011110010111011101101001111010100101101100100001110101111100000110000101110100110101111110100111101101111110111001101110110000101000110100001101011011001100111110101001010110100001000000101011110010010110	1161293.2	-449818.2000000001
94	00001011110001100010100000001000000001000010010111001001001010100100010010110100001101101011101110000001010000011011001100010010010000100111100010010001101001000111000001001000000101011010101001011001000110011010100010001011000110001	764012.3999999998	-289931.5
95	10110010100011010011000010110011111001111011000000111100011100010110111101110101000101100100101010011100001110101000010111100001111011100111111010111011010100101011010100101011100001101010101010111000000110111100000000010110101100011	1089448.7999999996	-420975.5
96	00100101010001001110010011111110111010101101110100110000101100111110001011100011111110100001100001011110111101011111101010001011101101001000010001101000110010000011111000011111111100011111010011010000000001001011001001111101000010011	1081423.2	-417704.1000000001
97	10101110111000011101010001100001010100000101101100100011000111010010000110100110110111011001010001100110000101011110001011101000010100000111101001011110010001100110110010100110111110010101110110100101100101100001000010100011110111001	976044.5999999997	-375331.70000000007
98	10100111101000110011100010100111001011101000100111011010100000000010111011110010001000000101001000111111011101111100010110101101000100000110100010001111010111100011001110001001010000110110000110111111110000011101100011000001111111000	1033118.5999999995	-398159.0999999999
99	01110111010110010000111101000011001111000100000001101111100100000000001111010101010000111000010010000010010001111100000110000101010000001000000000111111001001100011110110000111111001011100111001000100101010110011010110100000010101100	869688.9999999997	-332512.30000000005
