SOLUCIONES INICIO 

0	111101111100011010101011011101111111110001110000010101110001000010100101000011111000111000101111110101111100100010001011011100001010001100010001000101010001000111111100011111100101100000011010011011000011101001100000011101001000000000	1111991.2000000002	-569289.0
1	011100000110000101001010011110010011111000000011110001101100001001111011110000000000101010111101010110110110010100101000011101100000111111010001111010001000100000011101000011111001110111011101110010111010111010001101001001000101001110	1026739.3999999996	-523893.0999999998
2	000001011110001000010011000010000101100010110010000100001011100010000111000101011111011110101100111111010101001111010111011001001001010100111010010111000111010010110010110101000000111100010010110100100101000011011101110101011010100100	1088330.5999999996	-556671.3999999999
3	111000111101010010001010000011010010011011011011101110001011010101001110101110011000000010000101100001110000100101011001010100010100110011100000110001010000001101111101111110111110010100001100101000101100101010111010101010000000101111	1105874.1999999993	-566025.2
4	111100110010101110100010000101100001001100111111101100001100011111011010111111001101101111100110010100000110111110100010001110101011110100100011000011101010111110011100110110000011101110010101010011100100011100001111000000110100100101	1175806.8000000003	-603417.2999999998
5	101110101000011011000110011001000010101011110000000101000111110100010101001011000110010111110111101010011111001111001001111111101100001000100001110001101010010011010100001100010111010101001011101011110111001100001100100110000111101110	1047086.3999999997	-534643.1999999998
6	110101010000110110001101111101110001110000001110111001011101001000011101001010011100111110001101000010000000011011100111101100101001010111110100000111110100000100001000111000100000000010110110011011111011010001001110000111100111101110	1014460.9999999998	-517341.3000000001
7	101110001000111110011000001001110011110011011011010010111001111001010100011011011100110010001100101110101010010100111110001101111111110001010000110110011110001000001011010100001101001101010111000100000000000101101001010100101111111001	1094093.7999999998	-559679.2999999998
8	011010110010101110000110011110001010000000101100110100000011110010101011011001011110100101101101000100011100000011110100100110111111111100000000111101110010010111010110111011000111110101110011110001101110110111011100010011100010000000	1191603.2000000002	-611860.5999999996
9	111101101111111011000010100010100010010111110011000111111110110100101011001011101101101000001011001010000010101111101110100101010110011010000101000010100110011101111010000011111111011110011111000111100101100000110011010001011110100111	1143062.1999999997	-585844.6999999998
10	001101010010110001010010101000000011010100000010100001011111101000110000110111110110100011000100111000011000010100000101100110101111001101010001110001111000010011111100010011100000100000101011110011110101111100111000111001010101010101	1033697.7999999996	-527657.0000000001
11	000001000010101110111011001011111001100011111111100011101100011000111110011111101101100000001000101001000011111110111001100010100111100010001101001000011100111101101110101111111110010100111010011001000101101010011010010100110110001000	1220065.4000000004	-626812.3
12	010111001111110101111111111111101000100000011100100110001110011101011001011111001111011100101100110010101011110111111001110011110000000111111101000111101000011101100101000001101010011001001001000110011011001111010101000001001001110110	1135967.6	-582094.4000000001
13	001100010111100001001001010000110101000110110110100100110000100101011111101011101100001000010100011000101100000100010100111010011011010001101100001101100000101111110010010001010101110000101000000100000011111101010111100011111010101000	975667.1999999998	-496786.19999999995
14	111100001001101110010100010001000110011000000101101011011001001001000010001010011000001100000110111110011010111000000010000111011111100101010101001110010101011001001000000100111011001000110000101010111100000010101000001010010001001101	897832.5999999993	-455156.4
15	010101110100001111010110111010001011011001010011001111011111011101010101001001101111111000001010101010101111011101001100011110000001110000111000101100010011111001111001001101110011110011111100110110011111011101111011101011010100111110	1239461.7999999996	-637287.2000000003
16	101011101011000000010000110110011010110011100011011000010001001100111100100011001111010001011010010110100011110110101110111010111100111010001011100001011001001000011001011100100000110111010001000011110011101101011000111100000100111001	1094006.5999999999	-559694.7999999999
17	010111110110100001011100000010111010010100000011110100110010111100001010110011000010111011010111011001100101000110110111110110001100110111000111101111101000111101111110010000110001011101001010010001001100010010110010111001011000111001	1143034.9999999995	-585879.2999999999
18	101101100100011101010100110010110110111001010011000001000001100111101001010001111111010101110110010001101100001101101001100001101011011010100111111000101110001011001100001101100110011110101110010100011001010100110000100111100101110000	1088179.1999999997	-556637.4000000001
19	100011100000010001100110000010111010110101111010101110101010110110100010010001111100100010101000000101111001111010011000100001110000100001010001111100101110011110011001010100110011010100010110010010000010000011011101000010010110111111	1033076.3999999998	-527187.5999999999
20	000100011110110001110000111100110000100111101001001000100111000110110000011010000101001111000001110111110011001111101110110011001111111100110001100100000010000110011010010011000000100110000101001001111111010111011101000000101001010001	1054369.2000000002	-538657.0999999999
21	110001111111001100011010001001101000001010110011101001011110011110000110111010111111101110001111001000010101011000001000111101110010101010110101001000010000001001000101110110011001101000011001110110011000010100001111001001100101111100	1039577.5999999997	-530671.6
22	000001010001100000001110010001100101110001110001001010011010010001101101110011110111110101011001000101001110001110101111110111110010011101100101010000011101110111110110111011101111000100000001010010101111110101100111010111111111111001	1266378.2000000002	-651604.0000000001
23	111110011111000110101001101010011010100011111000000111011111000001000011101001101001010001000110000100110111010110100100000000100110011110000111110100010010101101100110011000011010111100011101001101001110011111000011011101000110101011	1018952.3999999997	-519666.0999999999
24	111010011100011001101011010011111000010001100101111001111010111000000111100001101010110101001010001110110011010001000111000011110100110011111001001110100110001100001011111101100100111101111000100010100111101100001100011101001011010110	1160970.3999999997	-595462.0999999999
25	011101101110000111111011001110110000100111100001000110011010101011011011000010100110000111001010100001001101100111011111110011101011101110010101011001001101110011001000011010010010011111110110111001100001111011100101000000011010001011	1119253.9999999998	-573231.5999999999
26	111000110010001011011000011010010001111111100110001001110100010000011111111101101110000011111111111000000111000110100100000011010101000101101110100100010001101101110101111001000111100110010110110011010001101011011100010110111101101011	1148223.4000000001	-588672.1999999997
27	110001111101000101001111100010100111111101111100001010000101101011000110010101010001011111110101111011000111011101101100100001101001101010011001110010000100111011100101011000111111001000100011110111001011101010101010101100000011010011	1087575.7999999993	-556373.1999999998
28	001001001010001010010110001111011111010100001001111000011001110101001010001000011101000011111011001110101010001000010000110100011100111011000000000001010100111001100101100100101010100110011100101011110111001000100000111011100110011011	924618.5999999992	-469404.1000000001
29	101011001100110110101010110010100110011110011001000010111011011001101101001110000110100111100111100111011110010011010111010111000000110000111011011110000111010100011001010000101001000101101011100011011000100001111001001110111011011001	1067858.9999999998	-545862.1999999998
30	010110100101000101001111001011111010111100111001010011011011110010110010010011101110000011010000100110011110011110010000111110101010011101101111010011101000101101010111011000110000111111010110101101000010110001100111111111000101001000	1176508.4	-603636.7999999999
31	111011001001001111011010110100000101000010001001101001000001000100100101101101001100110111100011001100010111001100010000011011011111001011000000111101100010110001010101111100000101011111101000000001101100111000001100000000000101011010	1025065.1999999995	-523004.6999999999
32	000010001011011001001001110101111100110110010000000000011000100101000111111101100100110001000011110110101010110111100100100000111111110011110101000111001110110000000101110010111100011011000011000011010010000011001001000001010100110110	1050430.4000000004	-536560.9
33	100101110110011000001011011111000000111000001101001001000011010011000101101111110000000101000101101110010101011011001100010110000100100100101101110001111111010000010011100001010000111111110111101011000111111010011110100010011110101000	1036394.1999999998	-529037.5
34	010100101100100011111010011000101011011101010011101001010111011011011110010110110100010011010001111011010100111001100100110110000000110101011101001010110101001001110110111001000110010100000001111000011111100010001101101011110001100100	1162053.5999999996	-595952.7000000001
35	101001011011101010010110101100011000001110001000110110000011101100000000110111010111000110011010111101010110101010011100000110011110100110010101010100000001011101000011010010000101001001100000111001101100110100010101100001111010110001	985644.3999999997	-501916.9999999998
36	111100101010100000111111001000000001100000001110001001000110001000011111110100110101001101000101101001001101001010011100111010110100110110010100011100011110011111111100101100111011110010100011000101010110010011001110111001110000000100	1095978.3999999994	-560873.4
37	100010001111100101110001111111001010101100010011110111110110101001000011100001110001101010100010111011010001110011101010000011011010001110101010001110111010001001110100110011011011100100100001110000000101100011010110100111100100101011	1125855.5999999996	-576753.5999999999
38	000110001110100100000011010100001110110111111010110110110110011001011111111010010100101001010010011011011111000101101001110011010100010111110011110000111001011011010101001010011011110101011011111101000011010110110110010101110001110100	1170299.8	-600353.9999999998
39	100011100111010100111000100101110100101010001100010110000001011101000100100111010010010001001101011100011100000100101110001010001100011101111111100011010000111001101000111100110011111011010011100110100011000010011100000110110011111111	1075577.8	-549863.8999999999
40	101001101000010111110000101110010111000001001100000000111100110011011010001001111110010001111010010001100111001010110000110110101100010011011001110101111100000001001010000110110000101001100000101101100101100100011010001110101100100100	975799.9999999998	-496784.4000000001
41	101000110001011000001010010111011000111011001101010000111011011000110001010010000111000011111101001100100110100111000000001110011011110100111101000000001100111001101010111000000110001011011010110101100001101100000111001101111111111101	1030774.9999999995	-525997.9999999998
42	000100101011010100100000110110011011110101110111011110010010100110011111110010001101111111001100111110111100011001001100010000101101100100011001110001011111101010100111111011000001011101000100100001010110011010110000000111001100001110	1227368.6	-630808.0999999997
43	111110000011101010011011011101111010111001110110011110100010110001101100110000001110110010001011011101101000110110100101100110110101011110011010000010101100001000111011111010110000000100110000000001011000101100101111110111000111110110	1196375.4	-614420.4
44	111100010100101100101111000100000001011101101110011110110001011100000101100001111110000111000000000011001111000011100011010111111101011100111001101110000011101111000000000011111101000101111110011001010000110000110010101110110010010111	1033848.9999999995	-527621.7000000001
45	000001010110010011010110100101010010101100011011001110001000110011100100101111101100011010111000111101000010111111011011001110101011011101100001101011111011010110101101010000101011101000111010110110101110110001011001001010001010101101	1144891.0	-586802.2999999998
46	000001010000010110001110011111000100110010010000010000010010010010100010100011001100110101001110010010010101011100000000101111001000100111110001101010111010010011101110001100000010101111110100100001011000010001011101010010110100001011	973788.3999999997	-495644.59999999986
47	111110110111100000011001000011001000010011000100111001110101100011110110001011001000011110111000000011011100001010011010100010010101110101100111010000110010101010010001000101000010000100001100001100010000100101011000001111101111101010	954640.3999999999	-485553.39999999985
48	000110010111111100111010000010100100101011010000101001001110111000011101000111101110001010110010101000110011001001010110111110100010010111000010100101101000101111001100101111110010100010101100100101100100000010110001001100100111001000	1067525.1999999997	-545668.7999999999
49	111010101101000110011011000110101111000111110010001011001100010100010111111010011111111010101001110100110000110100100011110111001100100000001000011011000100010001000000011110010100011100100001011001011000101011011101110011111011101001	985503.3999999997	-501885.7999999998
50	011001010111101111010100111010001111101011111110101100011010010100111100111100001000000001011111110000000001110000010010000111000100101000100001110011110110000110000101000110000110111110010110010010100110101100011001000001010101101000	963585.5999999996	-490216.8999999999
51	011101000011101100001101010011001101100000111010110101000101001100110100100010101100111111100101011111011010111000111101101101010010101101100100101010110101011100000011111011001100111010100001011111011111100010010011000000001000101001	1200120.8	-616307.7
52	010000000110100110110101010111101110010101101111110101110101000000011010111010100000010110111000100111001110101011101011111010011011010010101110100001001010111011111010011101000010000001111101100100010011101001011100010011011010000110	1214526.6000000003	-624014.1999999997
53	110101111101100001111011000101100101100111100111110111101011110100100100011110001101000110010100101001011001011100000011000110110000000000010110110011011000010110010101110101110111010110110010000011110111011001110110100110101010111011	1116293.7999999996	-571579.0999999999
54	111101110010111001011111100111011111101101001001111000111000010101110111001101010111000010110010010011010011100111100110001010111011110110011010001001111011001111111001010011100110010001010000100010000110100100110110101001010010011101	1208890.0	-620944.3
55	111010001111111000100110010101101000111100111100011111011100110011011100010110110100010011001011110010100011000101111000101010000111110010110000000100100110100010011100010000110000110000010100010100011110100000100001011100101010101111	963649.5999999994	-490214.2
56	010000010001010100011100001000011110110011011111001010110011101000100001001010100001111110011000110101100101111110111111001101011000001000111101011000111111010110110111011000011100100100111111101110111101111000100110010101010110010000	1203474.4000000001	-618153.4
57	010011010110100101001110000111000101100100101001101000011000010011100101010001001001000000010011110111011111111111000011111000110100001011110010111111001011110011011010111001111000100101000100000111110000001011001100010101011011011000	1151600.5999999999	-590345.0999999999
58	101100100101110100110110011110101010000111000010010111000100010011011011000000011000011001000101100011010110011000001011110010010000011100000111101010110101001001010010101100000000001000001100000011010111001100011000011100000010000000	939921.5999999994	-477653.10000000003
59	010001101110000100001000011111100001011000101111011101010101111100100001010010000011000000100011010101000101100001101100101010001110001011000110010100001000001100010101110000000011111100001011100001010100101100110000111010000110011110	930226.7999999997	-472468.99999999994
60	011010001110000000010010100010100100011000000110011101111011001000111111010000010100011110111000110100101000110010001010000000000110110101000110011111000001001101110111101111111100001010010001000111100000111000001011001000011000101011	1086192.5999999994	-555527.2
61	110111101001000101100101010011111110011011001000110011110110111011110111011100101000011100001101000110000000110101100000010010001110000100101101001100110110010101110110111100110010101110111001100000001110110100000100100000000100000100	1073545.1999999995	-548945.7999999999
62	010001011110011010001010100001110001011001100110011001001010110111001010001101000000010101010111101110100101010011011101111100001100001110110001010111110011100010111110001100111001000100010100110010000000001110111001111000011000110111	1105383.1999999993	-565787.2999999998
63	110100100111011011111011010100001001011110111100000110100011100010000011101110101011100111001001010011000100010010100100100100101101100000101110010011100111010101110000111110011011101111110110101111010010101101110010001101011101000111	1110925.1999999995	-568777.8999999998
64	010001000111101001010101101111010011010111000110101001101110010001110000001010101001011001010100010111111111100010110010110001100101110101111110100011110101011000111111101101010001000101101111101111011001011000101001001011001001010011	1301298.6000000003	-670331.1000000002
65	110010100101001111100011010111110101000101010111000001010010111101111000100000010000101000000010001000101110110100011011001110001111010111100101000111101111110001111011011001100010000101100010011000101011000110101110010111111101111110	1204255.3999999997	-618401.8
66	100001001100110111000001101000011110100111110000001100011001110000000101001100000010100100111110010010011111101010101110000000101111011001000110111111000101000111111111011100100111111001101100110101011111010101001100001001010000110010	1189823.1999999997	-610925.9
67	000011000110100011001100100110110011011011000100111010111011011010100111111101011110101011110110110011110010001011000010011000110010111001000000010100011110100001101100001111000111111011100100100001011011011000100101010010001111010111	1066863.0	-545165.5999999999
68	101010000101110110111010010101010101100001101101100110110101111111111001010001100100001011101110011000110111100101011110010000101101010110000001011010010101001000000011011000010110101110110100100101011100101011101000000100101010000110	1020939.9999999998	-520851.9999999998
69	011001001000000010001001110010101100101100000110111101110001011101110001001011111011010010000010010111000111011111100011101000000001010011011010111001101111001000111110010101110001101111011100001111010100101101011100100000011110111001	1143013.4	-585877.5999999999
70	100110001010100001110110110101101101011011011110010101101011101010101111000001010010110001101011011100101001110010000101001011010010110001111011000000100011101111100100011111110100000001100100011101010111101010110011110110010100101100	1129924.7999999993	-578856.6
71	010011001000011101100000110011011011111100110000011010001111000001000111010100100000111110010101111001000111110011001111011100100000111101000101111010000010001101001000001010101001000011100011110001000000111100000000110111000101001010	965653.5999999999	-491403.39999999997
72	101101010000001000000100000101111000011001010111011101110110101011000111101011000000001111111101111100010010111000111100011010110100001110111010101111000100000111100010000110001011110101001101111000110011000101011011101011111010100101	1063451.7999999996	-543532.5
73	001001001111101011111000001001011101011010111111001000111111011011001011011000011100010001111010111011001011111101100010010111001000001100000011111100011101000100001111101110111011000101010000010100000100011001011101101110111101010100	1183878.4000000001	-607633.9999999998
74	101000001011101001110111011011000110100100100010100110011111000110101110110100000110001011000001001001011111000001000001001100100010001011110100000011010101011010111011110000101000101101011000110000110101110100111110101001101110010111	1042013.7999999992	-532097.5
75	110010110111100110111110000100100110101001101000010010000101000001100010110110100111011100101011011000101011111011010000010100011100101000000010100010101111010010100100011011110100101100100011100010111000000101101000110000001011111001	996571.3999999997	-507773.69999999995
76	010010001010110010101010101010011110101011110011011110110001100011101101110110000001000110111001001100111111011000001100100111011110010001000110100111111011001011101110110011000011100101001000011100000001001101101110000011000110000110	1165353.0	-597823.8999999998
77	000111001100111000100000110111001111111000100011011001100101011111001010000110111001111010000000110110000011111101010110001110000011110111001011111011010001100110111111111001110011100111100011100111001011100001001111110101100110000100	1246622.5999999999	-641075.2
78	100011110100111100000110001010010001110001100001000101001101011010111100111100110101011111001001110000111101000001110000011000101101111010010100011110001101011110110101111010011110001000011110000100001101111100100111000010010110001000	1132238.1999999997	-580059.2999999999
79	000101011010101000101110011001101100001111001111100100110101100000010000100011111011010100001000010010100011110011000000110100101101101001011000101100111111000100110110001000111010001111100010011110001000001111100000101110110010100100	995388.1999999995	-507299.30000000005
80	010110010100101101010101010100111100001111011000101010101100011011100010101101110111000110111101000110010101100001000010101010000001010100001110010000001011011011010101000110010001100111110010110010110100001101100011100100100001101110	1003963.9999999998	-511737.69999999995
81	110100111101001011001100010001101110000101101111001111010101100101010001100010010100000011000111100000101101000011111101111111010111010000010100101100001100011101010111101110010100011000111010110110000101001111100101011011011110100000	1180860.3999999997	-606012.5999999999
82	000001101001010100010110100010000110110110111101101110111011000100011100010011000110010110000101110000110000101110110001101111101110110100101100111010011100001101110011110101001110011110100000111010101001000111100110110001011101110000	1175100.5999999999	-602966.9000000001
83	101011011010001110101001110110100110111011100010100100110001011100111001000101110010010101011110001011011001011110110011111101110011010011001111000101100111101110111001111110011001101011001010101100010001101111011101111010011100010000	1296255.2	-667494.2999999998
84	000111000000001100111001010110010110011011001011100000000010111101110100100010110000101111100010001110100110101110111001000001011010000101001001110100000011010011101100010001001100111001011011011011011101001011010000111100100111110010	966407.7999999997	-491850.39999999997
85	001010110000110010000111010001110010010100010101011010101010000111110100100000010110101101101001010011101011100001000100011100010100000000001001101110111010100000010100010010000110111011111110111001111111001110000100100011110100000111	924497.1999999997	-469407.9999999999
86	011110010110100011000011100000000011110101111001000111110011010111001100011001010000010001000111101001000111000110101110110000111001111011010010101111000001111011111101011011000011110011010001111010110101000011010000100100000011110111	1180086.7999999998	-605547.8
87	001011000101111110111011101111011110101010101011001110010110000101001111001101101000100011001100001001100000000001111011101110101001100111101011101110001100000000100000000100101111100110010110001011010000101010000110000101010110011011	927234.9999999997	-470775.8000000001
88	101010111011110100110000000110010111001010100011110000001001110100110000100111001010000101001010101101110000010110100000010101011101100000100001001010100011101000010010001111001101110001000011000100111010000110011111011100110000110011	959809.1999999998	-488361.7999999998
89	010000000010110001110000110101111100111101010111101000101110111010001001111111001110001000010111011010100000011001001010101011100001010000011010110000011110100100011011001001010100001110110100101111010011100011111101101010011010001100	1025158.5999999999	-522958.8999999998
90	111001110100000100010011100001111101011011110011100000001100100110001010010111110111011111101100111011000000010011111101100111000001011110110000010110110110001111101100100000111010011011110110010011111011000110110110011101100011001000	1060078.3999999994	-541639.2000000002
91	100101011000110101111011000000001100000000110100110110001001000000100000011011000000111000010011010001011000001100101000001000001010010010001110101011011000101000001000010101010111000111101101000011010011110111010000110001110011011000	837086.3999999998	-422888.2000000002
92	000001001101010110100111111111110011010011110001101011111011011100111101010110100000000001110111111010001110001001001110000010100110010111101001001111010110110001010111001011110111011000101010101010000111110000101100100100111000101101	1174444.4000000001	-602710.4999999999
93	000111110111100100101101111110011110000001100111110010111110101010001101110001110000111010111101110011100111110000001100101001001001010011110000010000001100000111100110010011110100101010100101111111110001100001010111110001111011001010	1077512.4	-550991.0
94	100011010010111100011110001010100101001110100110001100100100100010000100000101000001100101111101010100011101110111110011110100001100111000011010001010011110011100111101111110110001100101111111101111101011010000110101111010110110011001	1243894.1999999997	-639683.8999999999
95	110101100110011100000100110101010011000011000011010101110000011101000000000110111100001000100010010110100001010111011111111011101101001000000101110111000011101001111001010001010000011100011111000100100001110011101001110001100111001001	1069337.7999999998	-546612.3
96	010010011100011001000110001110000110111010000000100000011001100111101000000101000011001011111101100000111001011110001000100100010000100000000100010110101100111110100011010011000011011000010101010101011001110110110101010111111000100000	930028.7999999997	-472469.5999999998
97	100111110100111101111011100101000100100100111111100100000100000000000000000010001010111011001010111011100001011000010010000101100010010000011010101000110111111110000000001000111001010010100101100101100111111110000010111001000001100011	844579.3999999996	-426829.5999999999
98	001110110011110001111101101111110001000010001001010001001000110010001111110110011011001111011111110111000010100100111010010111001101000110100111011010101000100111010111000010111100011010000101001100000001111011101110100101000110001010	1070732.9999999998	-547269.4999999998
99	000010001110100111111101001000101011000101100110010011001101001111001101000011011000000110101010010011000100111001111010101110100101110100110000101100100010100111110010101010110111011101101110101100100100011110000001101100110000101100	1063126.1999999993	-543305.7999999999
