SOLUCIONES INICIO 

0	00011100001111110011111100111001011100011111101111001111100101011000101100001001000011100010000010001010010110101010100110000000000101011110011010011000011000111000110011001110001001110001100001110100010100110100111011101010111110111	1032829.0000000003	-465487.69999999995
1	11010111000101100101010111110100111101110010110001000101010100000100011010010001001101101000101100000000110110111101001001101101101001101010101001010010011000011000011010101100101100011110011011101110111000100100011001100110110000010	1029654.7999999998	-464113.49999999994
2	00101101001001100010001001111100011111001100110110111111001010110001011101110100010010000101001111011101100110001000011001100011000000111001011110111100010100100100111010000110010011010010011001110111011010111111100011001111000111011	1082617.8	-489009.80000000016
3	00000000010011111101001101001001111111001000010111110101010100010000101000010011010010010001101101010011011001101010010011111110100011100101010000000000110010111010101000100100000000111101001010100000010100100101110100101010101010101	955613.4	-429203.8
4	11010110111000110000101000011100111110000000000001001101011110101011101101100011010001110111110000101000011011101101111111101100101110101111000100000111110000110101001111011001010011000011011101011111010110000110000000110000011110000	1202414.8000000005	-545408.0
5	01100111110101001101011101111000001110101001010111001111110111001011110101111010110001100011011111011110000110101100010100100010100010101000100000111000011010011110101101001111100010100110010111000101000000010010101100001011111111010	1101063.6	-497620.89999999997
6	00010011111001101111010011000010100100101101000011001010000000010100000101100100001101011000110010011001110010110101110111100100101011111110011000011101010000010110110001011000011010001101011001011100001101100100001010110100110011110	1064385.6	-480429.40000000026
7	01011101110111010111110000011010010010100001001101000110101000110101110100001100101100110010010111000001001100110101111010010010001100110111111001001101101101100011111111011011001001001100001001000111010100011110111111110001011010100	1217195.6000000003	-552379.4999999999
8	11010100001101001111011000010100111011010000011101010000000111010001111001111000001110100111101000010111000000101010000101000100000111000111100001110110100010000001110000010011011111111110010001111011111000010000110100011101010100001	924196.4000000003	-414495.9999999999
9	00010001100110101001110110011010110111100001000101101100101000100001111000011100011000101101000011101001000110100001110110111000111110001011101100011111110010110001011000000111011000111010100111101011000001111101101100111111000100100	1050492.9999999998	-473880.5999999999
10	01100101100010100100101101011110110101100111101100000010110110111101100100110000000010010110001010111000111110011101101110001110011010011100010011110101110110000011101100000011110001111001100111110100111000100100000001011001010000011	1071788.4000000001	-483898.9
11	01010000110000000100000110110110101001101000000000110010010110101101011010010101000010000110000111101011110011111111001010011101001000001000101111011001100101111001011101101110101010001011011011011111011100001011000101111011111111110	1169755.9999999995	-530026.4999999999
12	01100010001110111100010000101111001100101110110011100111111011000000010011100110110010000000111001111001000000010001000101110100001010100110011010101000011101101110010100000001110011111111010101111101100011000100001101101111001100000	963321.9999999999	-432888.79999999993
13	10110110001010011100110000111110001100000010001000111011111100000111010010111011101000101111111000111010110100111000100101110010001011111011000000011010100000010100010010110010001110001110111100001011101011101001111010101000000011010	1038554.4000000001	-468293.6999999999
14	01000001011010101110100001110011001000101110011001110111111101100111111011100001110011101111000000010100101111011001001011101101001001000000100010001000000101110111100001101100100100110000101111100100101101011100000111010101000001010	1034893.3999999999	-466675.70000000007
15	01110101100000000010111111001100101001000100101110000011101011001011110000100001010010011001110011111000101100110110010001100111100000101101000001000111111101001000011100100011101001101110100101010001110000011011110011000010000111011	1011076.0000000001	-455497.2999999999
16	01010110101000010101010101010000111000100011001001000101010011111010110010000011111011100001110001000110111011101010111000111010001011110000110010111011001000000000001010110011000101110110111100110110101000010110001101100001111001100	1015366.2	-457359.50000000006
17	01100011000010111000111110101101100111010100010011011001101001111011110001101000111000101011011000001001100000001110001110111001000100101111001001111100110110101100011110001100010001111010111101100010000101010110101100110101110000111	1117676.2000000002	-505554.49999999994
18	00001100110100000101010110011010111000100101111111100101110000101000111100000001001100101010011101100011101011001001011111011100011110011100001101101001110000101110111101000011101100110101000011110000110001011011101011010001001101100	1106613.0	-500439.60000000003
19	01010111011000010110001000101001101100011000001110001011011010110101111111001100000110100111010101100100000100001100010101101100001001100100001011100111011001111110011001111000010110101011100111011001001111110101101101001000010101100	1104454.9999999993	-499281.3999999998
20	00101101001011101010101001110000010100110100101110000110101111011110001110101010100101010101010111001111100011101010001101100101001010001110100000110110110100101001111110000010101010000100001001000000001001001111101011010100111011010	1100547.2000000004	-497430.4000000001
21	10100001100111000110001000011001111111101000101011011100110100000001010110100111010101111101110001100010101011100110100101100000010100110011110100110010011100010000010010110010010001111001101001100000100000010000001101110110110100110	1010135.8000000003	-455045.69999999995
22	11111111010101111010000111000010100010111111111111111100001000000001010010100011111001110010000110010110010011001101111010100101001000101000101100111100100001011010101110110001011111000111000101110011000010101110010000001011101101011	1136385.2000000004	-514409.49999999994
23	01110100100001100011010111010011100010001000001100011010100010010100011011011100100110001101101011100010111101111001101011100001010101110001100100101100111111000011110010010101100111001011100110000111000100010011010010110011010110110	1086857.9999999993	-491126.19999999995
24	10000110110010111111100101111001001110000011011111001010101100100100110000110111110000100001001000111011100111100000101101010110110000000101100010001011111000001011000110011011111101110011000100001010111011000101110101010000011110000	1055846.1999999997	-476449.2999999998
25	11001101111111110011111011101110110101011011100101100010011111110101001111111100110100101110111101000011011001110011011111100110010101000101100001101011100011100101010110111010101101001100001100111001000101011001110111010101010100010	1267410.8000000003	-576088.3999999999
26	11011111101100001001000111110010101011001001011011101100100011000011111111110000101001000111100010011111010000100010001100101111101111111011111110110001110010111101001001100111101011100010010011100100011101110010111101011100111000000	1161041.1999999997	-526015.9999999999
27	01001110011101111100110000001011111000101100011001101110100110011100110111111101000101010010011000000100101011000011101000001110111010000111111110000101100001111100110000111101000001010110100110000000010001111000111111001000000000000	1054951.8000000003	-475996.5999999999
28	10001011101001010000101111101010110111001100111011000011001000100111000101100100111100110010001101101100000111001011010001101011100111000110100110010111100110100000100101001000010010111100001111100001000101000100010010101110110000100	1021471.0	-460404.10000000003
29	00000101100011100011010001100111011111100110010000100100111111011110000101110010111000101011100001111111110010101010111100110101010110001100101111110111101011000100001010110010100001101110101000000111010010111101101111111011100000100	1163126.5999999999	-526968.7
30	01100110101100011010011010001111111001010100010011011000110000001100001001111001001100111000110110110100111000101111001010011101101101100011011001001010011000011101000001010011101101010001111010100010010010011010101110100001000001010	1025017.3999999997	-462015.89999999985
31	11100111111011010100110110100010001000100010011111110011110101010001111000111000110100010010100000001110111111001001010001100110111111100001001010001100010111100110001100111110010000010010010011111000011010000011100010011111000011111	1125428.2	-509287.4000000002
32	00101000010101010010001101010101001001000010100111001100010101100001011111111111110000010110110000000111110100110111111110110100010001000011111101100000010110000101010011100001010001010010111000001011011001111010100100010011111001010	1061747.6	-479259.7999999999
33	00001010011111100100100101100001100101010011110000100100101100011101101100010010101110010000011010011110000100110001111011010110011110001100010010100101101001111111011000001011001111000010101110011111110000101111011101001010010000010	1061775.4	-479241.5999999999
34	01101000101000100111011000111010110011010000010010100011110001001001010000011010000001000101011010000011001010111000110010100001111110101010110011001100001110000101000110011000011010001000000111011001111011101000000101000000010010000	955289.6	-429230.3
35	11001011001101101110111000011101101100000110100011010000101100110001011001011111010111010000101010100001011010010110100101000001010100001001011011001101100001110000000101010111001000011011101100001101000110101111101100111100100010000	977316.5999999999	-439417.59999999986
36	01010000110000010011110010010011011010000011110011010010111000000101101010001001011111010111101011011111111011111000101001000101001000110101001100010101010001111111011110101110101111001001001111010010111110111010100101101010100011101	1211251.6	-549572.2999999998
37	01011000011000000000000010110110100100000010000010110100000100000001011110111100101000110111011110011101100100111011110111000100001111110001101101011101111010011111111001011100000011110110110100110010011010001000111111010000110101111	1183089.4000000004	-536329.3000000002
38	00001010010011010100110011101001001010011000111110100001001111011011111100111010101011100110001110010011010110011010010011110001001100001011100111000101001110011101101101101110100101100111000100111111001000110011111100100111110111000	1164720.8	-527670.0
39	00101001101101011010110110111001100101010111010000101100001101000111110010000010011110011011100010011011111010011010111010111100001100101001001010111011001001100010000000100000110100000110001010010111011001010110110110011000111010000	964959.2000000001	-433583.29999999993
40	10111001001110011011100011110100001101011001111101101010110111001001001101010011000101110010010001010001011011101010000111110010001000011111010111011000100000101111110001001101110101001101110101110010010110010001101001001111001111100	1128923.5999999999	-510892.6000000002
41	01111111010010101111011100011111110100000111101110000110001011000111000110111001010000110111000101100101001001011011000111100011001010100010011110011010101110110001000100111111100110000010001010110010010000100110001000001101101111011	1101913.4000000001	-498110.29999999993
42	00100001010010010000111000001000001100101010101010010110011110111101101001011000001010111101101100011001110001111001001010100000110110110100111011110000001110110000110110110000011111000110011110100111011100001100010110000100010111101	1084379.8	-489978.4999999999
43	10000010010001110110000111000100001010100000101101110011000011010010000000010110101110010001100100001101111011010011101011100111111001010011101010010000111110001110010100011000001000000011001001001010111011000010010011001000001001101	1022603.6	-460895.19999999995
44	01111111000001100101101011011000101111000001011000010010010100101010100001010111001001110010101011010100000010010000100011000000110111001111111011100000110110011011110000011000111101111010000101110011010000110111111101101110101001100	1066080.0000000002	-481334.29999999993
45	11011000101101110010010001000101001010000010001110010011110000001011010000110101000011010100111001111001111110010010101001011100010001001000101010001100001101110011100011000010000110011001111011111000011011100000110010101011110010010	1003228.7999999999	-451783.3
46	10100111101000110000001010000111100001000110010111010110000011111110100100111011111110110010001010101001001011101101000111011000101011010111100010101000001000110101110000000110111101101001000001111010111101010000011100110001010111101	1006826.0000000001	-453375.30000000005
47	10111011010001000100011110101110110011100100111010111000001001001110111011110011110111011001010110101000011101110101000000101100011011000101100010001011010111111000001101111000100001000110110001101111100110111110101010110000100011000	1124343.8	-508582.8999999998
48	01011110111001100000110101000010010011110000011101100111001110101100101011000111110011100010011110000010111100010001011000010000011100000100001011111000011101110011001110011110100101100111011000101001000111101011011111101111010000000	1059360.9999999998	-478079.6
49	00010101110111110000100101010101110010101000011000100110100001000110011100000100010001000010001000100110010100110011000011010011101101100010000110100010011001011110110010110000010000010111101000111101001100011100100110100100111001011	948058.4	-425712.70000000007
50	01011111101100010000010000100001010001010010100110100100000111111101000100010000110111100110001011011100000110010011101110000000010110101111111100111000100110100000110111000100000110100000111111101010000010011001101110010110011111000	1022033.8	-460639.5
51	00100110001110110001100011010010101110101110111000111001110101111000100001111001000111110100100010011101110000100000010101100110010110010100110000101101001001100010110101111101010010010010010001110010010000011010010010111110001000010	1104921.0000000002	-499540.9000000001
52	11010001001110011100110110110000001111111111110110000010010010110100101000000110111010111000001011111101111001100000101110111111010101000001110011100000110001100000101010111110101110110010101101111000000110110100110111000110010001110	1136846.6000000003	-514629.8
53	01101111110011010100001011111011001101101010000111111001010100001111001010010001010010110001000011111011101010111010000101110010000000100111000000010010111000111011110101101100101100111100101011011010100001010000101010011001101001011	1146535.2000000002	-519078.1999999999
54	01010111111110100101111010100100101000001110111011001110100011111011001011101011000011111011111101001010010001001011010101100111110001110101011000111011110011101000011110010101111011010011101000010100000100100011101011011100010100011	1180340.4000000004	-535110.8
55	11001011000101110101111101110101000100011011011111011100001100011011000000000001010110111001111111110011001111011000011101100000110100001010111000011011011001001011100101001111001100101100101010001110001111000011100001000111111110111	1151214.9999999995	-521382.1
56	01100101100001100111001101010100110011010111101110001011000011110000101111110000110101101111001111001010001110100000110100011100000011010101110100000111000011000011100000001001001100110010000111001010110011100111011000100011000000101	947915.7999999999	-425687.2999999999
57	11100011011000111111010011001111001110010111111010011010010011011000010001101001010101100101011110110101000110001111100101010110111110000010010000010100100011001001110100110101000001000010011100010001111111111110001111001011011010000	1122218.6	-507658.6
58	00110000101100111100000101001000100010011100111010010000100100010100101101110000110011101100000100001000100000011100111100011110100100110010010011011001000100001000001000001000011000000000010101011101100001010011001010000111000101101	822237.9999999999	-366586.6000000001
59	00110111110110111001000010001011001000001010111111100111010110011101000111011000111011101010110000001011011010001001010000101000001100100100001001111100011000000001010001110111100100100000111000110111111010100110110100001110011011100	985555.6	-443374.39999999997
60	01010000011000011011001101111101000010100001101011011010010101101001011000000011010010000110100100101100101110100000100001110110010000000001001000101111110011111101001001100001100010010101010001111110110111111101011000011011100101010	1010547.3999999998	-455044.2999999999
61	00001010101010111010000010100100010000001011100100100100101001010101110011001101111111001100101101011111110100111111101100011010100001110111011101001001001101000101000101000111011100110010110100101110110110000100010001010000011100011	1030513.2	-464578.59999999986
62	00100110001011100110011001011111101101000001100010100101110011010100100010110110100110101110010001101100000100000101010111110111011111100101111100001000111100011000110101101011001001110010011100001100100010101111111111000100100011011	1141372.6	-516742.1999999999
63	01101010011001001110011100110001110110000001101001001000101010011010110110101011010101110010101110001001101001011100101000100110111111010111001001111100101101000100101001011110000001011000101001010101110011000101101110000000111110010	1085917.8	-490665.10000000003
64	01011001111010110000000110010110001110100111101111001011110100010100100100010011000001111001100110100000001010100011101011001010000110110010000001110001001011101111101101010101000111111100000110001010110110101110111000010011111000111	1067361.5999999999	-481807.39999999997
65	01011101110010001101001001001111100100111010001111001101011111100111000111111001110111001010111101111000101111010001010101010101110011001000010010101101001010011100001000111010000111011111001101100100111010001101111001101011100010101	1144159.2	-518104.8999999999
66	11001010011101010001101101000001011101011010110100000100111011001010001010110101101100101010011111111000010100110001101100000110000111100011100100110110111110010011110000101010101001111010011111010000101111110101110000100010100000011	1080532.8	-488090.3999999998
67	01100000111010001011100101000100011101101110001011100000000010001010001101101110011000110011110000110110111000010010101110010010000011101010111110011010011000110011100000000000001111011110001110101001111000111100110000001101101011100	929956.0000000001	-417288.69999999984
68	01001000101001011010110010010110111001101001101111001111010001010111111111001101010100000010010111011010110100101000010100101110010100000100110111111101100010100111100001010011101001010101010011001011000100100101111100100110010010110	1059810.4	-478306.3
69	11111011000110000101010111101001010111010110111010101111000000010100101011100101100001011101011101010101110111110101110100011101101110101100110101100011000100101000010000001101011110101100100101001111011100010011010011111001100000111	1080273.0000000002	-487827.10000000015
70	11001110110010111011001100100101111110100010011111101000000111011100001000011011000101111110100010110000001010000111100011101010001101000011101011101101000000010001001001000100000010111111100111100000011001110110001101111001100110001	973532.8	-437776.40000000014
71	01010101001011101000001111001101100101111101110110000110000011010010111000010100110011010111011111011111101000001110110010001111101000111111011001110101111010000000010001100110111110100010011010100000010011111110001001011000000100010	1080673.4	-488088.0999999999
72	10110101010011100101110011000100000000001001000010111011110111001111110101111000000011101011101110010110000000111101110101111111010011000000111101101011111010000101000111110011111010011100011101001101101101001010001111010111100001000	1173121.2000000004	-531632.9999999999
73	00011010100101011101111100011111001110100101100110010101000110110010101111100111011110110111110010010110111111010000110100010101010111101101100111101110011010100000010100001010011101110001000001001101111110100110011011101110101101100	1128391.8	-510638.4
74	01010010111100010000110001111110100000001110000010100000000010001101000111001101111010011000011001110110110010100011000100110110100101001011000001010001101111110101111010001010101101111111001111110011000011001010000011110101010000001	1058941.0	-477866.09999999986
75	11010110011110011001110101011001100011111011101011100111001001010011100101011000111101010101010111110100111110101110110101110101100111100000000111100001001000011101101111000001000000011000001111010000000100011110100010111001100011101	1175682.0000000005	-532811.2999999998
76	01101111101001011011101110001000110100100011100100110101000111111100110100001100100010101001111000101010111010011011001100111001101010000101010011101000001011001111110111000101001001000010011001100100011011011011101001010100001010000	1122636.8	-507903.09999999986
77	00000111001011011010000011000100010001110101100011111111101001010100110010011111110100011000100110011111100010111110110111010001110111111111011111001011101001110010000100011111000000101100100110011111001100001100101110000100110000110	1153655.4000000004	-522551.3
78	11110100100111001100110010111001011000000111000100111110010111010001001100110010100011001110111110010000100100010010001101101110011110001010011001111011111000110101111001010011010011000001000010011101100101000001001110001110100100101	1108412.0000000002	-501150.2
79	10000110000010011000011010111010011010010010011000011101111110010100001100000110011111100110101110000000010110100110110111010101001010000111101011011001011110110011110001011100010110110111111110000000010110111010100100000101100110000	1126368.3999999997	-509779.7
80	01110111101111101000010101101101100000110100101001001111110100110010001110000011001011010001001000101100000110000001101101100001100000001010111010100101100111110001000101000100011010010000100111101100100010110000110011001001101000111	944787.8	-424288.6999999999
81	00111011000111101101011011001010111111100101101100010011101011001111011111100000011001110111001101110110001101011101100010101000110101000111001010010101101101101010101110111001101010000000000111000010111111101010101010100101011011110	1232689.9999999995	-559582.9999999999
82	11110011111000101110011011100010100011011010111000010111101000111111110010001111001111110100000111000110001000101110011000110111101000110101100010000010111000010000100101000111110000011001110100100100000001000011001110100100001011011	967361.2000000001	-434754.0000000001
83	11100111101110100101000010000010110010111100111100111000100101101100111101101111110101010011001000001001010000011011011011011000100001110111111111011000000110101101011000011001011110100001010001110010111111011010100110010100001001011	1110469.2000000002	-502051.50000000006
84	10000000101011100001011101111111110001111100111101100110111010100110000110110101101000101001010011111000010010011010001011111111001010100001011110110100110101000100011010100110110100000010110001100000110011101100001100010010000110001	1049074.2000000004	-473186.9
85	11001000011110110001000101100101001110110011100000110000000000000000001101110011110101010101110100010111001011010111110011000011000100010010100000011000011010011000110111101101100000111001100001101010001000000101011000011011010000000	1022876.8	-460914.1
86	10110010010110110000111000100101100010000111100001100011110110110010000000000101001010011100010011000111111110001101100110111111110010010010010100100010011010011010011100000100110101101110111011110000111000100001100011010000111001100	994863.8	-447807.3
87	10001101000010011101011111101011010101010101010011010001100001110111110101100001111010001000001101101111110000001101101000011100101111100001100011010100101100010010110101111111011111001010101101101101000101111110001000101011011111111	1198942.5999999999	-543735.6999999997
88	00110010111111100000100010111110010010110110000111011011101011111001101011000110011111001000110001011010000100110001101000000100011100111000010101110001001010110010010101011011100000001110111000101101000100111011010000101010011010011	1028591.6000000002	-463641.0999999998
89	11100001010000110001000011000001000111101110000111101101111001001000000101100100011001110010110100010000000001101110011111010010000110101101111110011001010010010100101010100101101111001110111010010100100101101111101110010111110001000	1031707.6	-465045.10000000015
90	10110000110100000110001001011100010111000101000100100110011001001100111101001010001001001110010011010111100111111110101101011110101100010110110110101100011010000011101011010100000011111010010100001011111001101010100011010111101011111	1173828.4	-532112.5
91	10110010000110101010000111001000000000000011100101001000000110001100110111111010000011010110001011111111100100000000101010101000010101000000101110001001011111100110000011101101100011001011010110010110010001001000010011111000000000110	928596.3999999998	-416636.3
92	00011010000111011111101101011011110100101011111101011101001110010011100111010010101001011101010011110111110101000101011011011000101111100101111011101010010100000011101111011010111110100011001000001001110011101011111011010011001001101	1343063.2000000004	-611738.4999999998
93	10001000110100001110111011100101000000001100011010100011101001001011101010101011100111101100101011001100111101011011100001011011011000001100101110101111001101110111010001011001101101001110000000101101110010001111111101100011100100010	1144108.7999999996	-517901.4999999998
94	11110110000000011110010011110110001011011000100101010011001011111111010011111000110111000101011011101011001011011110111001110100001111011001011101110010000101001101100011111000000110001000000010100101100111001010110100011010101010110	1222345.9999999993	-554944.7999999997
95	00111011010111110100010001111100101000111100011111111111101000010001000101110010111011010110001100000110010011101110000110010011001000100101000000111000111000110000101100101101101011101110001100110110111100110011111001110100110111010	1055393.2000000004	-476191.50000000006
96	11110101010001100100001001010011111010111011110101001100011011010010000100111111111011110101111010001011001000111110101001111111111010110011010110110101000111100000111000010110000001001110010100100100010111011001001011010011010110001	1135267.8000000005	-513925.1000000001
97	00111011100100111011111001111111101110111110110000100110000100001111000110010100100110000011101100011011100110010110001001010010100000000010011000011101100010011110011010111001001101001000001101010101110111001010111011000110100110111	1090322.2	-492737.7999999999
98	00010110010101110101000110100100011100110001101001111000000111000101010000110000001010110101111011101101111001100111000010101111011110001011111001101101100000101000010001010000110100010111110101001110101111101011111010101010100110100	1075961.5999999999	-485987.0999999999
99	10001010101100101111111101110111011000001010101100111101101111000111011001100111110001100111011100011111001011100110011010000100100010001111010100010010111010000001010001010011010001100111110101101011110011011101101110010011101101000	1102311.0000000005	-498306.6999999999
