SOLUCIONES FiN 

0	10100001110110111010011011001101001000101000100001110000011111011101010001101111110110110101101110101010111010011000111100000101101111000001111111101101111110111111111100010111111000010100000101011101001101001101011000000000110011110	1417000.8000000005	-558415.3
1	10010110010111101011110100100101000010011011110011011110000001101001010110100100100000010001010100110101010100111111110000101110100111101111101100011111000101100110001000011101010010110001010011111111011111011100100110101111001001000	1250906.3999999994	-490861.69999999995
2	10010100001110111001111111000011011010011001001101011101111000111001001110011011110100000000100110011001011101010101011111111111000111111000000100011100001111011011001011001111001000111110010010101001101010001010101010111000111000010	1330171.0000000002	-523248.99999999994
3	11110100011011001100111010010110110110010000010101011000011111000001010010000010000000111110111110011010001010100110111011100101111000001101011001101100101110001101010011001001101010110101101111100010001001011101000011111001111001101	1261702.0	-495305.70000000007
4	00010111000100010101010001001000000100110110110001110110001110000100000101101010011000011010100101011111001001101010100011001001010000101101100000001010101010001010101001010001111000110101111101110010001011100010010101101111001110100	1086272.5999999996	-424068.4
5	01000111100111011110101110001110101100100001001111010001000111000000110000000100010010011011011001101110101001000011010100100000101100000010111111001100001000001001000101110101001100110000000000001110000010101000010011111011001101000	1048190.9999999997	-408477.39999999997
6	01001000101110111001011011010101111010110101010100101110100000100010011010010111000010111000110001101100110111011010010011101011001011001010111011101010100010110110010010011110011001011100001011101100101100110111010010111100001111001	1278450.2000000002	-502042.70000000007
7	01100001110101000001111001001000000110011101011100110111000001110000001100000101001011011010001001001000100000110001110100101110001011010111000001100101010110010111010110101110100011011100010011000000011011000010011001111111111011011	1183714.4000000001	-463654.5000000002
8	00110011001001111010000000111101001001010010110011000000111001010101100110100101111111100001001010001111010011011011011010111101111110001100110110000101100100011000100101111000010011111101101000111010111000110100111001011010101111011	1322502.9999999995	-519989.30000000016
9	10101000010000110100111000000100110001000011110000000011011100110101101101010100110111011001010000110011010000101111101000000111001010011001110101000000010011011110110011001111011101000010011110001101011110110111001100100101001111110	1184242.5999999999	-463874.1
10	00110000000001010111000100100100100101010010000100010001010001100000000100001010100111010001101111110101011000101100111100100110100011001010100001000000000100100010010001010110100000111100100011011111101010001110011100001001100001100	947533.5999999997	-367499.5000000001
11	00110010100111111010111111111100101001011111011010100001110011110100000011000010110111000110001000110100000111011110111000001010000111010010100111011111010011011011110110100000011010101110101101000110100001001110111110011101001100111	1337722.4000000001	-526269.3
12	01011000111101001100011110001100110110110001111010000111110100110010010101111000110111001110110100001011010100010001110001110010100010000110011111100001110000110000011100000000100110001100100000001110010001111101000000110001011100011	1093704.4000000001	-427085.4000000001
13	11011111100001010010101001000001001011011011011001000111011010110011010110000101010000111100001001111001000101001100110010110001110001111001101010110111111111101010100010111011111001101110110110101010111010100000010001101011110000100	1309517.2	-514638.0999999999
14	01000111010010011000000111100000111101000000001110001010011111010010010000000001010010101001111001010010001010000001110110111000001000101011011011000110100010011000111010010000101000000000100101000110010101111100100011001010010011000	1035795.3999999999	-403379.7
15	11011111001100100011001000001000010110000101010000001001101001011000000010110000111001101100011010101100100001011001110011100011000001100100000011111101100010001000010001000011011001110110110101100110000010111101110000101001010100010	993270.3999999999	-386114.4999999999
16	00011110100110110011011110100110111010010000011010111110110110000000101110100001011110000001100101101011100001010110000010001001000100000111011110001000001101001011001011100000111100111100011110110101111111100011001010100001011011011	1187687.2000000002	-465267.39999999997
17	10111100101000100000100010100110011000010000100100011000110010000011001010001010100011011101111110010100000000000110110100101000000000010100110010000010001010011010100000000110101101110110110001111110010001000100100000101101010011100	864432.3999999997	-333721.60000000003
18	00101000100101010001100000000110000001100110000101000001101110000000100101000100101011000100100000010101100010011100010001110000110111110000010010000000001001110100100000010111000011100010101110110101100111001000111001000010000010110	868989.6	-335604.1000000001
19	10110100010011111010001001010101011001101100000110001001010101000011101010000001111000001000100100011111111101011001110010101011000010100001110111000000101101111000000000100010011011011110100101001011011101110001111001011000000100110	1073411.2000000002	-418694.3999999999
20	01010110100110100010000000101000001000001000110001010111111001010110000111101100010011000000100001010010001000101100110010001001000011101010010011001000111001001111111010001111100111110001001000001111100000000010111111011000010111111	1126489.8	-440388.8
21	10111010101001001010000010010010010001010100010000110000101110100110101100010000010110001110101110101111100001110011000010010100101010100001110111000000000100101000000000000100010000011101010010010010011001011110001001010000001000001	864629.7999999997	-333968.00000000006
22	00001011100111100111101000010000011110101101100110001001001100011001001110000110001101101011000100101101100011000001100110011001000011111100000110101011111101110011110110011101100000101111000010000010000110111100110101011111100001111	1286178.4	-505335.6999999999
23	01101110010011000001101101001110100001100001011001010001001110000001001100011100101101000101111110011100000111000110001000000111010000111100111010011010011101101101110101110100111000001010101100101010110010011100111001001110101111100	1252175.5999999994	-491363.0999999999
24	00000111110110100110001100001101100011000110100011111111101000111001100101000010111111001010101110100011011111100011011110010111100100110001011010011011001000111101110100000111110010101001111110111101100001101111011010000010111110101	1318919.0000000002	-518565.10000000003
25	10111100110011011110001011000100110111100111001011111010001100001101101000010001101001010010011000001111001101001111100010000101110011101011010100001001010010000010100000011001111011001110010000000000111010010110111111111100100010001	1120719.1999999997	-438009.1
26	10110101000001111110001110111000001000010110011010110100111010110111000000011001011000000010110010110010101100101010110100101011000010011000110001100010000111011111110000000111101100111101011010000011100000001111100100000111010000010	1094925.8	-427550.4
27	00100011000011010011101100001110100000101001101000100011011000001100010011110010000100111100011010001101100011010000010001100110111100100111100000011010100101111000011001101111000101000101011011000111011011001111011001001000111000110	1157652.6000000003	-452947.20000000007
28	00101111011101110001011000110111000101001010100101110110111100001110111101111100101000111100000100110001011011100000101001101111001000111100011101101111011111101001100011001001101001110100011111110001011111110101001111100110001011111	1397180.5999999999	-550470.7
29	00101100011000010100000011011001110011100011010001101110101010110101110000010100011110010000010110101000110111111111101110001100001001110101110110010111111110011010011011110100000101101010110011101101101111101110010100001111001110110	1388816.7999999993	-547007.7999999999
30	10100101111001100110100101001001011100000001000000100010001100110101001000000001111000101111100000001001100010000001000100001000110111000010011001110100100011110010100011011011110111011111000111000011010101001010110001000000000010000	1009484.4	-392657.4999999999
31	00010111100111011110111111110101110010101001111001011110011101100110010111100001100010010110010110000010101111110100111101010111111011101001111111111001011100111011000011111010010011100101101111011100011111000100010000110100101111111	1503536.9999999998	-593543.6000000001
32	01101000111011111111101101000111101101011010011101111101001111100001010001011101110100101111100001001001001001000011010011010000110110101000000101100110100011001100001011100010000010110110000000100110010110010110101011010010100000001	1163242.4000000001	-455259.10000000003
33	00110110100111111101011111111111111101010100001001000011101011100010001001011000011100111111010010010001011001011101001000011011100000110111110110110110010111100100010111010011110111000101010101010001010101001000110101000111001101110	1304175.5999999996	-512516.4
34	11010011100010011001101010100111010110110101101000001101100001111110001111101000100010110011010010000010100110100011001110100101110100000011100111000100100101001101011111101010100010000111011010011101101011100111010101100111110010011	1296109.6000000006	-509277.30000000005
35	00101011110111100101100111010001100010101010000101011110011100111100100111101100011100100010001101010011111000010110101011010011011110100011010110010010111100001100100011011101000010111110101000000001101010101100101111000101001000111	1269319.8	-498342.7000000001
36	10101111110101010110100111110000000110001001111111111010001101110001011010000100011111100110111110111101010001011101010010000010100111001001111101001101100100110001011011110111100011011001110101110001110100101001001011010100111110111	1387534.9999999998	-546524.5000000001
37	01000010010100111001100010011110110101000111110011110001001000100001110101001100000011110001101111100000010010110101101011100001000001000011100011010010001100011111110010100101011010100010010000100001000000011110100100110011001110111	1113903.4	-435253.20000000007
38	11101011011001101010000011110110001100111110111010000000101101100000100011111110100111110001101010101000000101100010010011101011010011110100001000011000111100111101011100111010000011110011011101111011111010110001100100011001011101110	1324413.5999999999	-520676.69999999984
39	00000011000100111101101011100001100011100001010001010001001110000001001100011100101101000101111110011101000111000110001001000111010000111101010111010000100001000100100011101111111101010000111000000001000010000110011110010100110101111	1112851.2	-434785.9
40	11010110011111101110111011000100111001000000011001011001001100001101111111101011000101101101100000111100101001111000000111011011011101010100110010101000110100101011110010011100101001100111010100101010001110010011011111110111011111010	1337077.0000000007	-526022.0
41	01001011001000011101110000110110001001011110010111111001111110001101101100110011001001100000100011011010110101010100110011100010111110000110111011111010100101011000001011011110001011100111011111101001101111111100100111000000111110000	1338563.2000000007	-526490.7
42	11111000000111101101110100000010011101110001010100011010010100101101010000110111100100001110011110010001000101101001101101100100011111110001010010110101110000110110110011111000011110101000110000101110101110101001010110000111011111000	1299533.5999999999	-510682.70000000007
43	11110110001100111000000000010101111001110101101111100000000000001001011110100000111110001000011010110001000110111001101101100100000000000100111111100001111000110100011100010000110110011100101000100111110100110000101010001010011001110	1134740.1999999993	-443631.80000000005
44	10011000111111110101010111011011101011011011011111100010000011010010111001010111101011001000101001000111110111111001001111100011111001001001101111001100010010111101111100000010010011100011000111001100100010110001000011011111101000101	1363259.3999999997	-536501.8
45	00001010010100001010111111000111110001110011010011010010100110011000101010100110011111101100111100110100110000111000000000011011000100011011001001100011110011001000100101011001100000011111011110001011101010101000101011111101010110101	1176331.4000000001	-460610.5
46	01100000101001010110101011011101001000000101011010101111100110111101000000100111010010010100100111010100101100001110111101000111011010110111011001011000000001011010000101010001101111101110101110011110111110111000100111010100011101111	1219008.9999999995	-477820.19999999995
47	10100110101100001000011101001001100011001111111011100010010100111011000000001010111011100000100000010101100011011100101100111110000110001010100110100001001100000110100100000001111110011001101100111010010101011101001001011000010000000	1051961.2	-410089.19999999995
48	10100011001011111100110010111111110010011101101100101001011101110010100010110101000101010000010101100010100011010010010110110011000001011000110010110001010110100101110010101010111111100011010111011101101010110101111111111110111111000	1324391.2	-520656.6
49	11010111101010000011011110111100110001001010101100101110000000000010110111110100010101011110110111100001000111101010100011111000110110101001111010000100101111010000110011101111001011111011000111111101100101100010001011110011010111111	1363764.2000000002	-536744.7000000001
50	10111111011110111011110011101110001000010111011011101101110011101010010111110011000100111101110100111000001010100101111000001010100111111001110011100111101000100101001000111100001010001011100011001010110001011111100010001100110001000	1319495.5999999996	-518813.10000000003
51	11101111011000010001000101000001111100001010101001101100110110000000111111101011010110001001100100110000101011011110100000010000100010101100000110001011111100100001010000101000100100000001000101101100110010111011010101101001001100011	1093978.6	-427102.5999999999
52	01110001011101101011110110010010111001011110100000001011101001111101010100000111111101111000000010110011010100111111000000010011111001110001111100010100110110000001000001110101100001110111111000110001101101001110010111101110001001010	1230476.8000000003	-482481.0000000001
53	00010001000001111000010111101101010011001010011110001001111010111000110101100111100011100100100110110110100010100111110010011000101111111111011011001000010001111101111100001100110101000010100110000001100011101110100110100111110111011	1328582.0	-522558.2000000001
54	01101110011111111110010000110000011101110011001000001001101101000100100101000100110101100100010111001000010100011000100000101000100000000111011111100001111000110000011111011100110000010000001110100001100000001111100100001110000110011	1139446.4000000001	-445525.99999999994
55	01010101011110010100001000000001101010101010101001000001111110101111010011001100101010110101001000101000111101110001000110011011101001101011011110101010010010010000011101110110100010101011111101000110010101001001110010101011011100001	1247831.4000000004	-489727.4999999998
56	00110001000001001001011000001010001100001110100101100111001101010100110011010101001000001000001101000100011101000011101010100010100011101010000001000000000110100010010001010110000011010111000001101000010011001101010110001011100100010	909514.6000000001	-352127.39999999997
57	10110001010111001010000110100000010001011101010110101001101111110001011110000010110000111011111000001111100111100110010001110000101111010000101101010000011001110001000100101110010000101001010010100010001110000110010001101110100110101	1151211.2000000004	-450376.2
58	11000110011100110001001011011001011000010100001000011011101110000011010110101011110011010001010101100011000000001101000010100010100100010000000100111000110001000000000000110101110100001000100000001110110001110101010100011101000010001	884270.6000000001	-341870.19999999995
59	00000001111101000001001101011010101111011011000010101100101011100101110110010111111101011111011101011001001110111100110101011100010111100100011101101011101100100010001011110000011011100001101001100011001111100011010011101101110100000	1345904.0000000005	-529537.2
60	01010101101011100110010101001001001101010000001111101000011011110000100101110010110000111101010010101101100011010000010001100110111101100111100000011010100101101000011001100100111101100010010010001101001011110011001011110010010111011	1175794.6000000003	-460376.39999999997
61	00011100100011111101101001111011110111001000000110110111000011010101110001001110010001101000010101001101101111010100001010010011011001110011110010010011011110100010001111011100111011001111100110100100101110001011111111100010111110000	1342752.2000000002	-528135.5999999999
62	00000011000010101010001010110001011011010001100011011101111101100000001100100010101111011001101101101101101100100000011100111011110101010110011111011111100000101111001111100100000100110111110110011111000110110100001110001001000100111	1323751.5999999996	-520462.29999999993
63	10101101001100100001101111100010000001110000000110111000010000110101101100111101000000111101111001000101101000000111111111111010100010000110011011000111010110010101111110100011111110001110010001111011011010100000110010000111011000000	1280289.7999999993	-502776.5999999999
64	01011101111110111001101011001101001011001010111000110011011000001000100010111100000101111110100011100101000010111001100010101010101011110101111100100110010011111111111101001010101001000010011110001011001100010001101110110000100011100	1379843.4	-543290.5
65	01111001011101110010000111001110010110101010001000111100001000001111110001101111010101000011101011111010111001110011010111100111001011110111000101101010111001110100101001010011100011111110110010001100101100011000100010000100111110110	1343174.9999999995	-528362.4
66	00011010011110100001110111010101110011100000110111111101110111110011110011010011101000010000010010011001001110100011010100101011001110111010001101011110000111001101001110110110111111010111011001001101011011010010111010011111001010000	1356679.6	-533932.4999999999
67	10101110110101100100110100010110111111000011010100101000001101110000001001100010101101100101100001011101101010010011111110101011010100000011000010111010110011000111011011110111100110100011010011010100111101000001011011110111110100111	1341118.8	-527669.9
68	01111101111010000011010001000100011101111000111101101100111000001000111110111000100111010100111011001000110011010101010100011111011000001100110010011110110010001001101110001011001100011110011100001111110010110000110011001000110000110	1293346.1999999997	-508122.0999999998
69	11000010110010101100011111011011010111111111001110011011010010101010111001001110000011001000110110011110100100010100000111101101011001011001100011100010001101100010111001111000011100011001100001101010100111010010100011101000111010001	1299898.7999999998	-510913.5
70	00101010001001001010100101110101100000100111111011010000101100100101100100001101111010000111100100011111001001101010000011001010010001100111000000000100110010100111001111101000100011111011111111000110101111011011110000110110101100101	1226187.4	-480880.89999999973
71	10010101111010111010111101100001111010010001101011000111101111101000101101110111011110111011001100111111111010101000001111010001000010011100111110111101100000100110111011001001111101011011010110110011001011100110011001111100010001100	1434737.0000000002	-565606.5
72	01011110010101000111101110000111100111001010101001110011100111010001101011101011100101000010110000001010000010010101101100101001110101110110010110111000110010000110100010011000010010110011010010111010100011110110011010110000101000111	1186246.1999999997	-464557.9000000001
73	10010110110110010000000011000010110101111111101100101110111010100000101111101101110011101101100011101000000010011101001001001001000110100000000011010000100100101010100000101110111111110000011010110000010100110111001100011101000010100	1068294.4000000001	-416597.30000000005
74	01001011011111111010100000100011110000000010001000011100111111110100110110101001010110001001100100111000101011001010100000010000100010000000100011001100011100110001010011111011000111000110101101010110101000110111111000010101100001000	1134907.5999999994	-443868.59999999986
75	01110011011110110011111000100001100110011101011100111111000001110000001100000001001001011010101000000000101001000100000100110011000001000101010010010101010001000010010010010011100010101101111110110000011001010010000011110101001101000	977470.1999999994	-379817.10000000015
76	00010111010010001001011111000110010000100111000000111000000100010010101010011000000011001110100000100010001110111010001001101001010000101101100000001010101010001010101001010001111000110101111101110010001011100010010101101111001110100	1049347.5999999994	-408935.80000000005
77	00111111011010010110000010000011001111101010010010011011001010011110110001001011100011010001101000011010010000110100100100011010000010101011010000011100100000110100011100000000100011000111000110100110100101011001000110000000111000010	1005862.7999999999	-391240.10000000003
78	10010110010000100110111101100011000001110100001101101111110101111100110000110100111111101010011011110110111110001010011111010010110101010100101100000011100101110100101101110110100100001101110100011111001100011101000000100111010110110	1365732.2000000002	-537682.8000000002
79	00010100011011000110111110010110010110010000110101011000011111000001111011000000011011001010100111100100111001101000111001100010000100010001010010000101001101001010100110100111100111101111011000010010111111100110110001000110001101111	1143704.3999999994	-447332.8
80	01001110111111000000111010110000000011010111100101010010110100001000001110000110000111110000001111111001110001101010100101101101101010111011001110110111010011011001110111110111010000110001011100011010001101001110001001011001011100111	1396132.8000000003	-550050.0000000001
81	11010111001111011101110010100100011000000001100100100001110011110100000011000010111011000000010101111000011100000001000110001110000111010000000110000100001010011010000100010001100011101100011000111101100011100001100000001010000000010	909860.9999999997	-352126.09999999986
82	01001000001111101101101010010111001001011011000101011000110010010111101010110010011101110101101011111100010001110110111000000011100111111000111101101010101000110001111011110001111000011100000110100111100011011011010101101011111100110	1396108.5999999999	-550028.6
83	00010110101010101001011001101111000101111110010010000110010010110010001010010101010110111010001011010110010101011010111100001010100111000001010001110000000010010010100100011111011111001100011000111101100011110100001111010110110000110	1141812.3999999997	-446626.6000000001
84	11011100110100110101010111000011001101101011011001100110111100100101010001111111010100111000111001001000100000001110010101010001111100111111110000000010111000110010111110101000000001100000101110011011110101001110000011110010110110000	1298987.0	-510454.9
85	10110011011111011011000001000110100111110100010110110010010111011010000010010011110001100100111010000001000110111000001001101100001001110111001100101010110111111100110101010100000010011111110000101101000010100011000010100010001100110	1206834.9999999995	-472974.2000000001
86	11001101011000010010111101000011100011001100001010111011111101000101000011000110101000110101001110100000010100011110010010100001011010101000111010010010000100000100010100100110011011011100100100001010000110001101011110001110001100001	1023997.8000000002	-398682.20000000007
87	01101001100101101110110111100000011011001111111001111010010110001101111010000110110101101001011111101001001111101001110111101110111000011110110011001000101011000110011101011110001110001001111010101100111001101100111110001110011010100	1444877.5999999999	-569804.8999999999
88	11001010111101101110011110100000000100100110001110111111001110001100000101101010011000011010100101011111001001101010100011001001010000101111100000000101010001000010010011010101010111001101001011010100000101010001100101110011011100101	1117945.4	-436858.7999999998
89	00001010010100011100011000100110011110101101011000001111000010101000110101100100001011010100111011011110100001011011100101011111100001010011111011010010000111110101101110100100100101111000110111011010000001110010111010110010111010001	1281131.9999999998	-503227.0999999999
90	01100010100011110000100101000110111111001101011010100111000001011111001001011111010110011011101010111110111110011101101001010011010111001011000100111111010101011011110001101000101101011010001101111100100110100111101010010100101100110	1409028.4	-555138.2
91	10111111000010011110101010010010001010110010110011110001101101111010110101011010110001111010001110101110000001001001101001010111011111010111110101000110100100101111001000110001111111011000111001011010001010110111100110010111111000000	1286507.1999999995	-505294.60000000003
92	01101010110000111000100111001011111010110000101110100000001000101110101001101001000100011100111110111111101000101101110101000001011111110000011010001010110110000111110010001100111111101111011010100100110110101100100001100111110110100	1272626.1999999997	-499718.8999999999
93	01010001001011111001101000011110001101000101000110110100111011111011000100000100101011110101000100101100111110111010001111011011111000111001100001010101110011010011101010111110100110110111001000111000010110010011110001101110111011101	1397660.4000000001	-550498.8999999998
94	11110110000001110101010001111101110001101110000101101101001011101010011011101010101000010111101000100100011010011101011111111110110000100010001100010010111111010010110110001101011010101100101101010101100100110100011011101010011110101	1326115.2000000004	-521369.0999999999
95	11010010110110010101110111110011000000100001011110111000010010111110010100000010000101010101101100010111101010100001010100110101111111011100111000111011101110011000111110001011010001000000110101101000110011101110101000000011111001101	1336803.1999999997	-525829.7999999999
96	00010000011100011101110100100010100000010001000000010000001001010011100101101010101111110000111100110011111001111011100100100100011000101100110011100010111111010010011001001011110101111011101010100111011100101100001001111001001011001	1204008.5999999999	-471794.4999999998
97	10011001101101111100010110001000000111011110011010011101110101001001011110111010110010111110100101101001110000101111110100110111000000110001010010000101111110110001111001110011001010000101101111001110010111111000010101111011100110111	1372829.4	-540466.8
98	00011000101001000011011111001001010100011010010110010100110110000000111110011110010011110100010110100010001111111111101011110100111110100000010100011001010001110001011010010111011000011101101001100011010000011001100001011101100011001	1227133.3999999997	-481352.1999999999
99	01110001101110110010100011111010111111110010001111011100000001110100110101010011100110010011001101011001001101100001110010000111000100010001110101011111110011111001111111101001101101010010011100101110110101101000100001011000010010100	1408018.7999999998	-554697.6999999998
