SOLUCIONES FiN 

0	00100010110000011110011101111110101001000010110010111011001100011101100110101011110110001110101011010000011011000110011010010111111010111111010000001111100000011110110111100110101000000001011100011111001001001110011001001000011111101	1219617.4	-443798.50000000006
1	11111001101100011000100100101000110001010100010010111010101111100101010011000100110000110001011010000001101011001110110110111101111111010010010001101010010000011101010101001011001011011101001100010000010001010101110110000111011101011	1143579.2000000004	-415167.70000000007
2	01100001111101101010001111000010010100010100000000011000000001100011000111100100000001001001001011111000010011100011101010001110000000010011001000011100010001101111001000000001100101101000101111001011100010111010110010101010011001000	851519.0	-304802.60000000003
3	00011010011000100011010110001000110001010100100001110100100110101111010110010101001001011000000010111011001100110110011011100111011001100010011000100000010011110110101001001000000010010111000110011101110000000101110101110101000001111	1022885.3999999999	-369537.40000000014
4	01000111101101010000100101001101100000000000111011010101000001010010000100000000000101010111101110101110110010111110101111011110001011110010000001011111010101011100111010010000100010001100100100111101000011101110101111101100110100110	1128569.4	-409360.4000000001
5	10111000101100100110110010000011110001101011000001010110101101000010000111000100000001110000001010100111001110000010101110011000111001001001011100010011110001010100101001101100100101110100001001000110011011011111110010001010100001000	1004571.7999999999	-362560.20000000007
6	00101010101001011000101001101110100010000010011101101101000000101000010010110101010001011000100010111100000010010100001000110001111001000010111111010110101011001011100011001101100001010111101100000110000100110001111100111000011010100	1029560.0	-372112.5
7	01100010110111101111110011110000011001110000111000010110010001010110001000110110111011111110011101111010100010100001111111110110111111000100001110110111100011001101111010111011010110000000110010111100101000010100110101110010100001010	1295310.0000000002	-472447.4000000001
8	00100101100100101100000010010101010111100110001100100111001000100000100100010000010111110011010111100111101110101000111001100111010101000100001010001100010010101010000110011100111011010001000001000010101011110101011001000000110001010	1004895.7999999997	-362805.80000000005
9	01010000010011100100100100000000001011011001100111000100010011001100010000100111000100101010110101001001001010100111100110001111001010111000000000110011001011111110000011001100101011010000000011011010001001101011011011110101010100101	944778.7999999998	-340202.0000000001
10	00011001101100101101101011110011110011000110001000000011000101101000110001101101000101110011110000010110010100110000011101110100110010000000000100101001101000110010000010001110110101001011010100010110111111110000110110100110011010110	936296.3999999997	-336907.9
11	00110000010110010110101010001000101110101001010011100010101010110100000111101000010001100000011010100011001110000010101110011000000001000001011100010011110001010110001101000001001000101010010110000001101000101011011101010001100010001	887472.2	-318564.0
12	00100110110011111001110010000010010110010101000001100011000001011001111101110101110000010001111101011101100100110000110110100100011011110110010110100000000111011010001000101110000010100110111010010110100110000010010101011100110110100	1027927.8	-371388.10000000015
13	11001111111001010000010101000110111000000001011001100110000110110100101111010011101101111100010001010011111110111011101001010000111001011111010010011101011101011000001101000010110110100101100110001001110000001100110000111111100100011	1154001.8000000003	-419110.3999999999
14	10011010010010110000101010010001001000100000011010001100100001001001100000100000001111110000010010110010010010000010111100101000001101110100100101000110010001000101000101001100101111000011101110000100101011111010010000011101110111010	898639.4	-322748.19999999995
15	00110010110101010111100011000001101100001110010110011001000110111010111000110101110101110001000100001111111000001010111110011100100111100101101000110011110100001111000110110001100110001000011001100111001110000100111001001110000000111	1130752.0	-410281.80000000005
16	00101111011101000101001100010110101100000110100101110011001101001110100100001101011000010001100001101100000101110000110111101001001101110000011010111111011001011000000000011101111001110111001001011110101110000101100001100001110111100	1014915.9999999995	-366476.4
17	00101101110110011010010010100110101111100010100110010110110000100000001100001001000111110000010011011000100000100111101011111011011101100011001111000101111110011000010111001001110001111011001011110000101110100100100111101110001001011	1142561.4	-414692.4999999999
18	01110011011100000010110110011010000010111111111101011001001101011111111001001000111011010000011001111100100010111010101111101111010011000010001110001111010100100010011110010011001100100011111000100000011101100110111101000101010011100	1194211.4000000008	-434242.1
19	10000111011011011011101010110001011000001111000001101101110010101001100001010001110110100110001101001011011010001010110000001010110000011000001010011000011011000101011001000011100001110110001010110100101000010010000111001000011001100	983461.2000000001	-354650.10000000003
20	11010001111000001100101110011001101101100010011110011101000011001001101001101001010000010101000111101001000001010111101110110100111110110110010111101001100111100001010010011001011100010101101011101110001110111011100100110000110100101	1178691.8000000007	-428436.6
21	01001110000101001000011001011000111100001001001110010000011100111101010010100101110111101010100111111000011010001111111000011100001010000110000101001011010011000001111110100110011101110011011010101010111001010111010111001110111001010	1162089.8000000005	-422152.80000000005
22	10000111011010101101110010000001011000001010000111100000110000010111101110111011000101100101101010000001010010001000000111101001000111000101101000011110001110100011010000001101011100000110010011110111000111000010000111001000011001100	932336.2	-335308.40000000014
23	01010011000011100110111111101100100011111110010101111101010100000101010011000100110000110001011010000001101011001110110110111101111011010010010001011100000000000111101011001000110010010001110000011111100110111110101000100010111101100	1168517.6000000006	-424478.1000000002
24	10001011000111001111100010010000000000010110010110001001001111100011111011110110100011011110011111101001101000101100010101000100011101000111001110111000001010000000000010111111100100010001111001011011101110100111000011110010110110101	1047804.8000000002	-379053.30000000016
25	00000111100010001100001000001111111100111011001010110100001011110111000100011011011010010001100001000010111110111100011001100110111100110101101101110010101000111001011011010011111101100101011000010000001111010111111111111111110101000	1219355.6000000008	-443780.3
26	01111011000010110110111110010111111001010011100101011110010110111011110000001011001010010111100100010111110010010110011011011100010111000000011100101100100011101011110111100010001001001011001100011011001011001110101110100010011110111	1240316.4000000006	-451700.7
27	01110100011101111000000100110110011111100101100000001011101011101010010101010110001011000110100010101101000001011100110101000101000110001001000100110010010100000000000000011100000111011100001000111100010100101100100010010001000010001	830634.5999999996	-297113.8
28	00111101100101110001011011101101100001010011100101011110010110111011110000001011011110000011011011000111001010111001100101111110101111111011000100100010001000110101100100110010111011100110000111110110000011010110111100100001001111101	1190345.2000000007	-432822.99999999994
29	00100000010100010001101000011001110010001110010111100100010111000111001001010101010010111110010011000000101101001111010001000101010111001001010110101000001100100000001010010100000111011100001010111010010000011010101000010000100011010	912570.9999999999	-327877.69999999995
30	10100000111101011010101101000111111001111001011011110111000000111010000010110001110000000101000010110101011101101110101100110001000111100100001001100010001001100001101101011101111000011000100101111110110011100101011101001111011000010	1152457.0000000005	-418424.9000000001
31	00011000011000100011010110001001110000100011001000100000101101100010111011101111101001101010101011011011111100101101110000101010011111111111000110111011100001101010101001001001000011010101000110011101110100000101110101110101000001111	1165004.0000000005	-423307.70000000024
32	11011000110101000100110110011110000000011100110001110100001110001010100001101110101111001000001101011000001101101110101100110001000011110101001011010101001100101011100110011111101110001100000111001000100100001011111011111110000011110	1149752.0000000002	-417493.5000000001
33	10010100100110011010110100010111011111000000010011001110111110001101111010001010100011001101010100101101001011101101001111110001011111011011010100111011111000011101110100011101100101110110100100101110110100111010010100100010101011001	1263099.6000000003	-460326.5
34	00001110000101011001000011100011001001101101011110011111110111011110001010011010111000100010101000101011011011010010101001111101111000010110100011110000101111010110100111111011100011011010110110000010101000010111101101001101100100111	1286402.0000000005	-468954.8999999999
35	11110001111101110010000011000101101110010001000001110110101100101111011110011110001011000110100010101111000011011100111101001001000011110000101011100000001000000001000110000110001011111000111010000100010000011101100011101001011001100	985783.8000000002	-355547.00000000006
36	11001111010100011000101101001001010001001010100000101110110100001011111110011101001010010110001010011101011000110011101100000001001111101100110101110001100000010010100001010111001001011111100011010010100100100001100010101001001001111	1015999.3999999997	-366959.9
37	10010011010100110001100011000001010110001011110011111001110011010010111001111010111000101011001000001110101010011001010101101001011010011000111101111101100000001111010011100011000001101100111011010111110000010011001100111101100010101	1165142.2000000007	-423303.30000000005
38	11101001001101000001011101110001101111010000011101011011010100110011111100000011000010100011101001011011000111001111011000010101111111011111101011100000100110100000111011011111000100010110101000111000000101000101011001100100011101001	1228687.8000000003	-447305.1000000001
39	11101100001011111100010111000001101001100100011000100010101010101011010000010011110001101010101111111011110101100001001010111010111111110110010010001000110100100011011011101010010001010010110110111000111100111010110010101110110011000	1245746.2000000004	-453591.5
40	11000011011110011101011000101110000101011110101101011111000010010000001111001101111101011000110101011001000100011001101010110010000101010110111110110101100101000111111011101011000010001001110100010000111110111010010010001100110001110	1233665.8000000005	-449167.1000000001
41	00000101000011100011000011010001101000010010100111101100011101001010001011101001010110110101000011101011001101101010001110011000010111010011010111111010011101101011100100101010000100101100000101111110100000110000101100110101101000100	1119905.0000000005	-406109.6999999999
42	01101101100100011010000101111111110101011001100100010110001101101000110001101101000101110010110000010110010100110010011101110000110011001000000100101001101000110010000110110111011001001111110100110001001100011001101000100000101110101	1028464.2000000001	-371612.69999999995
43	10110111010000100101110100001001110001001101111111001001011111111111110111101100111011001001110110001000011000110111011010001110000110111011111011101110011110111011101101111111001110100101100000011101000010110001110100100001000111111	1367519.8000000007	-499667.2999999999
44	00001011000001110001000010101100001100000110111011100100100101111110101011110110011110111111100101001100000101100110010111001000111100011001111110101010100101001111111001000100011000110100111001110101011000000101110110001000010101011	1118991.1999999997	-405850.4000000001
45	11000011101110101000001010110110110101001100111010111100010000011110011010110110110011110001011011000110111111100100011000110000101001111110000001100111101110001111101001101000010010101111110110110011101100010010101010001000101010111	1219184.6000000006	-443559.5000000001
46	10010010110100011111000000000011000110100000101101111010100011100101100000000111101001111110001010010100000001001111011110010100101001101101100100110000010111010010110100010011011000101010010100010001101000101111110000110101011001000	982836.1999999998	-354402.4000000001
47	11110001111101110001001110011101101110010010001010000010101011011000011011011100100011101001100000000111100110000100001001111100110000001000101000101111100010110101110010100011111110001000101011110100100010101000001011101001110001100	1056948.0	-382325.19999999995
48	00101101000000000100001101010010101010001100001100011010000101001010011001001000010010010011001010101100010001101010000001001101001010010000011010011000011010000101001000010100100000110111100000001100011110010010010110110101110101011	837598.0	-299706.70000000007
49	10000111011011011001100101001100100001000111001101111011001100010111001000110010101111000100100011111010110101010011110010101110010010100100011100100111111111111111111010011100000011011111011011011111111010010010000110001000011001100	1271571.4000000004	-463357.4
50	11110110011100011011000001000110101110011101100000110000110111110110001011110111110001101011010000011011111011101000011111001010011011011010110100100100011001100001110111111011111000111001111001100101111111011000011000110010011110100	1319093.800000001	-481277.79999999993
51	01110110110011001111110001010011110000100001000000110110101100101111011000010001111110011010000111010001111000001010000110100110101011000010101110001111010100100010011110010011001110100011111000100000011101100110011110000100000011100	1075284.0000000002	-389325.40000000014
52	11001000011000011000111000000100001111000011100001001100001101010010000010001001001100111001010110100011100000001110000010100110001100001011110001000000111111111011010001001011111001110110110001101010000101110010100101110011001000100	923093.5999999997	-331814.5000000001
53	10010111100000001101011100000011011011010111000000011010010011110100001111111101100111100001111010100110101100001010011100001010110010000101011110000000111100011000111011010100101101111011111001011110101001001000111100100010010101111	1099607.8	-398607.7
54	00110100000110000000100000111001001001110110101101100011011011010010100010010010001011101110111010011010110000000010011011100100011100011101001100010001000011000111111111100011111111110100000001000000001001010001101010100011000110100	1097894.6	-397976.30000000005
55	01101011100011111101000001111011000011111101001110010001100000110011011001100011110001011111010100001110010001101111001001100110011010101101110111101001000100001111111011101000001010010100111010001010000110010000101100111100000001101	1220417.4000000004	-444059.10000000027
56	10000000110100010011111010111101101100000110000011100010100100100100110100101100110001010000111000111110011000011001011011001110001100010011000011010111101110111000001010101011011100110111001101011111110010101010110001110010001101100	1087600.7999999998	-393965.9
57	01111100110011110010010101010010000111000101011101001010011110111000100000100010111101111000110001101011110001000001101111011000111111111111101011111110001011011100111011110011000110000110100001110101110100010001000111011101010010101	1340961.0000000007	-489681.4000000001
58	00011010110110100010001010010000110001010101111100111010100110100001010101110100111111011001010100010110111001100011000001111111001100110100110011000011011011011110111010100110010011100010010110100111101101011110111010101001101111011	1191780.4000000006	-433304.2
59	11000111111000010101000101001100101101011101010101011110100111010001110010111110011010111010000110110100110111101110101001100001000001000000111011111111110001010101010011001011011001001010101110100110000100101110010100111001101111011	1182191.0000000007	-429577.9999999998
60	10100100011110110100001010010111110111111010000010100001000001011111000001001011111110100111100011111000110100011111001101101010010011101001111010010011001000101101010011001111000010100001000111000011010110010111011010001100000110111	1137780.0000000002	-412836.60000000003
61	10101001000010000010001100010101010110110001111000110100111011011111100010001001011000111010111110100000000000101001000111111001100001011111011000101100100000100010001100110011001110001001100001111101101010011110010111101010010010000	1009544.0000000003	-364641.89999999997
62	01111100110000011100011010100000100010011100100100100011100000100110100010111010100011000100100110011110011101111001011100100100111100010010001110001100110100001011100100000111100001100000101000010110110101000011100110011111010000000	992189.3999999997	-357903.8000000001
63	01010011111010111111100111101101011011111111110101011000001101101001011010101011000010111000001001010101010000010011110111010110100000111101110001111110100111111110111101110110101110010110011101001011100100000001111011001100011011110	1336134.0000000002	-487776.6000000001
64	11101000110011110100011111101010011100010010100111100011001100110111011011010110110110001010001010010001010000001010001001110111110011110101011110001101101111000001111000100110011110001100011011100101100100110000101011011010111101011	1158002.8000000005	-420491.0000000001
65	11000101100101111001001110010110100101010100011001001001101001000111111100111111100010001000000001100010001100011111111110010110110000111100000100110010010100000011001001001100111001000110110101010010011010111011111001010110110001001	1038279.5999999997	-375326.7000000001
66	10110001000101011111110011100000110101111111111100110011011000000111011110111010011100011100001100101011010010100110010000001111100110011100011100010110110100000101010110111110001011001001111110001110111110101100110000000100011001101	1192130.6000000006	-433545.19999999995
67	01110111000000101001101000111100001100000100000111010000111101010001101110000001001101101101000101100110100011000000001000000100101010110101100000111111100000111000100000010100101001010010111000100001001100001101111110100010001000100	854836.4	-306215.3000000001
68	00000100001100001000000000001001110001110000010000010010100100000010001000010001101000010110001010101011101000010111011100010010100001011100001001000000000110110000010001100011010101010010101001001110000000100101010011111110101100101	799233.2000000003	-285286.0000000001
69	11010101101111001010100000101101111111110110000111100100011010011011001001110010110100001101000100110001110101001111110100011111010000110010010000011001100001000110110011011110010110011010001101001001010001101110000110110111110111000	1156880.6000000006	-420046.80000000005
70	01111101010110101111110111101101011001000101001111010001001010100111010111110110111111110100101011011100001110010001111011111110110011111101110011100100100101111001011010100010110011000111100100100011111000001101100101000100011110100	1286560.9999999998	-469149.1
71	00111100010011011011101010100000001010011100011011101110000001101000111101001000001001100100011010100011100011101110101110011110111110110110001101001110101010000110110000001010000101001101111010110010100100100100000101111001011001011	1100405.2000000007	-398869.20000000024
72	00011011100101110000010110000100011010101000101001011100011001101010111000110101110101110001100100001111011110100101000000101110110000010011011110100001001110001000010001010100110000000101110101110110010000010111100101111000111111101	1002934.3999999997	-362063.60000000003
73	11110011110011111010100010000110110100001110001110110100111011110011001100001101110110101110100010110111111111111110011101011010101111111000011110010001001101011100000011010101001000100010001100101001100111111100101010101100011100010	1202501.4000000006	-437250.4999999998
74	00111111100011011000110110001100011000101000101001011100011001101010111111011000101100110010000010000111111000111011111001101011100111000100000011001111110010101000010111001111111001100101111000010001100110100010010100110110111110111	1164365.000000001	-423052.3
75	00111010010100100010001111011001111110100011001100111011001001111111101100101101101100100110011110100001101101000001010010111001110000111001100010101100101000111000001011100010110111000100010010000010011011111001001010000101001110101	1085148.6	-393036.0
76	10010110010001000100111110011011100101111100010000101011011110011010110001011111010011111101001100111110110101001110110100010111010110101111110110011011001110101111111110101000001101010000100110001100000000101100110101101010101001100	1362755.2	-497844.6
77	10101000111100100111111001100001000000011110101010111011110000111111011000010010100110100011001110010000000010001101111111111101001010111000010010011110010101111001000111100110110111001110110100100111110101000100000100000110101000110	1134504.8000000003	-411663.39999999997
78	01111010100001111100100000001000100101110010000011011011010010111000111101001010001001110101010000000100101010000000000100100010011010010100101010110010001011110100000101000001010001000000101000001110100101010010011011100110001010101	842002.8000000004	-301325.2000000002
79	00100010100111101011010000010000100100000101111000001101100000101100001000000010001110010111010110001000111110100101111000000111010111000111000000110010101101000001010000001011000110000010010000101000000111101110000001110100011101001	886544.8	-318101.2000000001
80	10001101001000010011010000010101010000101110000111000011000101000101010100010011010111011111101000001110001100100100000010000101101110001100011001000000000000010100000010001111010011111010001010011100110101010000110011000001000000101	781182.1999999996	-278269.10000000003
81	10111000001111011101101101110111110001110110010110001100010111111001000010110011110010001000010010101010111010101100111000100100000100101111100101010100001001110011111010111000100110011100010011110101100111001110110001010100100101011	1225975.2000000007	-446126.8
82	10010110011011101000010101100111001100011101111100111011111101110101100010101110001011110010010111111101100101111011011011100000000110110000101000001011101101001000110101111110110000111110111011001110111010110110011110010000010101110	1265705.4000000008	-461232.80000000005
83	00100001110010000000101101001101011011001101010010111100101001001111101101001010000001001101011110000100100010010110010101011011101011101010101000101100110110100101010000010010010001011000001111000100010111100011100110010010110010010	996015.3999999999	-359527.1000000001
84	00000110001101000100101000011001110010100000111010000101000100010000001011111010110000100110010100100100010001000010011100000101011001111001110001001101010000010001001101000101010010011000011000110001010001010011100110010111010110100	881314.2	-316249.3000000001
85	10100100011100011011111010111101101100000000001010110111110111011000000100010110111010111100010110111111100100111010101100100010111100001110001001000110010111111110001111001001001110100010101101001000110101110100000001101100000110111	1191219.0000000002	-433097.2999999999
86	10111000101100100110110000000011110001101011000001010110101101000010010010000011110101001111111101110000001000001100001010101010001011100100000110100000111111100100111000011011001000100010001101100110011011011111110010101000100001000	988141.8	-356508.0999999999
87	10100011000101100010111000100100111110000001101110001110011110000010101111110110011001110000011010100111001110001010101110011000111001001000110111000100011000110110010011011011100100001110000110001011011111110101110001110110100000100	1110590.1999999997	-402587.00000000006
88	01111100110000011100011010100000100011010100011101010000111010110001000100001100000111110111111110111100111110001001101100000000001010101001000000000000110011001010111001111010101001111110110001011010110011101101000001000111110000110	1073228.9999999998	-388630.40000000014
89	10001101010000110111110000111110010010010110101101010110000101111111011111100100001101010001000001001110101011100001011000010010000110101010011111001010101011011000110111111011010001001010101111011100000111011010010110111100110101000	1219461.2000000007	-443798.4999999998
90	01000111110111011101000110011101101000001100010000110000100010111110000100110011111011101010110101111100001111011101111100001011111101001110000010101111000000100100011110110110000000110010100000000010100001000110010101110000001100000	1134393.2	-411703.5000000001
91	01011110110010110001000100011010101010001010010111010001001111000110101010111010110110110011001000011011010110010100110100101101001101000001010100101000111010101100001110100011111101100000010011110111000111000100111111111101111001011	1084525.8	-392775.89999999997
92	11001110110000111010110100100101101100110011001100010010101010110100100100011100000101001010110001000001110011110010001110001001000111011000001011001101100011000100011111101000110011111101011110110111100101100010011100000110101110010	1133136.2000000004	-411207.39999999997
93	01001000001100110011100010111010000101110111010000000000110011100110001100011110000100010110011000111101110100001011010110001010101110001001011000001000111100111001101010100011001100101111100100111000001001101000110011111001110001010	1025441.8	-370461.7
94	10111000110000011000111101111101100000000000111011010110111000100010010010110101110101110001100100001111111000001010001101001000000001010000101011100101010101000101101010010101101011000101111110011010111101110100101000010001100010100	1021048.2	-368829.80000000005
95	00010000011100000111101100001110011110110011101100001001011101111011010100100000011000010001001110101100111111001111000011110000010110100111011101111100110101011101010111100001110100100010100111110000001011001110010101100001011111110	1222240.8000000005	-444740.5999999999
96	11000000010010100001010001100100000101111100010000111000000101001001101110011101101001100001100110010011000011010101000001000010000000100010101000110010000011111011000001011101100101010001110110111000011101010000100011001001110010110	902429.6	-324149.2
97	11100100000101010111111011000010101000111000011111111001001011000100111100001100000100100011000111100110101011010100001100110000010110110000100111001100111100010000101110011011011111001001111101110011111111110100011100100100110100011	1158933.0000000007	-420975.2999999998
98	01110000011001110010010100110101101011000011111110100110011100101000010101110010110100101011010101100000101010100000000101101101001011100001111111110101010111110010010100110000101111000001101110010111001110110110011111111110100011001	1139785.2000000002	-413745.4999999998
99	10011101000000000001000101111100010100000001011001100110000110110111001010110001001101110010011111110011110100000001101001100011100000111101100010101100101000111000001011100010110111000110010100001111101011011001111101100111011101001	1048581.2	-379296.29999999993
