SOLUCIONES INICIO 

0	01011010111111100000100111001011010101010110001110000000111110101101111010010000101111010000000110100011001110101010111011001000100010010011011100011000101010001000101101001110101011111001100110011000101101111001100100000110000110110	975506.5999999999	-414470.99999999994
1	10100100101110010010001011110101101100110010010111100111100001110100000011101110001110101000111110110111101010100011010010011011000100101111100011100000000010000100110110010001010101100101001101011100011001001101001111111000101001010	984115.7999999993	-418429.8000000001
2	10100101000101001101010110111111001100100010001000100101110100000010010100011111100110111101011011011010010001000101100000101000100111001100110101011110011000000001000001011011000111011100000100011111110111110110011010110010001011111	933707.5999999999	-395833.0000000002
3	11011101011001101100100111110111000110010000101001000100010100101110001000011001010111110100100101100000001110001101110010010110011111100000011111010000101000001000000111101011010001101101101111100100110111001101000000001111101001101	955808.1999999998	-405634.89999999985
4	10110100110011111010010101000000001011010101011110001001100100001010111110011101010001000000010100011110000011001011111110100101010000010010110110111000111111000100101101000011110101101111111100011000110000010000100101110000100100101	961215.1999999995	-408199.8999999999
5	00000101011100011011010100100000011111110101111110100111011100101111100101100000001000110100101010111110010100100010101011100111001111101100010000101010011111000111100000101001101010010011010000110010111101001000111110011001110111010	1022068.1999999996	-435189.60000000003
6	00101000100000001001001011011011101001111010010101001001001111110010111101100010001111110000101100100001000000010110001001110100000000110101001100001011010101010001001011011110001111001010011011011011000100100101010010110011010100010	907685.4000000001	-384454.10000000003
7	11100101111110001001011011111011000100110000001111110001011010001010100110101000101110001110001111000110000111111111011000100100110010111110011110011100010000010110010001001111101101010001110110101110010011011000100000001010011100110	1004925.3999999996	-427500.79999999993
8	01110111111011000001100011001100110111001100000000000001110101010100011011010001111111111100101000010011011000011011011100000011101111001010100110111111111111111001111110100100011001001100000010100100101010000000010101110101100000101	1137195.2000000002	-486464.49999999994
9	00110000100000111100001011110110111111101110011011010010000000001110101110010001010100111011111100011101001100011010110110101111011101010100110001010111110110101010100011100101000000101011000100111011000111111001011111000110101111011	1078823.7999999993	-460329.39999999985
10	10111101000000101001100001010100100100101110111100110010011011101010011101111101010111100001100010100100000011010000010010111000001101100110101011010001110010001110001110100110000000011000110101110011111111101010011001110000111110011	967086.9999999998	-410743.90000000014
11	11010100101111010111011001101000101101100010001110010010101100100111100000111001100000001101101001101100011011100001010100110101011000100100001110100001010010101111111010110111101110111010110001001100111101101101101100111010110110101	1090833.5999999996	-465690.2
12	01110110110000001000110110110011100010001111001110111101001100001111000110000101111000011001111000110110010101001110000100100001111101100010010011100011010000011011110101001000110100000011100111101000011011110110001001010100110001110	1019445.9999999995	-434048.6
13	00011101111001101110111100000111011001111110101111001110111110010110010001001100100011110111010011110010000111110001110001000111010010001100010110000101010101101011100111101010111111101010010110011100110111111111110001001101001111111	1172703.4	-502220.79999999976
14	00110110110111000101000000001110001000010110110011100000101000001110111101101010010110010001111000101111011011111100110010110100010011011001000100100000111110000110100101011001111111111110001110101110110101000100110011110011000100010	1037788.8	-442183.99999999994
15	00100011101011110010001010000001110001100110000010110111001101111000001100101110110100000101011001111010110000110010001011001111011100001100000001001111100101011100110000000110010101100011010111110010011100101111101010001100011001110	910173.7999999995	-385361.3000000001
16	01011000001001011010100101101000100001000001101101100000000010110110100010000111000010100100101011000011011000001010100010011100010001000100001111011111101100000111100010001001001011011001110100001110010011001110111000001000001111010	855335.0	-361188.9
17	00011101001001000111101010100011000100111000000110010111010001011101010010101111110001110100101011111000001100000011100101000001001010011111111110000011100010110100110001110110011000111001111101000011101101111011101101111100001111000	1008142.1999999997	-428903.49999999994
18	01110100111000010000101111100010010101100000101111110101010010001110101111101001010101011111110000000100011101000111010001111010011111001101010100100010100110001001100001100110010110110000010111110111110100110001110101000101110011011	982285.6	-417483.89999999997
19	01110111110010011111101111100100110101101011100110000001010110110001011000100001101001111000011111101010000001100110110011111001101011010001000011100011010000001011110101101000110101001000110011110110001111001111011101101000111110011	1096254.5999999994	-468252.9
20	10111110001101110100101001100101101110101101011100010111010001100000001001101100000110100001011001101110111010111010101010100101010010100001101100100110001100110111111101011010011010000101001001011010010100100110110011101100111001000	1136808.2000000002	-486217.4000000001
21	11110001101001011101100001000101010010111000010011001010001011011010010010101001010101010010010010100111101111100110110111110001000110110000111011011011011011000101100011001100010110100110011010110111001000011010111010100001110111100	1054267.1999999997	-449637.10000000003
22	00110101100011000010111100000000100101110101100011101000110000101100001100001110111110011010011111001010100011101110011011010000010101110111101010001010001110010101110100100100000110010000111111010111010011101100011010110110011100011	1040682.7999999995	-443593.20000000007
23	10100010111100111110110001001001000011101111110000011110111101111001000111011110010000111010011100100100100111000100111010000110110001111110100101011100110100100111111011111000001111110100000011000010111100111110111101110000010100111	1215363.2	-521133.5000000002
24	00101010110110100011011110010011100110000011000111000001111000010011011111111011100011110111111101011100011010101100011110111101010000110100001010011111111100010100010001000100110100010011000000101110011010001111110111011110001101111	1024882.5999999994	-436331.60000000015
25	00001000111010110101010011011011010010001011101010101100001010010010111001100110000110101010000111001100010010100000100111010000101110010010001110001000001110011111100011111111001001011001011100110011111011010000000111011011111110111	1025158.8	-436598.19999999995
26	00000010010011000011010111101011000101110100000001111010111000000110011100001011011100111100101111100001000011110011101000000001000011000110110110010100100110010001101100000000111111100111010100101011010100001001100010001111101010000	904302.9999999997	-382835.69999999995
27	10110001110000001000111100101110100010110011001100100001000011000001011011101110000101011010001100011101101110110111010001001011101111010111001111011000101011010011001011000010111110000001001111110110001010001100111111010011111101110	1053057.3999999997	-448925.3000000001
28	11010000010001001001001011001100101000101110001010000010001011000000111000100001000110010011011100100110000011000000001101011111000110000111000000001001010101110110110110110100011001001001000010101010111111101100110101111010001010001	914696.9999999999	-387505.5000000001
29	01111101011110111100101100110110101111100000111011111010111111000000010111111111101001011010000011101101001101011011111100000100110010101110011011001101000101000011110001101101100111100010100101100010010111110011011000110110111001001	1145019.7999999998	-489884.69999999995
30	10101111110111100000110100001001011001101000001011101101111001000101001110000101110110110000110001111000101100101110111000110111001100100110001100011110000000010100001100111011110101100101110011101100000000110011100010001000111001011	1006648.9999999995	-428452.0999999999
31	10011011000011001101110001111011001001100101000110101010000000010110000110111000101100001110101011101111100001111111101111000010110100110001001101011111001100110011110000100100100001010001110101011100011100101010001110001111100001011	1054061.3999999994	-449409.4000000001
32	00111000011100000001000000110001110111010011001010100010100100010101100011110011101010101111010101100010000100001100100100001111101100110111000101011101110110010110000011101110110000100001101111101100010010101100010000011100111100000	954294.9999999995	-405186.39999999997
33	11101101110111100101011010101111010101101000011100110101100100010001000000011100011100000011100011001001011001110011100001011010001001111111000000010011100011011100001011111000001101111000100001010101001000101010010101001101110001011	1046513.3999999998	-446169.79999999993
34	00011010011100101010010011011110010110111110111000101010111001000000011111101110011100010011100100101101101001011001010110000100010010010101110100101011101101101001010101101000100110110110011100100000011100101011110011001010100100101	1064858.5999999996	-454305.6999999998
35	00101100010000110101010101100101111101011010010011001000000100000100010111100110101011011100100111011011001001111111110000111111110110101110101101100000111011001110101000111000100011101000010001111010111010111000100111101110000011011	1108622.9999999998	-473627.60000000003
36	10110100010101110000111110000001100001000110000101110110010111010100101010110110100110011000101111101101000010001001101101001011101100011011010100011010101100111101011111010111011001011111001100110111101111111110010101010110110110001	1148246.0000000002	-491306.69999999984
37	10100111011001010100110111110000001011011010100010111111110101001101100001100100111101100101111111011101111101100110101100000111001101010101011011101100101110001110100010000100100100100100111101011101011101110111000110110110010001001	1053918.5999999999	-449370.10000000003
38	01100001101010000111010000011111000000001101100000101100111100001111100110010010001000010101101010101100001100101000101111111101100110100101110100011101010111010100010000000110110101110110000010010111111010001001001100110111011101110	929977.1999999995	-394204.5000000001
39	00101011101001111000001100110110001101111001000111100010001011011010110101001111100110011010001001111111101001010000000000101110000001110100011010010111011001000101110000001110011010010001111111111010010011110111010010001111011001110	966379.1999999998	-410483.9000000001
40	00010110100010101101011110001000111010100011101111011001101111111011100000001100111110000111010111011000110011000111101001010011001001101100100011100101111101101111010011000110100000011101001111010100011100111110001100011011001111000	1065034.5999999996	-454279.10000000003
41	11000000011111011001011101010111010000000110101010010110111011111100110010010111110111011101110101110001001001101111010101100110101101110001001110100011111110101000101011110001111011000111110011110101011000100011000010100100100010101	1142666.6000000006	-488753.5
42	01101001011110111101100101011000011000110001000110111100000010000111001100110001110110100101100010010100010110010111010101011111101110100111011100100010110110000110011110001110001101101100010101011101110000000010000001011001101100001	1031252.9999999999	-439409.60000000003
43	00011010101100101000110000001110100001101000011110010110000000100001011011000101011110110111010110111101001100001110010110100110010000110111110011100110100111000111000111000000001110101001101011111110110001000000011110010000100111101	978566.7999999997	-415885.49999999994
44	01101011111101110000000000110111101000111111001000101010111100111010000111000110011001111101011010001101100000110000101101001100101000010110000001000111011011000101110101110001001000001011001111001100011111100101100110010000110000010	1023989.2	-436155.89999999985
45	10101000011011110011010110110100011111000100011010001110000001001001010101100101100100011010111010101111011100011010111011011011010101001110110101001111111101010101011010000011110011111000110101001110110111111111101110001000011110001	1118746.7999999998	-478243.7999999998
46	11100000111110111100100100011011010111011011110101100101110110110110100111100111111101001010010111100100011111110101011001110010111001011001010100010010010101101000110110111111010010111000110001000010010000010001110111111001000111101	1172750.0000000002	-502251.5999999999
47	10010000100011110100100011000101111001011110001110011111111001000010011000010110011000110011111110111000101101001101010111110011000000000111100111011101110110100001010010100101111001100111111100011110101111110110010001101001010100111	1074525.5999999994	-458465.3
48	01010001000001010000100001101010111110001010111010101100101001010011110101101000101101110011101111110001100110111011100101111010110110010100110001110100111100000001011000010000010110001101010010011111001010111011011000100100111011011	1021448.9999999995	-434962.6000000001
49	00001110001011000111100001110011100100000010111110110001101110011101010110001000001111011110111110000110000101101110110011000010011001001000111011001001001110011000001010011101011100110110000101101011110001101001110010010101010010111	960577.9999999997	-407945.19999999995
50	01101100101100010001110011101011010011100010100101000001101011010110101101101011110111110001111010000100101100000111110011110111100010010001010001100101011011110110101101100010100101111101010011011011101011001011100010001010100000111	1053070.7999999998	-448921.29999999993
51	01000111111101100110000101110000110000111111001100110100000110101011011100111100101000111010010101001000011000111011010001001111110100011000100111000110000100100110111000011111100001110011110111111000111100100010101010011000000011001	997224.7999999995	-424249.70000000007
52	01111100110001110110000110110100101110010001110111111110111000010111010100100001011110111101011110001000101111000110110100001101100000011100010111111111010010100101011110001000100010010001111000101111001101111101011010001111011000001	1116299.7999999998	-477108.3999999999
53	10100110100110110110101010111111011010111111100011010010110101100011010101100111101000110101101010000111010110010010010010111111000110011101110010110011100001101000101001100000110101010110010101110110011110111101111011001010110011100	1067884.1999999997	-455646.0
54	11110000101011110010101000101101111100001100100010100001010001011101010100000110110110011100101100111000100100101111111001000111010010000011111111010111001100111010001111001011110111110001010001001011110110111111101010001111010100110	1117609.7999999998	-477810.19999999984
55	10001011110110101000001101110011100100111111100001001110100101000101100010000011010100000100011000000110111110101101110000100100110001011101110010011001001111110000010011100101001111111000010010010011100011010101110000001000001101000	963919.2	-409376.9999999999
56	01110111100100101011101011010000001011111011010101001111100001010101101111111110111010101100110011100100001000011000000101010111011101000100000100000111101101001010010111111010111011001011011101011110011101111001010100110010000100011	1070523.7999999996	-456836.29999999976
57	11111101001011000110110101110010111000110001011000111101011101000011100100000000110100001010100101100001100011001111000110001010001100000100110101011000011100011111111110001110110000110010100111001000100101110011110010010000000010011	1027493.2	-437561.6999999999
58	11001011111011110011001111101000001111110001011110111100111110100001001011110100111011111111111000110011010110001000011110100100100111010010000011001000101010010011010101010000110000111010101111000110001011011001100101000101111001011	1042108.5999999995	-444018.19999999984
59	10100011010011001111100001001110111100101000110011110000001111111011100111110010000111010000111110001010001101000100100010011110101111101000010011011111110000101000111101111101001010100100000111110000001011110100110000101101110010101	1110815.1999999997	-474792.59999999986
60	01001000011011010101000001011100100001001110011100001011101101100101111011110011001010101010001101010001011100100101101111010011011010001011101110011010010110001001100111011101110010000010111011101010100111000000101111000101111001110	1087077.3999999997	-464079.69999999995
61	00111101000001100001101100101001010001110101001110101110111100100110111010101011101111001010011001000111111110001001101111010010001011000100010010111110010101011100010101101001100000100110011001010100110011111010000100101100110010010	1060955.1999999995	-452437.69999999995
62	11011001101110001000110010101010110110101110111000010011010101100111010111101010100001011000101011101011101000101111110010110110000110101101011010101111000011101011011101101000000110000101011010000001011011111110000001000001111101001	1143510.0	-489230.79999999993
63	11010110001110011000010110101010110110111010110001100110001110000101111101110011000100111100010000001001001110111011111010101011001110011110100011011110000001111011100000101100000011111100011001111011100101101111000010011101101110101	1076180.9999999995	-459159.49999999994
64	11000101110101001000001101110101111100011011111111010110001001110010111011111010010011001010111111010101100100110101011000001011010100101010001100000100000010000111111000000110010101011000111000001011111111101011010100101110001001110	954573.3999999997	-405128.0000000002
65	00111101101111011110100010010110000100100010010010010000100100101000001100100001000000011011111100100010001010111011101010010001110000001010011100010111001111110011111110011110100011111000110000100010000010011010001101110001000100100	1049438.0	-447365.80000000005
66	10101011111010001011010111010000000001101110100010111011010010110000001010010111000000001101010001101011100010011101001100111000010111111010101101010110111111101001000101001111011001001110011110111001101101110001011010100011100111010	1073551.7999999993	-458013.4999999998
67	11001111111110011101001001010010100110101011111010111000010101010110111000001110010001001110100010101001001111010001010101000000001110011000100001011110001111111001000100101100001011110010100011011100111110000010110111010111011011011	1023099.3999999998	-435654.1000000001
68	01000101001110111100000001100101101110110000010000110111111101010001000111010000110001101101010110110011010100000000011100010011101110110100011001101100110110010000100001001010001001111000001101111010101010100001010111011100101111111	926778.5999999996	-392819.1999999999
69	01001100101001010001011011001010011010000111010110001110001001110001000000000000101110001100011001001001011101001100111001111000101011001010010110101110011001011110101101011101100110101100011110011110010001001110110100011010001000111	1048206.4	-446867.0
70	11001100010011011100000000010111000100010011001000110100011110011101011110101001100011110001011101100101001001111011100111101100111100111010100000110111110001000101001110110010101000010010101011010010100111111100101000001001010011011	1077211.9999999995	-459669.0999999999
71	10110101000010110010001101010001001000101110111010011110111110001010110001011111011011010100101111110010100100100111101000100100100101010100010101111100001000111100100111010011100100011110101101110111101011001010000011101101010001011	1034041.1999999996	-440546.8
72	11100000110011100100101000011000010010000100010000011101010000100111110100110110001100110011111010110010000001110110111001001110010111000010101110100010011100101001011100000011101010111111111101010111000001110011011000111001001101100	952959.9999999998	-404452.79999999993
73	11110011001010000101100010010011000101010100010011011111001001010110100101010110000111001001001000100011011110010101100110010101111011100000000001110111101001111111001110000110011111100011100011000011110000110100001100110100010111101	1013042.3999999997	-431237.5
74	11001000110001000001100110010101000000001110100001011100011010010101011011010010010001010110001000101100101010101001111011000001101000000111100011001000011100000111101000010101111101011111001000010111000111010011010100111110011000110	908626.7999999998	-384689.5000000002
75	01001011100010111111101100100110110000011000010111110000001101001011000000101010010010011111000011110100100011111101101010111000000100010001101000011010101010101100000011010001010101011011100001001101010011111110001010100010110000000	910787.5999999997	-385616.69999999995
76	01110010011001001100100110110000111100011011110101000110111000001010001110011110101010010101000010011110110001101100000010000110000010011110101000011110110010100111001100111011011100111000111100100000100010000000011101010110101011110	1008071.3999999997	-428927.60000000015
77	11010101001001010111000011000010111011110010010100010001010001110001001101100001110100010101010101100101111111101001001011110000010011100101110000011111101010010101111010111111010001010101000111010011000100110010110110111010111100101	1140599.1999999997	-487847.79999999993
78	01011101111100001010011001010000100100100110010111111100100110101101000111011101010001011100000000110111001111001101011000010010110011110010011111101101111100100001111111111011111101011100110011010010110011011000110100111001101001110	1260080.8000000003	-541170.0999999999
79	11110001011010110010111110011011011001011000100011100000111110100010101100001001110101100001101000111001111100001010001010110011101101010010110110101000010000110010100100000000001010000111001001101000001010111100001101100111011111010	902983.5999999997	-382332.8000000001
80	00010001110010000110010111110010001010001011010011011001100001011100011001001101000101101011001000111101111011010000011010011111011101001100001011001100000010111010001000000111011110000011110001101111101001010001111110001101110111100	913435.7999999995	-386970.39999999997
81	01000100011100101110001010101000101111100000001110100100011010000110111011100001100100011001011111100010001011110111111100111011010000010111101101001011110111100111011111100001111110101011101010100010101100001100101101010010000110010	1164992.1999999997	-498788.1
82	00101001100101100100110111111111101011000100100110010000101000010000101110101001110011111010010000101111100111110111000100101001000110000000011110101111011110011100010111011111011011010010100111110001011101111011010100100100010001000	1090752.5999999999	-465708.5999999999
83	10101010111100100011010110110111011111001011100100101000001011101010110100010100011000001100110101011100001000010001011000111111100101111101000100010110100011000101000000001101110100101011101111100101110001011100111001110110001010111	945619.9999999994	-401181.10000000003
84	01101000101011111111011001110010001011101010111010100101011000100001101110001110000000101110100010010111111011100101100100001001100100111110110101111110000110110101010101001101011011001011000000111010100111001000100110110110010101010	1076874.7999999993	-459646.70000000007
85	10000101000100101100100001000010100010111100010110100001110110001110110000100001000100100000011010001010011110010010100101111001110110011010101111100100000110100000100010100001101101101001100100000100111100000110100111000001001100111	880032.7999999999	-372131.8
86	10010011101100110001001100100100111110111001011001111111000010011001100100000010101010100111010001010000010110110001100110111101111011110010001110100001111101000110001101101111000111000101110111000000111000010111110100001000011111001	1057547.9999999995	-451040.0
87	10000111001010010110110100110000110000001011111101011001100001101000110010000111001110011110011100111011010110101101101011010110111111010010111001110010010001011011100011111101111111110001000101100111101101011010101111001001101110000	1181893.0	-506218.1999999999
88	00101111110001101100001100000110000010001011010101010111111011011000001001000001101100001000101111100001100011101010111010110010100111001010001001010001011010011011110011101011001110011111000100001001110010100111101101111000111011001	1071455.1999999997	-457102.3999999999
89	10110110011110100101011101101000111100110000001000110001000000111110101000111100100000000110011000100001001010001110011001010011001010010000101111100010111110111011011111001110011111000010101000010011110011000010101110000111010000001	1047125.5999999996	-446410.8
90	01100101001000110010110000001111101011001011111110010111011110110101101000010100100001000101000100111010010101001110100100001011101000100101010010000011101001110101111111111010110001010100011101011010010111010001100011001110101001110	1137595.1999999997	-486693.59999999986
91	01001000010110010110110110010010010000111011001010111111010010000000001011100001011110100001100000111010101101000111101111110100110001010001110010010011111001110110000110000010100101110001100010111100000011101011111011010100011110101	971915.5999999996	-412841.9999999999
92	01110111010100100011011101101001000010011011011011101110110101111010101001101111100100010100100100110100010010011101111010001100010100110110000110011100111110000101110111010100100011001000001100011011101110011001010010101101100010010	1108453.9999999998	-473637.9
93	00001110011010011010110001001101010110111010011011001100110000100110111100000110110100001111011001000010000010101111110111100111001111111011111011110011100010101101000011110010010000111011101010000001101101111011010100101100010110100	1108616.3999999997	-473625.5999999999
94	11001110001010011000011100100110110101100000001111110110000101100000100011100111000010111110100001000001000001101101010111101011101101101010100110111001101010000110101010111110001111001110011010010110111101111100010111001000100110011	1065307.0	-454528.6000000001
95	00101000100011001010101110000001110100001001000000010010110111111010001101100101000000101001000100100111100001010000111101010110100111011010000101011000011110111101110110100110100110010010101010101110001010011111001101010001111100110	1015197.8	-432201.00000000006
96	01110110010000101101101111000011110000100110011011010000011110010001100010100111001011101111100001001111100101011111000111000101010101101110110010110011011100000100100101111010111000101100101011100010110110101010000110110110010010101	1083457.2	-462444.9000000001
97	01101110001101011110110000011010000010110001100011101101111000001000100010111001100110101101111010110011111011010001010101011001111101110111111110001000100011010001000111111101111011001110110001000111001101001001001001101001100100011	1158898.5999999999	-495982.89999999973
98	11011100000100010110100100010101111011101010011100001110111000111111110001010001101001010110000111100001101100010110010100001000110100110100011010100101001110101000111011000101011010000000110110111111100111110010100100010111101101110	994358.2	-422846.1999999999
99	00110101100110111011101100100101111110010100001011101100111000111100101100000101000000101000101010011111011010010001000100100110110001011100001011001101010100000010001110101011110111011101010101110111010010111011001101001111111100001	1023792.9999999998	-435879.79999999993
