SOLUCIONES FiN 

0	1000111101110100001101010000011001110101100111010110000100000110100100010111011011011001100010000011001100111000000000101010010010110111011011111000001101100011110101001001000111110011000101110100011100100101001001100110010111111010	1358285.6000000003	-396457.99999999994
1	0010000000001100010101101100001100110110011011100000101010100001010100101101000010001010011000000011000010000000001010001011011010101011010010100000000100101010100000000101110010001011100010001000010101001000110100100010110001011000	1000611.3999999997	-288701.50000000006
2	1011100111011011111111110100111111001111101101100000011111101000010111000001000000111011000100111000111001101110000110000111001000111110110110011010111010100110111100010110011111101001011010001110110001001011011100011000101111100011	1578901.8000000003	-462966.79999999976
3	0010011110110100000111101110010010010000010101111001111110100110111001000100000110101110010010000011000010100100110000111011101110011011111011010101011111100011010000110111000000100001100011000011110100100001110011011101011111101011	1472697.0000000002	-431009.29999999993
4	0000001110010011011001111101000000100101110100110011010110001001110100101011110010100010110100011011011011111000000100010010010100010100010101101000011100101111001001110110011101101100001010111000111110111000010000100010011101000001	1353403.6000000006	-395085.3999999999
5	1110100000111011100010010111000011000011111011010101101010110011110011000100010000100000100001100111110110101010000111000110011001101110001010001111111110110001001101110011110000000101110101110011010110100011000100110100001110010111	1496683.0	-438200.10000000003
6	0010100011011001101110100011100010010111001001011111001110111110101011000100011110101001001011011111001010101001111010000100101000101110010010100001111001101010111011001011001101100000011111100001111101111100101101110100101001001011	1489629.5999999996	-436083.6999999999
7	1000100100000000001101000101001110100011000000000111101000010100101000110111110101000000100100011000111000001011011111000000100011011011100010000001100010110001110000001110101001100111001101000010110100011000001100110110111011001111	1179517.8000000003	-342472.3
8	1000000011010010011011011110111011101111000111111110011100111100100110011100110001110101011111010111100011110101110110011100000101000100000011001001011010111101110001101001100011011101100001001011010101111010101010001000111010110000	1502621.5999999999	-440033.7999999999
9	1011100010001001100111100110110011111010000110011111010001110000101110101110001001001010011010100000100011011111000111101011000010110101001111111100100011110011001100001000010000101011110001001101110101101110111101101100101011101111	1435293.8000000005	-419617.9
10	1000100000100010001000101000101011100001011100111010111000000101101000101001110111101001101010101001101111100011001100110111010111000010101100010000100100011000001100000000010111010011101101110001111010110100100000010011111011100000	1208460.8	-351251.1999999999
11	1001101000100011101001010000011001010001101001001101001001101100101011010100011110101001001010011111001010101001111000000100101000011001010011110000011001100011011001001010000011110001100011110011010001111111010000101000011101101011	1287359.4000000004	-375133.9999999998
12	0111100110000000011100010100010000111000100010111010100001101000100000001000101000000011001100001000101011011000111100001010101110000010010010100001010010010100100010010100010010000010101101000110101010111011000000110001001011000110	1066036.8	-308401.7
13	0110011101100001001001101111101100111011110110101100011011011000010010010011110111000001011111010000110111001000101011111110110001101001111111000111101000110111111011010010011001011100001111111101100110011011000011101110011110111110	1625787.200000001	-477105.6999999999
14	1000001010110010010000011010110011011101100010010100100111000010101101111001101010101010001110100000000001111010111001100001110010000001011100101100010111000010000010110010100010000000110100110001010011011100010001111000010000110001	1204179.8000000007	-350117.7
15	0100001101100100000000100101101101100100000000000101011100010011110110011100000010000001101100000000010000010111010001010011100010001000110111100100010000110101000111011000101001010000110110100000101011000000100001111001000111001100	1118928.6000000003	-324405.20000000024
16	1011011101010001010101011101111010101011101010000000110111000011001101100011001010010110011100010001011011010101111111000110000101110001100101001110110001100111111101110001000101010001000110100010001110001100110111001111101110001101	1509051.8	-441903.3
17	0001100110101100000110000110011110010001110110001010010110101010101111000100000100011010110100011010001111010110101101011000010011000000101000110001000100010011101100101000000000000010001001110100110011000000110010000110001011100111	1158992.0	-336444.5
18	1001111110101001011010111011001100000111010011101011001110010111101110110110101101001010000001100111100111100111100010110000101110001000011100100011001111101001110110001111011000110010010000011101011000101010000100100101100101000111	1493439.0000000007	-437262.29999999976
19	0010111101101101111110001001111011000011001101101100011011110111100100101000011010100110000000111101010100001000010001101001010100100100011010111000001010011001011000011100001111110001010011011111000011010110100001100000000001010100	1279620.8	-372814.19999999995
20	0100011011011011011000111011110111110100011000001011000000000110001000101111101111110010001110111000100011011111111000010110110111101110110011000100001111010011011000110110101001001101000011011010011111011110010110000010000111100011	1507679.9999999998	-441428.7999999998
21	1100011100001111111100100011001111001000001101111101001110010011011000101001101010110110111011011110110010110000011000101101101111100111111100100111101000011010100101001111011001010000000101001100110110001110001011011100101101000111	1564838.4000000008	-458821.0999999998
22	1111111010011110101001110111010000101111011110101000011010111100101010010100010001001010111111001110001001100000010011011000111111111011000011001101110110010010111011010011001101011100110010101111101011001110100011010011010000000010	1549416.6000000003	-454177.7999999999
23	1111011010011110011011110100001000111000011101111010110010110100011100100110101001010111000001010110011001101100111111010011001001000110100100001101100001001010110000011111000011001011110010110100011110010001000011110100000000101010	1413922.000000001	-413165.5999999999
24	1000011010011111100101011011110000001011100101101111011111000110111001110101110101101101011110111000010100101101111111000100111001100101101111101000110011111100000111100101111111000011101011110111110110010001101111101010100111011011	1697965.6	-498895.80000000005
25	0100001000011011011101100000011111100010101000011010110011010001011100110001110000110111001000110111101110101111011111010010010110111111111101000001001000011011000111111010010000100010100000010001110100010100111110111101101111001110	1567837.0	-459764.5
26	0001101001110100110110000011110101000110011101010110001111100111110001010000100011000010001100110001100110110111110100011100001100111000100101101010011011111101010000001011010100000001100011111100000000100111101011101011101000100000	1378006.2000000007	-402507.9999999999
27	0001111001101010010111001100111000011110110010001010111110110100101101100000010011110111010101111111101110110100100100001101000010010110000000000101010011000010001110110110001100111100111011111010111101111000011110011011001110000000	1433759.0000000005	-419175.3
28	1011001010100011110011001100010101100010010000001111101110111101110010001000111000001010000001010101010101100110010000110111100000111011100011011111011000010110101101110000101110100100011110100010111001001001000110101101010101100100	1403564.0000000002	-410148.1999999999
29	1000001011010101100010110100011010101111010100011111110011110100111111101001001100110010101010001110110001000100111100110011010100001110100100110011000111011010100100101011101110001001111001101011000001111100110111010101011100010100	1465776.8000000003	-428900.5
30	1001001111001100111100000010011101000001001100010111010100000100010001011000100001100000111010110010000010100001010111010001110000010000110000000011100000010111010000110011000001100111001110101110111001011000000011110100111100010001	1134347.4000000001	-329026.5
31	1100101000011110000001011111100110100110101101011001010110001100010111110001100100000100010011111101001110011100111111010011001001000110110101001101100001001010110000011110001110100001011010010110100011001100001101111101101011100100	1428602.0000000005	-417790.5
32	1000101010011000100100101001011101100110011011100001101010100000101011100111011011011101011001000110000101000110110011101111110001000100011000000001000011100100000010101100010111010011101101110001111110110000100000010011111011100000	1257535.5999999999	-366089.99999999994
33	1100111101101011111101010101111100111011100100010010111011001000010010001001011110101011111011111011110101010101011001000101101011000101101101011011101011010111011010111111000110000010000100000011011010000100000001101010101110011011	1632737.2	-479229.6
34	0110011010101011100000011111011110110100100011010000000011101011011010001001100111110111111010010001100001100110101101010101000000101011110011011111000000011110110100101000000111110100001100100111001111001101101000100100100111010011	1388506.1999999997	-405503.0999999999
35	0101010001011000100000101000101001101111101011011110111011101001010000101101000010001010011000001011110110111101111111100001111011110111101001011011110010010101110001000100101111001011010010101001100000000001001100111111111011011111	1491236.8000000005	-436549.0999999999
36	1110100101011111001000001001000111001101010101111101000101111010011010000110000010001001101100010000000010011011100101100000000100000000011011001100110010000110100111001000110010110010010000000111110111100100001000111010000111011011	1187173.2000000002	-344771.2000000002
37	0100001111100000011010010110001001010101000001001110111001011000000101001110101010000101100001011100110111111001001010101010110001110001101101110000100110100000010101011001101111110001001110010110100110000000100010001001011110001110	1339645.8000000003	-390916.5999999999
38	1001101010011000100100101001011100000011110000111100011001100011110110000101010101010111001110111101110101111011001001010011011100101010010111010010010101001101101011010000001101011110111001110010110100010100101000010011111011100000	1416434.3999999997	-414075.19999999995
39	1011001010100011100010010111000011000011111011001100101110000111001001111000000011110111110111011010011110100011110011101101100110110101000011110110001000111111010000001101000100001010010101110011111001001001100010101101000111100000	1413824.2000000002	-413153.49999999977
40	0010010001100000110001101100000000110111111101110000011010000010001001110100100100111001000001010100001101000011100011000100110111000001101100110101100000100100111001010011010100111010101010100000000100101100001010010101001000101010	1183352.6	-343637.89999999997
41	1001000010011011100010011111010101100110101010001001001011111110000111110101100000111100100101000001101001100111000001000001101101000100100011000000000100110001100011100010001110100001110010001111100011011101001111100100100001110111	1268644.6000000003	-369332.1999999999
42	0000111001010011010101111101010010001100001010101000111101000111000111011100001110101000101001010101011011111000010000101000111011000100101011000111001101010011011000111110101001110000100010100111001010011010010110011001011101101010	1410798.8000000007	-412229.6999999998
43	0000110101101000101111110000110110110011111000111101111100011000110010011111000011101010100010011011000100110111001010110100000000110101011001110001101100011111011011011010010100101101110111011111111100000000101101110010000000001011	1464953.0	-428675.09999999974
44	0100010110100010101011111100110001001111011101100010101101011010101101100001100000110010101100011100101011111011001111000110011111110110100101101000101010111011010101110111010111001110010100100110101101011110010111100010011011111101	1669178.0000000005	-490339.4999999999
45	0110101011011010010110011100100100000110010111100001011101110101000010001000100000100101000100010101110110111110110000111000010100000011000101000001000001000111010000100111001001000110001111100110000001101100100011011001000100110010	1206997.000000001	-350814.9
46	0111101011000100111001011010000110010010101101000101001010001000111110011000010011100101100001001011111101110010001101010101100001001010000011001010011101010110100001010000111011101000000001111111110010111000110001110101000010100000	1265163.8000000005	-368409.60000000003
47	1111101000111100100001101101010000101000100001001011101011101110011101101111101001000101101101010000011001011110010010001101101000010010101100010101011100010011110000111101101100101010000100011011110111001001100001111100111101100100	1440178.0000000005	-421262.9999999998
48	1011110010110001010001010000011000101111100011001100111101111011011001001010110100000010001101111001000100000001101100100001111011101110010010100000110001101011101001100011011101111010001110001100011010100011001010100000100101001010	1329416.4000000006	-387891.29999999993
49	1000000000110100111001111011111100111111010110011010100110100110101010001101111001111010000100101100011001000001110011110110101101001100110000010000101001000110001101000011100010000101100011110100100111110000111010111111101111100101	1386739.1999999997	-405017.4000000001
50	0101011011001001110001000101001110100011000000000111101000010100101010000100001101100101110101100001111000001011011111000010000011000000101100011010110000001100110100110010100110111101100101100100111100111101011001100110000111011101	1274068.0000000002	-371200.50000000006
51	1001010110001100000000010000110100010100001100001101011100010011110110011100000010000001101100010000000000010111010001010011100010001000110111001000110011100100001110101100010111010011101101011000110111010100010110011101010001101011	1209508.4000000001	-351735.9
52	0100010111110100100010100010100111110000101011101111011110110011000111101110010000110000010101101010001101010011011111010001001101101001101101110101100100001100111001001110110001101111110011110101011010100110110011010000110010010011	1468590.8000000005	-429821.7999999998
53	0100101010011100001110110000010000100100101010111010110010100111000111101010111100110011111001010001001010011111111111101001101101011001001100100110101001010110000101100011100010000101110011110100100111110101111001101110001001011111	1500876.8000000003	-439573.2000000001
54	0100011010011111011101101111010000110100101001111000110010111001100001000001001011001101110110111111110100010110001111011010100111100011111000011111101000011100111100001100011100000001000100001101100111011111110000110111010101001001	1483989.8	-434470.99999999994
55	1001111010000000111001001101010000001000010111011111011010111101011000100011101110010001010110001010010011100110001010011000111111010010000110010100100010000100001111100111110100101011101111100011111011011101010001111110101000100011	1463454.4000000006	-428216.5
56	1111101001101001111111000011101101010010111001110000100111101010100110010010100010010011111100010110100110001010110101001111000011101100001000111011111110010111010111000110101101001101000111100101111010101001110111001100100111000000	1543097.6000000003	-452327.09999999986
57	0010010100010101000101011001000011111110101100111110100101000100010011110101011011010101001100110111011001000000110111011000010101101011011011011011101100101110011011111111000101000101010110101000111000111010111110100001100101001000	1575960.3999999997	-462087.39999999985
58	1000010101111011000110101111000001101101001000101011000001100101110111111001011100111100101110001001010010110101101010110110110011010110100011100110010010111011000000101001000101010111000110110001011000110010011110011110101111010111	1445079.4000000004	-422633.49999999994
59	1101100110100001101110100011110100101111101000001000110010110101000000010110001101001011010000010001101010111011111110010101010001010110111111011110010000100110100111000001011111001101011011100101011000100010011101001111100011111010	1462113.8000000003	-427758.4
60	1011111011001111011111110101110001000000010000111011000000000101111011110000110111111000111001011110100110000110100101110111100010101010101010001010110110011000011111101111010001010010011100011000101100011110000101100000100101010001	1543404.7999999998	-452356.7
61	1110010000100011111010111010101011100110110111000001110100010111001101001101011001101011110001111101001000001101001000010101101011010100001111101000000001101100001111110110111010100010010010011101001010000001110001100101000000110001	1424963.0000000005	-416652.1000000001
62	0001101111010001100011000110100110111011010110100111010100000011110011010111011111101000111000110110001110001001001010100000011100101010010110101110101010110110000110010110001001100011001110000111010110101110101000010111010110001010	1400222.2000000002	-409210.60000000003
63	1010000001110100010101110000101101011110110000100011011101101111000101100010011100011001011111001101000110011000010011000011000101111010100110111011100101110000111011100000100111011100010011101001111010000000101011101011101101010111	1426927.0000000007	-417082.50000000006
64	1100110101000100100111000101010110101101110100001101000000111011101110100111100001100000111000110011000010100001010111010111111011000111111011011101101110010100101101011000000011111111001100001010101111001010000010100111100111111010	1492645.3999999997	-437030.20000000007
65	0100110011011111100010000101000010111111001111000100111110110101100011010111111010010010100011100101011110101100100010000000101110101100100110111010000011110001001010111100100110011001100011010101110110111001100010100000100111010100	1440841.2000000002	-421491.79999999993
66	0000011010001101110111110011101100111011111010101011110111110111101111100101001001010101100010001011110111100010001001101100110010110100010011101011111000000011000110111010001111110100001011000100011110001001010001001111100100101101	1524144.0	-446517.60000000003
67	1100001101011101011111000101111100011011011100000000010101000101010010000011111111001100010111110100000101110010100000100101110101100111110101000001011000110101110000101100111111001100001101100010100000101010101001111000010101101100	1338938.0000000005	-390664.29999999993
68	0100000000011000110010010011110010101110101111101000001111111001001110011100111000101000111001010010001011010101101011101111100101001111001011000000110100010011010010111000101110110110011011110101111100011110100000011000111001111110	1431359.8000000003	-418468.1999999999
69	0001011011000010000011001111001010011111010000000100100010110110110011111010011111001011100000010000111011000110000100010001100110101110001000110001000000001010001100110101111011110001100000101111100100001010011001100101110000001001	1228141.8000000005	-357301.3
70	0101111110010010110001101011110000001000101010001100001011100111110101101100000101010110111000000101010100010011000110101101100110011100000000100111000010010011010000110000011111001101110011001011101010101011011111101100100110111111	1295785.6000000006	-377661.19999999995
71	1110010001100100101000100110001010011110010001001010010111110000010111100001010011011101000000010000000000001010110011001000111010000001100100101010100001100100010010101001100011110001010110100001110000101101101001001101010110000111	1151520.0000000005	-334124.7
72	1100001100111101110100110101111010111001110110100110111001000111001111010011001001010110010000011010100011110011001101011000001011011110100100010111000011010011010111010010100100110111110001101000001100110001000101001011010011101101	1464218.2000000004	-428456.79999999993
73	0000001110010011011001111101000000100101110100110011011011111100010010011110010001001100100100110000011110000011011010101111001000111111001101001001000101000111000100110101000001010111001111100111101101100010010100100010011101000001	1363029.8	-397864.69999999995
74	1000000111100011011001100111001101110101110011000011010101001001101011001111010001011101010011011011111100001101001011100111001110011111000000111111011001011110001011001010001000001101100111001101111110111111110101001001010010101000	1537248.2	-450469.7
75	1010000111100001110001101011011011111111000010101100010001110000001000100011101010001100011000101100111100011010110011010110001011010010100010101101111010111110010000110000011111001101110011001011101010100011011100011111101001110101	1403329.0000000002	-410119.7999999999
76	0000000100001000101101001101010110001000100010111010100001101000010010001110110101000010000001111100001110110000101110011110101110101110000001100011000000101001011100010100000100110011111100000011100000000010110100111101001110010011	1208130.4000000001	-351286.70000000007
77	1100110010110000001101100000000100110100100011110100100111101010110010000000001100001100100111000111010111011100110101011000010011000000101000110001000100010010101100101000000000000010001001110100010011000000001010100010000110010100	1105742.0000000005	-320466.4000000001
78	0010010111101100001111110100001011001001001000101001100101001111100000010100111111011001010001001011111010101101010101100100101101101001011001111111000101011111011101011001010111111101000010111111111001011100000010001000001011010110	1543123.4000000004	-452333.5999999998
79	1110100010010110011100100010011011110010000110000101111011011010101000001111111110100101011100110001111001010101000111101011111100101000001101111001101100000100001000100110111110110000111011000010001110010101110010011011110010011101	1407021.8	-411276.50000000006
80	0000110111011011000100010110101111000110001011011011111101110010110101011010100110011101111000111001011010010001011111111110100100101011010111001011011011010111111011100101011001100010010010011010000010001000100000001010111100111111	1570185.8000000005	-460440.29999999993
81	0011011001101101101100100000110000010111111010101110100000000110101010001111010101010000100111110100101000011010000010111011011100100000010100110111000001000100110110101000110101000111010001111100110111100101101101110110110101111100	1328507.6000000006	-387401.69999999995
82	1101111110110110000000101110101111100110010010111101100101001011101110111001111110010010100010000011101010111101010101111010010100110001011001000101011100011111001000000010000001110111011100101011101011001101100110010001101110100101	1409984.4	-411951.2999999999
83	0100111111000011010101110011110110101110101100001000110011110101100000010110001100001011010000011110110111011000100010110100001110101010011110110101001010101101010100011100000011011101101100100101101100011011100110110001011111101011	1455392.4000000001	-425656.39999999973
84	0000001110101000011000000001000100100000011001100111000011111001100111101011010011111110011110110000100101111010110111011111000100010010110110010010110001101111111101011100100010110100100101110101010101111110111011111101100011100101	1539784.8000000005	-451177.0999999999
85	0001111001001011111001100010010010100110010100111111011111100111001011101101000110110001010111010001111011111100001100010101100010111001111111111111111010111010000010001110100011110011010111101111011111010111110111010010110100000101	1658322.6000000006	-486843.1999999999
86	0101101111100100111011011010001110010011101101001101001010110000001000111100010111100101010101100011010001101010001010111111100011000011110011010101100111010100001011010000001000111001011101110111010111001101011010001010010111100001	1422072.0	-415690.4
87	0001001010011000010100010011111010100011100100110011110111100100000000111000011001101001000110011111101100111000000001100101011100010010110011110010000101011101100010000100110100111101110111000011010011111101010101010000111001000110	1317017.6000000003	-383945.79999999993
88	0000010111101101001110110111111001011110101011100001110110101001000011011110011011011000110111101011000010110110010100111000101111110110111101010100010001011010001011111111010010000001011001010111010110010110100011001100110001111101	1630396.8000000003	-478524.6
89	0001001010000100001100110000001110111100011101010000011010000110010100001111110110110110001010000011000101011101001010010000100111101001111110001011001100111110100110111111000011110101000111001010111110101100101100000110100011110110	1508793.9999999995	-441923.3999999999
90	1010011000101010001000111101100000010001101011101110101100101110101010010000011000000001100000101101010000000111001010110001010001000100011000000001000011100100000010101100010111010011101111111011111000011001110010101000010111110011	1161122.6	-337105.7999999998
91	1101110100110111110101010001110100100111101101100010011001000101100111010011011100111101111110011101110101001110100101011100100110110100101001100010011111010110011001011001011110011001010111001111111001110110110011001101010000101100	1585558.6000000006	-465051.79999999993
92	1001001111001101010110011101011110010100000011010010111111101000011101000101110100101000011011100100110110111000100101100101001010111010101110101011111010101010011000110101110110011111010000000101001011011101000110011110000011101001	1504518.0	-440501.90000000014
93	0101101111001011011000101000100000000001010110000100010000001110101101000101011100000110000011110011000010100100110000111010101100100001011111100100010000110101000000001010101011000111000110110011010000111001110000110101000010100001	1116644.0	-323686.00000000006
94	0001101000101001011111110010001000011011010100110010010000111110101011110111010101010010000011011011100011111110111000000011000111010010011100001111111110111011010000011011001100000110000011000110100011000001001010011111111010110111	1475914.8000000007	-431937.79999999993
95	1110000011000010001000001101110100011011000101101110010101000010001000011000010000001010011101101110001110010010101010110100000000001101000000000100100000110100001001011110010011000101100001101000111100001100011000101001011010011101	1128555.0	-327178.0
96	0111010111001111000100001110111011001011011010000100011000010010010011001001101011100110110000101010011010110010100100000101000110110000110110001110110110111001111111101011100011110101101100111110110010110000111110111000111001101100	1547608.3999999997	-453494.89999999997
97	0101101101010011001100111000011111010001100101011101010011010100011000111110110010001011111101001101000011011110011001100011111011100111100101101111010000101000100011111110101101010110111011100011110010110001011000000101011011010100	1585011.6000000006	-464845.60000000003
98	0100011011000100000101010110111111011101110100011101000010111011101110100111100001100000101010110011000100100001010111010111111011000101110111011111111100101101111110011100111010000000101101011010101001001110001010011011000000000110	1557051.2	-456516.1
99	0101010010011101101010001010110001010000010011010010101111101011110110000100001100100101110101110001001101110111011001110101101100101011010100101111001011000010000111011011011000000101011111000111000101000001111011110111011010000000	1486402.4000000001	-435188.20000000007
