SOLUCIONES INICIO 

0	0101011101100000101011100011011100001000111110100010101101111101100101010111001011011101100110100001001010100110100001011110011001100010011101010101110101100000000010101011010110111001011011000111001100100010111111010110110010011101	1967368.5999999996	-266268.10000000003
1	0011011010000011111001011101110010001100000101010000010100010110111110000000100100110101010111010101001010011101100101001001111101000000010011101110010100101101011100111110000110001000100001000111110000010001110001111011001010011101	1899661.2000000002	-257049.10000000006
2	0010111000000101000101110100101111110110000111110010000010011101110000101101111001001110111100110011000101000010101110100000110000110011011001011101110111100000100000110011000110010111101111111100010100001011000000111000001101010111	1863267.2000000002	-251924.10000000006
3	1100110110001010011000111010111101111100001100101111100011110011111000011111100000100110111001000111101010000101011100001111000111010000010011101100010011100011010010100110101111010101011110100011000111010011101101100110100011110100	2020818.4000000001	-273688.10000000003
4	0011001001011101010011000100111011101011011111101100000011010110111101011111011000110011000100000010010110111110010101111001001111001101010111000110001111011111110000010000001011011001000101100111010101011111110100100101001010010110	2016397.1999999993	-272990.9000000001
5	0100000101010110011010110110010111111111010000001110111000000100110010000001000001001001100110111110010111110101001001010100001001001110010000001000001100110111001101011111111011111000001111101111101010011110101000000001010101011010	1916171.4	-259111.19999999995
6	0100110010110100101101111000011111001110011001000101000001111111111111010000000000001100011101100101011100000011111110011111010001110110010110110010101010110000010010110101001000011001000000100100010101011011011000101011111001010010	1911204.8	-258417.90000000005
7	0011000111000010101011110110110111101101100010110100001011110010110000000001010011010101011011100001100101010001110111111101001011110001111011001000001111010000011011101011111011111100100001001100110000110100100101001101100110100110	1997208.3999999997	-270456.60000000003
8	0111001011110101010100110001111001111010001111110001011100101100111100111011001110001100010111000000011101000000110010111101011000110100110001011011000010101001110000110000100111101001010100010010111010111001001100110011010101111110	1920247.8000000003	-259779.60000000003
9	0010110010000000000111100010110111101101000010100011101001111010010011000000011000101111001010100100010010011101100001001001000011110101111110010100001001100000111110111001110000010001001010100011110100001100100011110101010001101000	1771049.8000000003	-239208.50000000003
10	1000011110010100101111001111100001000011101011101010100000011100011010001011101101011110000111101010011000111001011010011000011110110001111110000000111100111011101110100111111101010101111011001000101000111010000001010110000100000110	1994746.4000000004	-269992.10000000003
11	1110000011111101110111000011010111000101010111010101011101110111110001100001100011111111011000001001100001000010010011001000111000011010111011011111000000101011000100001111110010111011000101010110011010010011100000000000100101011000	1886443.4	-255170.20000000007
12	0111011111110100000010001010001100100011000101110100101010110000100100110000100001110101101110110000110011100000011010100111111111000110000010110101000001011110101000011110100011100000110101000000001011100110110001010111001100111010	1840611.2	-248695.5000000001
13	0010101100000100100101100011011111100111100000001001000110001000010010010010101000110100001110100011111100011110011010010001110010001110111100111100110011000010110011100011010100010010010100011000000000010100111011001110001000011010	1777249.4000000004	-239905.00000000003
14	1001111100111010001010001100110100111010110101011110010101110111001000000100010100001001111000001100010011110011000010111000100101110110100011110010110010011001001101110111110011010010100000110011001011011111000011111000000010100010	1963431.8000000005	-265839.2
15	1100101010100100110010110111100111001000000011101101011110100100110101101010010111001001001011101011000100110111001111111100001101000001100001011010001001010001011000111001001110011111101100111010010111100011010110011000100100001111	1930918.4000000001	-261174.7
16	0101001010100000001001111111100011100000110101001001001001011011110111011100000001001001000001110010110100000110111011111011001100010110110110100011100110000101001000011000001101110100000000111000101110110010000101110111111101111000	1794823.8000000003	-242424.49999999997
17	1011011010100100010100111100111001111011010011000101111111111011100010110010111001000010111111100011010011010001101100011011111001011100011010101011000100100100011010000001111111010010100001111001011011010000001110000000100101110001	1905216.2	-257692.10000000003
18	0100111011101000001010111000000010000110110000101101000101111011010010010001101000010000100000010001110000011011010011110111111011001101010000011000110010110010110111100110100001100110110100010110101111000010011111101110001010101101	1895019.0000000002	-256341.7000000001
19	1001011100001101101001101010001100110111101101101111101101010100000011001011101100110010000101010110111110000100010010010110011001111100010010011000010100110000110100100110011110000001111000101001100101000110100110010101101110000011	1875404.5999999999	-253551.7
20	0111111100010110001100101101000101101011100101101010101000110000011001001100001101100111010001011000000010100110110100010101000011001101000011010010110001110011101100110001111111000001100011111111111010011001110000110011100100100011	1855691.8	-250767.40000000005
21	1101100001010111110101000010010000100000100111001000101111101001010001101011110100010011101111111111000011001001101000010100011100101001010000001011110110110001111110011110000111010010010111111001111011001110111101001100101010110010	2023709.4000000001	-274161.5
22	0010110011100101111000111110100001100011101011010111101100111100110010001101100001111100110101000100101010001100011111100001001000011001101011010011111000101111011000011011011011111000000011001110110111110010111010110101000100001100	1988110.5999999999	-269059.5000000001
23	1111001010111100110001101100000000100111110101010111001111100010100000011110111111001001011000110000100011011101000101010000000100110100011110100110101000100010001111111100111010100111000100010001000101000110000000010001011100010110	1856712.8000000003	-251019.90000000002
24	0001011011000000101111100000100110100100011101101011110100010111101100111111101001000001111011010100000000101001000101110100011111111110000011111000110011000001011011010010100101111010100010110111111101001100011001011000010000110111	1936697.0000000002	-262114.99999999997
25	1010011110011110100101011000001011011101111110000000111010010100101100101100110010101010001101011000111100000101101011101111111001110100100101110001101100101000110000111110000110100011010000000010111011010011011100010100101000010011	1992795.4	-269779.10000000003
26	0111010010110011111111111010101011001011101001001000101101000010000101100111111011100000101100001001010101011010110100110001101101110100110010110000101000100111110100110011011000000110011100111110101010010100000101010111100100010110	1972904.2000000002	-266979.79999999993
27	0010101010110000100111110001010000111100110010000000010011000101001110101010011111110011000000110010110100010001110000111001010010000001101001111100101000100101001000011111010101011101111000111010110010000110111010011111111101101101	1841214.6000000003	-248908.0
28	1000000001000101101101101001110000001010011111100101110001000110101011100010000001110000000010000010001011111010000011000011001111000100111001101010110011011111100010001111000000101100001011111100001110010001010101001110101100001101	1770090.0000000005	-238969.69999999998
29	1101110001000100000110100001011100010100000010100011101100011111110000010001000001111111101100100001100100111000101101000011001101011101001110010101001001000011110100000010001100001000111001100101010111111011001011010001111010111011	1771094.999999999	-239181.70000000004
30	0000111111110011000101110110100100101000000101010101000000100000111001100110010111100010000001101100100000000100011011111001101101001010001111001001110111110111110011100100101111011100010110011011000101001011100100001010011111110010	1933058.4000000004	-261433.60000000006
31	1000111011110110011101010000001011111101110110101110000111100101011100011110110010001011100011101100100110010100011000111010010111001001101000000111010000111101110101100100110010010000101101111000010000101100011001011100101000101011	1939310.8000000003	-262335.70000000007
32	1000011011110010000010100001010110110000110001111001011010001101010111001000000000000100011101000111010100110010000010001010001000101101100100111110101000110110010001000100010101000000100011001110000001101100111001010110010100111100	1592118.5999999999	-214408.50000000003
33	1010101010010101110001111101001111101101010101101000000110110100011110111011110110000000111101001110001000101100110011010100000011001001110010101001100101000101010111111011001101001111000011111010100011110111010101001010011111011001	2066252.8	-279946.30000000005
34	1000110011110110111101110111001101001000001101100010011101000010100011000010101100010000100001000011101001010011010110110011101111000111100101101100001100110100111010010001010011111110000011010101010001010110110001001111011010010111	1886007.6	-254923.10000000003
35	0110000001101100110000011011100001011010111011100010111101111101001110000010000011000110110000010011011100111001111100100101111101000001001010000101100110101001000001011110010100010000110011100001011001101100010111000100010101010100	1835165.8000000003	-248005.60000000003
36	1110111101111110110101001011001010000110001001101111011101101111001010101100001100110011100000000100011100010101011000101100100101101010011100011001110111100010010001011000111101100110110011110010101011111111101011000100101010111111	2042577.8000000003	-276683.6000000001
37	1000101011101111000001000100010100111011100100100001100011001100100101001100001100111100111101111001000000011011110000111110000001001111110101011010001010100100100001001011101110000100000101010011000111101011111001101000101011011000	1783737.0000000002	-240808.7
38	1111101000111100001011101011100010010100011000110001010110011001000111110000000001110001011011010010011101101010010111011000111011110011111110011001010110000110011110100101011100101000110010001111101011010001000101001111100110100101	2006444.6000000003	-271622.8
39	0001100010010111111111110110001100100111110111001010000000010000011000000101000101001100010011010010010110110110011001110101111010011110100100110111001110010011110010000000001101010010101111011111110111000011110001001011010001100010	1884071.6	-254704.70000000007
40	1001100010000010111010001000100001000111110001011111101000111011000011011000110010001101100101001110101011010000100100011010001110010011011010001101011011010001110000101111111010000101001101101011101111100111010100001100000001010001	1826712.6	-246825.39999999994
41	0011001011000111101100110111001010110110010000101011101010110011011100111101010011000111000000110000010000001110001101010110001111100001111011111100110101010011100001001101010011111011010000100110100110110101011011110010100101011110	1950972.4000000004	-263958.4000000001
42	1011110101101111010000100000101010100001101111000000110110100111100010100011010001101001010001111100011001010111111010101001001011101101100101011100010101100001011000100011110111101001100001111001111011100111010011110110001001100011	1950990.0	-263962.3
43	0100100010011110010001011000011000010000011001111110011111001010001010010101001111001010010100111011101101000100010000101000100111010100010011001110001110110000110110101000110101010101000011000100011011000011101110011011001101100011	1784073.2	-240813.8000000001
44	1010110001101110010101110001111110011101001110011010100101001000111001101011111111010010111101111110001111110110100101010001011001110011111100100101000001110111001110111011010000110000110110010010011101011001010001011101010010101000	2197660.5999999996	-298261.60000000003
45	0101111110000000010110101001101111000110100100100100011011000101011111101100001100011011011000001001011001100011010101111110100101110001010011010001100000101111110001011001001000000110000001111001000011001101011011101000001110101111	1871155.2000000002	-252851.5
46	0101010111101010011100011001101100011111111110101111100011100110000010110111000011100101100101101011101110001111010100101001000010010010100110100110010111101011110011001111110001011011101000000011001101011101011000000101000000100010	2010928.1999999997	-272309.1000000001
47	1010110011010100101100111101110010011101111010000101001110010011100110001001110111110110101000100100101111001101110001111101011101010011011000001010110001001010101010110011101111111010011011001010110000111001100101011100001011101111	2113668.8	-286425.60000000015
48	0100001001001101000100000010011010011110111100010111000101101100110011000111100001010110101011111111010011011100011011111101111000100101001101110000111011010100000011111100100100001100111110101000010101001011101010010010001000100111	2034308.6	-275572.50000000006
49	1111101100101100110000100011010011111111010100000010001000110001111011101110101001000101110011110101100111000100011100101100110110100110110100011011001011010100001100001111001100011110000011001101111111111011111110001111101111101010	2099616.3999999994	-284567.4000000002
50	0011100001001100001011110100101011110000101010111001111010011000110000110110110010000011101111110001001110011011111110001001111001010011011101101001111000110111100101110001100011100111110110000100110000000010000010111111110101111101	2067887.4000000001	-280183.50000000006
51	0110000100001100010000010101111101000011110001001101110000010111011011100101101100000011000110101100011001001000011101110111111101011110010110010001100000001110101011001100100100100111001101110000010110001010011101110110001111000101	1897446.8000000007	-256559.7000000001
52	1101000001101111101011011110011110001100100010110110000110000010110110010110011011001011001011101110100110000000110010000001101110101110100110101100100000101111100101100000100110011101010111011011110101101011110001001010000000000001	1857401.2	-250988.3
53	0111010000100110101010001100110110001001011001100001110010010110100111111100010110001001001001110011010100101001100100000000111100010001111111001011110101011100111000100010011001100111100100010100101000010100100000100100011000001101	1729836.6000000003	-233397.49999999997
54	0010110111000111110011100110100011100101010001000011101111011110000101010000000111001110111001010100111000111111001010001000110010001101001010111100010010100011111100010000101111101010100001100100101011000011010111110111111000110110	1930546.2	-261185.60000000003
55	0101101000000101111001001101110011000111100001101100101011100001010001010100101100100000100011110111100011000101100101000010001000000001001100101000010000011110011000110001000111010000001011000100101010101001101101110011011110111110	1632857.2000000004	-219952.70000000004
56	1000001100001101001110011110101100010001110101000101001000111101010101111101001001100011101010110101011001100100111010001111001001000001111010001101110010101000110010011110011100101111010110010111111110100100000010010111100110011101	1992370.4000000008	-269763.30000000005
57	0100100011111011110111000001111001111001110000011010010000111111100011000100010101100111100100010100100001001110000111110110010111110000011001111110000001111001110000110111101010001011001110110010100011010101111111001110111010011101	2049229.0000000002	-277632.10000000003
58	0001110110100110110110111011100011010110101110100101101101110001000111001101100110010110000111100000000110010011000101100101111100101001001000000000100100010100111110010110000111011000011100001001101110001001011100000110110100001001	1825314.0	-246594.59999999998
59	0111011111000110000010001110111011010101101101101110010010101100001000011101101100001110001000010111111101011101110000111111111000111101101111011011100010110011010011101000010011110110100011011011110110010111101110101011000011101010	2214550.1999999997	-300560.90000000014
60	0101111001101010010000111111001100111111010001001001011001000101001100111001010100000101010101011110001011100001001101110001110010101101111101101111100000001000100000110101101010100000110001010101011111110011111110111000111100101101	1984726.2	-268596.30000000005
61	1010111001101011011111011010010011100111000010100010110011100010101101011110011001001000001010000101010011010001011100010101010011000010111100001110100011010110000101010010101100111110101001110000110011111101011001000100000010001011	1832051.4000000004	-247507.49999999997
62	0011001111101011110001001011111010101001101010011000000000001110000100110101111000011011100001111001001011100101110000011101101110011010111010000010111101111111110111101111101011101011000011101101010110011010101100110000100011010111	2178903.1999999993	-295479.8000000001
63	1011111011110011001000111100100110010111110100111110011111011101101101010110000001011011010011110100111110011011001000000001101110001100011000111111001110110001010000101111000111010101011111100011111010000111001000110010110100000011	2091588.9999999998	-283418.80000000005
64	0101101110100001100001100010001111100111111100010101101101101001111010110101001010111100111001111110011001100001111100010110000111011001110010011110110110010011000010001110110110101010110000000011001010110111100101010100100110011010	2024170.6000000006	-274161.90000000014
65	0000000001100111111011011100000101111110110100010000101000111100110010100011001110110000011110111110000101100011100000010011110101001100101011100011111000001110011010001010110111100010010110000100010111001101010011111011111010101000	1903973.2000000002	-257489.70000000004
66	0100111111111001101010001110101110011011000110011101001001010000100100101001101001110110000111000001111011110101111110010000101011010011101011110100011110111001001001001111000001111100110010101000100100001110101101110011010011100111	2071542.5999999996	-280644.8
67	0110110111011010000110101011001010110100011000100001110110100000100100101000010100100001100100110001111100001100101010101100000101011101110100110011001100101111001101110010011010101110010001001001110100000010111001101000110001100001	1819388.4	-245917.60000000006
68	1110110111111000111001100111111100111010101001101011010001100010001110111110010110100111110010100001101110100010001100111100101000011111001110110011111001010111100111111100111010101010111010011011000001000010110101111001100111111111	2305329.1999999997	-313074.5000000001
69	1010110100100001001011111000000011001011111111100000101110000011000011101101101100100011011100010011010010000110000001010101100010110100010100011100010100000100110011110100110111010001111101000011010111000101110001000001001011101101	1801086.4000000006	-243366.50000000006
70	0110100001100100100001000000111011101110010011100111111101010111011110000001000110111111110111011011110010110010100001101100000011011100010010101110001011110111010011110000010010111100000011011100001001111110011101001000010111001111	1992843.0	-269760.80000000005
71	1110011101000010110110101011000001011001101000010000100011010100011111000101100100110011100100001110000011110011001010000100011111000011111001000010110110010011010000011101110001011101111100101100011010000010000111110000111111111010	1837586.000000001	-248213.80000000002
72	0101011101011110111000001111100110011011010011111101010111001111011111001110100011011100101111111011110111010100000011111001111001000111110000000000000000110010110000000000101000010011100010110101001101110101101101110110000000001111	1888470.1999999997	-255359.80000000002
73	1010010001001011000010110101001010001000101110100101101110101110010001100001010100011100101110001011100011111000000100101011000000101111101011001100101101100000110101000110110010111010111011011010001001111000101110101000100100010011	1802071.2	-243347.00000000006
74	1001010111000011100010110110111001100010110101101000000011010010110001000100000000101111010001001100010101111100010100100110100111000101100010111001100111010010011011110110110100001010110111010000111011001111010100110110010101100001	1930500.200000001	-261211.00000000006
75	1011000011101100000001011101101110111101001000010001111110010111011011000011101101100001111111111110101111000110100111001011011010010110100000011011100000111100100101111010110001100111100001011110101011100000001011001011010110010000	2080651.4000000004	-282048.2
76	0100000111100010001110111010111110001000110110011011110101111011011000000111101000100110100100010011000001000101110101110110110001011001101100001010010111010110000100011001101010011100000011011001011000010011110100101011101011101101	1885180.2	-254931.1000000001
77	0110110110101101111100011111010011010010001010001001110001001110000110001100010111110111101011111101101010000011000111010010110100100010100100101111000111011001000111110110111100111000000000010100010101100011101001001001100111001101	2029092.6	-274870.40000000014
78	1010011011101001100000100000001111101011010100011010011101011101011101110111111101011001110110111100001101011101110011111100010111001110000010011110000101111101101011101101100111011110010111110001101010011101110101001100001011110100	2256729.9999999995	-306352.6000000001
79	1011101000010000100010111000000011100111000101010011010011100000000011011010011011100011111111010001100111111011111010011111101101111010010110000100100001101111000110110001011101101001010000100010100000010010000010000000001011111010	1909416.3999999997	-258209.20000000004
80	1000111000101011011000000011101111100111001011010101001101110010110011000010000111001100111000100110111101011110111110010110111000001110010101110001111100001111010110100110000100111111001100000111101101000111010001111010111100110111	2156459.8	-292463.99999999994
81	0010000000110010001001001000101001011001000000011001111110111110010010100100001101010110110010001011000001000111001010110100011001000101101100011000000110100011000111000011101111100111111011001011100100100011010101000100100100100101	1683389.1999999997	-226913.49999999997
82	0100101000001100111101100100101001111111100110001111100101000101111110110100001101000011100101000010001110101001000010001001110010100100111101001000111101011110100011001011101100111111100011111101011000100001010011010101100101000010	1937868.0000000005	-262111.60000000006
83	1100000011110101110101111011001110001000000000011111000000010000011100110000011010001100111111010101101110111100101100011110111110101111100100110100100100110110001110100111110011001011110011000101110010001000110010101001011011011110	2053935.0000000002	-278338.60000000015
84	1001110110010100010011110110010101100010100111001100110010011000101010001111001000110010100001111100001011110111000000110011110111100010111111000111101010100010000100100010101000101101001001001000000101011011100111111111111011100011	1941171.5999999996	-262578.4000000001
85	1010100000101101110000110111010111110011111001110111111110111011010011111101101111111010011000110011101110100011111011111001000111110100001001110110011011111010010010110010001111011011010010000000110100101010010100010101011001011101	2230764.4	-302652.3000000001
86	0101001001110111110010101000111000010111101000111010000000101101000011010000101011100000001011111011001011101111101010110111001101011010110010001101101110011010110101111000001100000001000100001010010101101100011001101010101010110101	1973473.2000000004	-267231.4000000001
87	1111000010101100111010010001111100011000010001110110111000011100010010100100101100100011010011101001010110100110011000011100100110011011000001011101011110000001111111001000001100010010110110000100001111000010001010010110100100111111	1853983.1999999997	-250550.50000000015
88	0011010110010000011001001001011001110010011001110011001010001001011110111100000101000001111100011101111011101101100101001110000110100001110011110110000100010101110000010100101101100001100101111010011010010000001011111110111000010000	1807945.2000000007	-244277.7
89	0001000100011101011000101011001110000111010010101000011100110111010110001010010000101100101111001100010101110001010000010100101101111100101100100111000011010011000101010101010001101010001010110010010001001000100011100100110111000110	1772277.2	-239192.39999999997
90	1000111011011110011110110101111001101001011111111010101101101110011100101101011001111110110110111011110110110010000111011011110010101110010101111110101101111110011110101010101000100001000111011011000101110100111010100001111111001101	2393058.000000002	-325115.1000000001
91	1011100010111011111010101000010010110101000000001110111100000001001100001100000110011000001000000101110111111001111110010110000110011000010100000111000011111011110110101001010000001010110000100101010010110110011110001111000000110010	1841140.3999999994	-248930.00000000012
92	1100001111100001111000101100110010110001011100010101110101100110110000111000111001100110000001110011111111100000000110101111010111100110000111001010011011001001010111100010001111110111011111111010010011110001010111111000011100110011	2103396.000000001	-285043.5
93	0111111100100000001011100011000001010100011110110110110010001111111110001110000110101100000001010011110010101000101110010000110100011110010001110110100110001010110111110001000011001111100000011111000000011101000010000011011010110110	1907345.3999999994	-257963.90000000008
94	1011101001111010101001011110000011000001001001010111100011001001011010010001001010000001110001000011011011000001001000001111001011001010011011111100110001011111011011001000001010100000100111110100101001001001111110011100110001001100	1806101.2000000007	-244055.8
95	1101001001111110000010000100110100100110011110001001110101000111000010001100010000000101110011011111001111111001111100011101010001001111010110111100001100111011101110010110100000001101110110000110011101111010101100110000011010010101	2038656.7999999998	-276262.0000000001
96	1110111100111101001111010000010111000101011111000101101100110011010010110111111010100010110011000111001110010110011011111011100111100011010011000110111100010001001100011100010110101110000001010100100111110110100101010111101101001110	2107903.9999999995	-285739.5000000002
97	0000100101100101101100100100010101100010100001101010001000011110101011110000111000000101001000000100101000000110100000001101110011101000001010010101110111001000111111111111010011010011001000100110110111110101011111110111101010110000	1913767.6	-258893.40000000014
98	0101010101001100100100010101000011101100001110011011000110110000110001100011010111011001100001111100001100010101000101101100100100010111111101010110111011111100110011001110010010100010101111011001110111111110101101100011001110000100	2040813.4000000004	-276481.50000000006
99	1000111011011101110000010111010101011011000001100110011010111011110100011010100111101101101100101011000000100111010110001000101011111010001001100111111110000101111101001100110101010001100101100101101000110110001001100000011110101010	2009871.0000000005	-272076.1
