SOLUCIONES FiN 

0	01111101000000000110000110010100011111110010001111000101000110100101010000010001100100111000010110000011000010000001000010110101001000100011010000100100000011101001000100100011110101011010100110101111000000111100111110111110110111111	958797.2	-286131.20000000007
1	01001011011101000110110010000110101101011110011110010110010011010101110010010101000010010100001110111000100011110101000111111010101110101111010101110111000001101011100110001101101011101000101110011101001001111000111001111011111011001	1312062.8	-396709.40000000014
2	00101100111100011000111111011110101011011010101100010010011111101100011110100010000001000010111000111011110110000111010101100000101000010100010001111110100010011110100110101111010110111111110110100001011101101110111100011000010010001	1285377.2	-388330.39999999997
3	10001001011100001001001110101100011110100110011111101011110000101111101010011100111011010010011101010010100010000011000010110100000110100100010110011001110101010111011101111101111011100101101010010100110110010111000010101101000011100	1311621.5999999999	-396510.5000000002
4	10110000110110110000010101101010010001001100010010001011100001000010010010110000101000010101010100110101110010000100010111000000010000010000010111000010111010100110010010100111001001110010110010101001001111100011110000100111011100010	972036.1999999998	-290355.19999999995
5	00111110001101111101000100010100011001100111011010111110101111101101001011100100100000001000011011011001011101101100011100000011111001111111010111111010000101010110101010101000111010011101111101110011101010111100101001101001101110111	1358019.8	-411128.79999999993
6	00000111100100100101111010100000010000001100110011110011111100101101111001100010011010111100011111111001010111000011110110010101001111110010010110110101011011110100100011110000110100111000010011001010000010111011110101001011101110000	1302472.8	-393713.4999999999
7	11001010010011010011101000100010011010001000111011111100011110010110001011001010000100101111101001100100101011111110110111111010110111111011001101111111011010010100011011000100100001011101101010101000110101101001000000000010000111001	1314837.8000000005	-397670.8
8	11100010110000011001101000010101111001010001110100100101111110101111000011110110011101101010101000001110000111010011000010010111100001101110100100100001101111111110000011110011100101010110001101111101011010001100111101111111101011011	1279043.199999999	-386455.4999999999
9	10010110110100101010110111010111011000010011010100100100010101111000101110110101111100001000010110111111100000011101111011001100110100000001111111000101100011011011001100011001011011010100010000110000111000101000000000001110111001010	1217977.5999999996	-367176.30000000016
10	11101000111010001110010000011010000100101011010011101011110101010010011101111111011011010000110100001100101111011011000110100111010111001000101100011000010111110011101101111101000010111011110101100111110101111110111001001110110010000	1389905.2000000004	-420939.30000000016
11	10001001001011100011010110110101101111011101110111000100001010110010110111011110010101101101000000110001110000111101110010110100100111010110100010111000100110100110111111101111100101111011001010000101011010011011100011010110011110100	1368718.9999999995	-414421.80000000005
12	01100101000111010110101000011010001101010010110111100111000010000100110001100100011010111010101000001110000111000011000010000110100001001011100111101110001110010101100111010100001101001110110110011111011100101100101100001010010111000	1177750.4000000004	-354603.90000000014
13	00100010000010110110110100101010000010010100111000101111010011100000100111100000000110010101110110111001011001000001000000110111001000010110000100101101101010110111000000100100010011110100110111000000001000100010111011010001110110001	994798.8	-297571.80000000005
14	10101001010010111010110010100010100001110000010010011111100011011110110101010011011000110110101000010100011110010110010100000010110010110011011011111000110011111111110100000000111101100100001011111001110001010110010001100101001110001	1201448.9999999998	-362042.4
15	10100000111001101100000010111111111111010010111010010010011001011100011111000001100101111001010111100001101100101010100100010101100001101110100100100001101111111000101001010100011100011101011000101111110111110011111110110111111011100	1261684.6	-380859.0000000001
16	10100110100010110100011001001100010010011011000100100000001110101001001011101010111000100100010111111101001000101011101100010110010000000000100111001101110001001110110011011010101001100000011100011101111100010001001001110011000000000	1131242.2	-340201.8999999999
17	00000010010100100110110011101110010010011111011101001010101101010000100110111111011001111001010001011111100011111111111001101011101110101010100100101111011011011011000101111111010100111011111010101111101101111110100100110001010010000	1451246.0000000002	-440247.89999999997
18	00110101010111101110011100110110010101001001001100100011010000010111110110111001101001010111010111001011101000010001100111010001100101100110100100111110010110111111101110111111010000001010010011011010100010101001111111011011000110100	1386911.2000000007	-420017.9
19	11110110011111000010010000010010110111011010010111001101101101001011001000111001011101000110110011101110111010000001000011000110111011111111001101000100100010100000000100000000011100000110010100011011010001000010001110101101010000100	1027031.6	-307562.6000000001
20	00100001001010101001100100100101011001001010010000010010000100001011010000001110110100011000100001011010110100000100000010010011010100100010000000011001001010101010011000010000010001001101000001011011001100111010100000000000001010111	845304.4	-250809.4
21	01000000111010101100100001001010110111010010101111111110110110000101111111010110010101110110111000111110111010111010010010110010111001110001001111110001000110101111100111110100110111001110111100101110100001110111100111000101001001111	1436419.9999999993	-435591.2999999999
22	00001001001001110111000110011001110101010001011110001000100100011011010000001010011100001111000000100111100000000101011011001001101010011101000001001101000001111110110000101110010110001111001111111001100111011110100000000001100110111	1089885.0000000002	-327128.6
23	11000011110010011110001011011111000110011101100001111100010110010110011110111111110110110010110011010101100100111110111110000100101110000100111000010101000111011100111100111000000111001000110101000010111100111000010110100111101011101	1365332.6000000003	-413245.90000000014
24	11000000110011100111010001000100000001100000100010111001110110110000101110100111100010110100111001100100100100101100100011011110001011000001001100010111111101100100110001010101110001010100101100001100011010010011111001011111101110000	1114414.4	-334806.70000000007
25	01000000100111110110100001000000110010111001111111101000001110001110001011000000001111110100111010111010001001010100110101010111110111111110011000010001110011110011111100110010111110111110101100011000101000001110010101101010011011111	1365299.5999999996	-413263.70000000024
26	11110010101101011001110011100000100110100111101001010100111100000010001100100011101010001101111111000000100110010100111111010000010110010011111100011001010001110000001001001110000001101111100010101100110110010001011100001101111010110	1149073.6	-345738.7
27	00000011110001100010111000011011111100000011111100100100000011010101111111010011000111111101100111000111000111000110111101010001110111011110111100001010100111111010000101111111111111011100101111100010100011000100101110011110101000110	1383408.9999999995	-419063.39999999997
28	11100010100001111000111001101110110111101000010001010111010100110101110111111100001110101101100001001101010011110111101010001000010000101100011001100111011011101100110010111001010111101111011100111010110100001001010110100010101110000	1304757.4	-394387.19999999995
29	00000011010110011101011101100011010110001010100000110000111010100110100001011000010011000100101110110101000010111100010010101011011001101010101110101101110010000110100011011000100110001110011101100101110111011000001111001100011010111	1231539.2	-371609.60000000003
30	11101001100111011110000000010001100101010110100100110010011011000011001110100111110110011111101010110010101010110100111011101111011101101001011010111110000000110010100011111110000001101110000001101011000001100011010000111010110000110	1306954.7999999998	-395115.10000000003
31	00001100001000010011011111000000110000101001010100110000010000011011010000010100101101000110101111100010001100111110011100101101000110100010001001100111011001010100100011110001000111100010110011101001011001011000011100010101000000100	1094668.4	-328797.4
32	11000000010100000001111010110100101001010100010110011001000001101001100001010101010110001101000110100001000111110000011000111100010011010110101011000111101010111100110100001101001111001111111011110100000101010011111001000100011000010	1130447.5999999999	-339946.5
33	00011100001011001000011010101101111100110010101010000111011000100010000110000111001011111101110011000111100110110111110100011000110001110010001110011000101010100110111001011001000110101000000100011001111100111110111110100111011110110	1278834.0	-386254.60000000015
34	10111000111100001100001100100101001001000111111101010011010001001010101001101010000010000011101001110001100110111001011001001011000100100101101110000011010101000001101111000101111011110010101000010001010111110000110000110010010111111	1204633.8000000005	-363222.4
35	00010010001110011110100100011100010111100110111000100011011010000001010001000000110100000001100000001010101101111000101111011011000000010110100001100111110010110111111100000100000110110100100100001001000100001100110110111100000001100	1140033.9999999998	-343000.1000000002
36	10011010111000000100100001011010101110110100010100100111100100010001000000010111101000101010110100000111001011110110101100001011110010110111111011101000000111110101001010110100100101110000001000010110000011001101100001110101010010100	1198368.5999999994	-361141.7
37	10101110011000000000110001010110100001110110100000111101100000001100001010010111110010111111100110111111111010111101100110001100101010101010111001111110000110000111110010010001100011110110101011101111100001011110111110111101000111001	1327484.9999999995	-401608.30000000005
38	10010010111111101011101001001111001111011001011101011111101110010100010001101010110101111110000001001111100111101011111011010000010000101010010100110100000111100010111110001101011100000111000101010111011010000011011101011110001010111	1328617.3999999997	-401838.3
39	10000111100010111100011111111010100011000110010111000111000110001101110000001111111001000011110000100100000001011100011101011111011011101110110101010100011100100110010101100010001001100101001100001100011100010110000000011101101001111	1200627.9999999995	-361810.39999999997
40	00101011111000100110110000000111101100010100111101111111010110010010110100100000111111001111000000000010111111110001011101101010000011001110101010001011011010111111010111010000110011001011110011111000111011001110111000111010001011101	1354268.2	-409995.80000000005
41	11110000100000010110000111010100010000001000011011001100001110111000011010011100010001101000010001000111010001000111000011011000110000101000011110001010010000000111000000000000010011111010011101111100000111100001001101100101010110110	909462.2	-270791.80000000005
42	11101010010001100101000101010100111111101111101101010101010101111101111001000110011010001011110001001100101100000110001010001011010010010000111111101101111010101111110110001011101010101110100000100100101010001111011010010101011100001	1303958.9999999993	-394160.0
43	11111100101010111111001111000100100111101001000110010000111100001110001000111111100011110110000010100000111100111011100010100100010010001000000010010101110010100010011111000111011011110000001100001010010101001111011000101110010101000	1137398.9999999998	-342016.60000000003
44	01011011011011001111001100000010011000111001000001001111100011100000100100111001010101001101100111100010101100111110010011101100110111110001100010101010111100111011011010111010010100110001111111100110011111100010011000100101010111001	1356748.2	-410714.3
45	01111001101000100011100011001010000010110101011101011000000111011010010011000110001110011000101000101011100010001111000110000110100000110001011011100100111111001101001100111001011010010111100001011011000101100011001010110101111101110	1213201.9999999998	-365772.39999999997
46	00111000011011101001100111010010110101101101101011110011101001110001000000000010101110111001010011011101011000011011000000001111100110010101011100101111011110011010100011110001000111110000110110011000100110010001011000111111110000011	1271291.8	-383923.6
47	00001001000010110110110100101010000010010100111000101111010011111101110110111101111100100100010101111100001010101001101100010110011000000000100111001101110001000111000101000101111111101010000001100000100001001010011110111011000010011	1103321.5999999999	-331313.49999999994
48	00000111010100110011000001111100100110100001001000010001001100001000011110110011111001001101101001011110000001000010001101110111011100110111010000111110100010111110000101000100011010001001101001011100111011001111101100101100011110001	1121183.4000000001	-336896.9000000002
49	11010011110011110011100100101011000110101100010101110000100011010011111001100100000100111011010111100101111101100100100100010110001001011101111010110101100110100111110000010101101001101000111111101110010101001011111011111000001101110	1258713.2	-379934.39999999997
50	10010010111010110000110001000111011011010110001000000001110110110100001110101001100100000000110110100000010110001001100101100000101110000101011111000000110010000000100110010000111100001110010110011011010011001010101110100001101011001	1008261.9999999999	-301755.2
51	00010101010001111000000111100101001111111011101001110011100001101101110010000010110110010101000000110100100100100100100011010000010110010111111100011001010001110000001001001110000001101111100010101100111110000010110101011001011001111	1081041.4000000001	-324317.30000000005
52	00010110011010000100001001100010110101000010011010000010101110001000001100110110100101001001101110101110100101101100010000101110110000111101000101010010011000101011001100000110100100011010100010001101011110101000110100011100000100110	1032295.4000000001	-309214.30000000005
53	11001010000100001101111101100111000101000111101101101110101000100000001001101001011010111000001011100010000001000110011100110011000011101111110111101101010010101101110100011110100110111100010001110111010111001011010111010011111011010	1299826.1999999997	-392767.80000000016
54	00001100000001111100001001110110000000111110001110010001111111100011110011001010011100011110000000100111100010001000111111101010011001000001111010001101111011111110001001111000111011100111100010010110110001110001010010010011000011010	1256936.2	-379520.5
55	11011011110111000111111100000100011011110011011001000000110011110111010111010001100100000110010001110010100010111010110100101011111111000001100011100010011011101000110000011110001101100101100110101111011010110001010001000111101011000	1221976.4000000001	-368541.60000000003
56	00010010001110011110000100011100010111100011000000001111100001000010110101110010101000010101010100110100110010000100010111000000000000010000010110000010111010100110010010100100000110110100100100001001000100001100110110111100000001100	922883.6000000001	-275012.80000000005
57	00000100001000010011010111100000101000011101001001001110000001111001011111110001000110000111101110111001000000000001000010111001000101001111010000001000011101000010001011100110111101111001110001000100011010001110111101110111001010000	1007802.4000000001	-301522.4000000001
58	10101100011111101010111101101101000010010011110101010000010010010101001110101110100100110011010100110110110001001110100010000110100111010000111001000111001011101000110000110001100110110010000110001010111100011101010101101101101101000	1171540.4	-352718.2000000002
59	00010000011111001000010110111000100000101000001010100100101100110110110110111101111011000011101001101011001110001000101100101010011011000001011110101110101001011111110110011000000100110011100000101111011111010100111101100101011010100	1289744.4	-389763.29999999993
60	11011000010000011101011000100011001011101010101101001100101011011111101110001111011001010111011011010011010101011101101111000001001101100011100111111110010001101100101101011001110111101101001110010011101110000011011000111101100110010	1371842.9999999998	-415342.3000000001
61	10110100110001000011000101110100100001011000001001010010010111010000100110100010101001100011100100000001101100100000100001000000010100111110001100000001011000011100111110100101001100000000001000100011101000111010101011000100011111000	976954.8000000003	-292012.50000000006
62	10010010011101011111010100100010001010101000111000010010101100110100011110100101000110100000100100111010101101100001101001101101110100010001101000010011001000011111000101010001111001010100101100001100011000001110111101110011010010100	1125379.2	-338307.9000000001
63	11110111110010101110111101100100010000001100101101111110100101010101010001001000101011010101011001011110001100101111100010111000011011010011001000001010011011110110101100111011010111001111101101010111000011010001110101100111101001000	1308740.7999999996	-395547.4999999998
64	00101000101010000001001100000010000100011011000010100000100110110111100000110010111101000110100101101100001000111011010001000000000000010010000000100010101000011000010010011110100110010101100001001001100110110111100011011010101000100	899587.0	-267797.69999999995
65	11010000011111100111101100100000110100110111011111000011111000110010110000011000100000001100110011100101011000011111010011011110101101011111101001011101111100000001111010010010001110010100110110000001111111111011010011100001101001010	1315368.2000000004	-397662.6000000001
66	00101000001010000001001100000010000100010011000001010010010111010000100100111111010110001101000110100001110111010001001110111000001010001000011010000010000010011011011001110000110001101010000000001000110010100000111111001001111011010	1015664.1999999998	-304131.1000000001
67	00101000110101100111000000110110110010010011011010100001100010001001001111000000000011110101111000010100001110110010100001010110101010111011111011100011110100100111111011001110010011000110000100011001000101111010101010101001111000110	1263858.4000000001	-381631.7
68	11000100111010101001110110110010010010110111011010000110011011011010100110111111101000001001101010010111011101000110110010110011110111010100011110001010101100110100011100000000010111000111010111000000111001111100000000000111010010100	1191115.6000000006	-358769.5
69	01001001010110111110011001010110100000000110001001111100101010010110010110000110101110110000100010110111110000000101111111111101000100000011000110000100111100111111001010100011111000100000111111010011001111011101101110110110100111111	1254487.8	-378784.1
70	10100010100000110110000110010100011111110010001110000101000110100101010000010001100100111000001011110000000110001000001010010001010101101001111101011000001110111111010110011001001001100100100111011101010010000011000000011111011011100	1142911.0	-343913.60000000003
71	00000011011101111011101010101110011011111110100000010101010111001001101000001101010100100001001111000010011111001001010001100100011001011100010001011010100001101110101100000111100110100011111111101110100011000000010111001100011010110	1144414.8	-344338.60000000003
72	01110001110111010110011010101100100100101101100001010110000111111011011110011000000111110001110111001010001001010100000010100000101111111110101110010111111011111100101100010101000111100110101011000010111010100111000011011011001101000	1267239.5999999996	-382744.2
73	01110010101001110001010000010101110101111001111000100100111110100100000111100101000000101101111000111011111100111110100010111001011011010011000100011011001111110110100111010011010001010001001000010100111011111101010010101101101110100	1287518.7999999998	-389039.9
74	10000001010001110011000100101000100000110110001100001111000010000101000001010101000010011000011110110101110100011100110011001011101001100110101011010000100100000010101010000111010010100010001001010011101111100001001000010110011011110	1004942.3999999999	-300599.1
75	11011011101010010110111001011100000101010111111101111100101101110010100001001111100001101110011100011000110110010011011000110100011100010101000000011011001111010100110011001011110100010000010011001001010011001000011101011111101110000	1223994.6	-369253.5
76	10101111101111000001000000110111101001001000010110111000110111110001011001010100010010101110001111000110000100010101011101000010001110001101111111000110010111001001110110101010001010000110010000101100101011011111111011010010011000100	1237098.9999999998	-373237.50000000006
77	10101101001011100111101101111001100110100100001111000010011110111111100110100101111110001100000001001101101110100011111011010001011010100100001000110001101001011110011101011111100010010000111011100101101011001011110001110010011000111	1326341.3999999994	-401147.69999999995
78	10111011000011000110010101111100010100001000011010010100110000111111110111101010100011001111100000000001011100110011101101101001101010000010100111110101001101000111000110100001101010010000110110011000100110011101100001110111011010001	1190498.6	-358782.8
79	00011101001000001010011100110100001111110000100010010100110001111111110111100010100111000111100000000001011110110011101101101011110010101101001111110111100110001111101100000111100110100011111111101110100011000000110111001100001101010	1293642.1999999997	-390899.6
80	10111111101010101100010101111111101011011000110011110111011000100010000101001111011111100101110110011100111001101111110011011100111001110111111101110101001000010001011000011100110000111010100000110000110100001001111000010000111101010	1359526.0000000002	-411624.9000000002
81	10001100111001111011001100000100001111001111111101111100100011010010110100110101110100100101011000000101111101011101110011100000100111101101101010011100010011110101011001111100000001000000100111011101100101011111011000010011011000011	1344008.8000000005	-406753.7999999998
82	00111001110101100000101010010000001101011100101100010001110100110011010000001010011100011111001000100111100010010101010010101100001111010010101100111111111101111111100101001101010101010110111101011000000110101110011001001000011000111	1277200.9999999998	-385804.60000000003
83	01001000110011110101111111100101100101011000010111011110011000111001001100000011100111111000100111001110110100111001011111010110111100000010101100011010001110011101010111011111001110000000000000010101101000111101011111010100101111010	1350541.7999999998	-408834.89999999997
84	01001111001000110001011110111001001001000100010010010101111100110010001101001011010010001111010010000101000000001110001100010101101110100100010010011100010110100110011111011010010111000011101101101010100101011110000111110111000100101	1201641.7999999996	-362291.80000000005
85	11011001001110010010101101101101101111110110010100110011110010110111110011010011110110111110010101110110110000110001111001010000000000110001010101100001000000010000001101110001000011000000100100110001000011011110010010000011011000011	1104210.1999999997	-331782.6
86	11001011010101111000000010010110101111100000110110111011010011110111000000100110100010011111110011100011100010101000110001111011010001100100011011110100010010100011011001111111101101010011000011001100110110100100110011100110100101110	1294415.9999999995	-391140.1000000001
87	00000110000100011101010100010111010001010110101100000010100110111000100011000110011010100001010000110110110001000111000010110101011111000000110000101011001011001001100000011011110000010101010010100000110011001011000100111010101111001	1048535.3999999999	-314339.5000000002
88	11101110100011001011001100001001110101111001111001110100110010110100000111000001000000101101111000001001011001001000000111110100001101110110000000001111111010110110010000101101011110110100101101001001110010011110001101011011000001000	1131980.2	-340385.3000000001
89	10101110010001100001001101100111111100000101010010001101001010010101111001110010111111011100101111011100010100101111110101110100000100100011001010101001111111000110011101111110101110001011011111011101110010001111101001101001010010101	1372599.8	-415580.1
90	10101111011100000000101100010001000010100001111001101010110000101001001101110000110001101010011001010100000001001100100010100100110011011010110101111010010100010101001000010111110101111101001011010110100111000101000111010100000001110	1076164.6	-322938.5
91	01011111010110011011101111111010101110011100101000100100000100000011000011100001000110010011000110111100110100001110100010011111110010000010110101110110001110110001010100111110100001000111101001011001011000000000001100011000001000010	1195665.3999999997	-360439.50000000006
92	10101011010011110111000110011101110001010111001100001000101111001000010010010001010011001000110000011101011100000110000111101010000111011011101101000000000111011000000010000001101010010010110011101000011001011000011100011001000000101	1007869.4000000005	-301518.4
93	01001111001101101110100010001000001010001110111011101101001100001000100110111111101011001001101110101001110101000100101111011110101000101111100010011111111001010000110100010011011010011111010100001110010010000000000011110111101000110	1248034.4	-376704.4
94	00000101001110110000111001011010011001001101010010000101110001111110001110011001010101111001011111011011110111101101101001010000000111110001001011010100101001110001010111001100001011100011001011111100110111011110010101010001001001101	1298062.1999999997	-392315.49999999994
95	00011100000001111100101001000101111100010110011110010011111001110101111111001011000010010111000100100001100001011000010010100010111101111011101101000000000111011110001001111000111111100110100010010110110001110001010010110011000011010	1222089.8	-368567.50000000006
96	11111110111111100101100100010111010000110110111101001011010001101110101001111101100011000010111110011010101111010010101011010001010110111001101111001101111110010000011000000010001110110111101100111010100010000111001000010010011011100	1265004.1999999995	-382032.5000000001
97	01001001001010111111010001000011010101001010101000011101010011001001000100000010100110110000000110100010110001000010100000011110000111100000001100010001010001001000100010000010100010101101100101000010001110010011100010101111011111100	874698.5999999999	-259849.0
98	01110001010100101110111110110100100110110111110101000001110000011101010100101010000000111010000111111010110011010001001110011100111100011110011111001000111101111111000111010101100001001011011001001100110001110110101100100010011111010	1324805.8	-400682.6999999999
99	00101011111000010110110110101110101011001001100001111101100111100101011100111100101000001011000010101111111000101000011110001101011111111000001001111111100111001101110110011001101001011001111111011001100000111110011011101111001100001	1397934.6	-423477.69999999995
