SOLUCIONES INICIO 

0	01010010011000110110001101110111111010100111100100100110110110100010111010110010000101001010101000101111011100001001011011110100011010100101101100001100111010101000100001110011011111000101011000111100000010011000101111000101100000010	1213870.1999999995	-5.876331833000001E8
1	01011111110110000010100100100111111011010100011101101010011001111011010100011010111101000110110001101101111010110110010011111000010100110010011110011100111100111101001011010100000010000110001000110111000000100100101000000100101110111	1332036.1999999995	-7.122504253999999E8
2	10101001110001010001111011010011001000011101111100101101000011100110000101110100011100110001000011100011101001011001101101010100010101011000101111100010010001011001001100001000010110000001011000110100100101011001010101011000110010000	1133469.9999999998	-5.096891356000001E8
3	00100110101111101101111010111100111100010110110010111100001101101010110100000001100101111010001110100010110101100011001110010000100100100101111111101111001000011111000001100010000011011101111010101000010110001000001111111100111101101	1276074.5999999994	-6.517410025999998E8
4	11101001110010110101010110111110010010110000110101010111100011001011000011110110000010010100110001100110011010101100010100001111000100011100010110111101000001011101111111001111100101001100000000110000000011010010101100000011101111111	1306164.7999999993	-6.839427911999998E8
5	01000010001011111001011100101001001000100000111100001000101100111110011001100110011001101110010000000010111100101001001000001110001001101100111001001100000010100111101101010110110100101100010000111000101111011010111010001110000100100	1153737.3999999997	-5.288149433999999E8
6	10000001001101100100111001101011000111010001010100111100100001011111010110101000111101000101001111010000001100000001010001110011110001000000100100001100000111111000010111010000110100001000111100101110111010110111010010001010100010111	1120000.7999999993	-4.9717354210000026E8
7	11101011000110110000111001111100101001110000011101111011100010010111001101000111000001011111000011111100011000000111101110011001011101101011011001100100001101010011101111011001110111100111111111000011100010111111011101101101110000000	1418801.7999999998	-8.113771935E8
8	10100100100001000000011001110111000101001000000001110010000011110001001110111011111000010011001101111110110101000110010110110010110000010001111110111101011100110100101000100001011010100100011111010110000010100000010111010101110100101	1160088.9999999995	-5.3488107690000015E8
9	00000011101011000011100011000010000000011110110101110111100001000111010010110000001110001011110011000000111000111101000100100000011011111101001010111010100011101001100001001110110100100000101011001011011011000000011100000110110100100	1111034.5999999996	-4.8892836800000006E8
10	11100100110111000101110111011011101100011111110001100101110001101010001110011111101010110110000111000100100100001101001110010000101000110111110000111010100000000111110001110110000001010010010100011111000111011000011101001111111010100	1277766.7999999996	-6.535313904999998E8
11	01001110000011011110110100110110011111001110000111001111011000000000001000110111110011110001000110111100010010100111001001001011110011000001010011000110001101100000100110100100100000000000100001110001111111001100010110010110111010101	1147804.4	-5.231795914E8
12	10010100111011001111100001010001100100011101111110100100000111100100001010110011100001000100001001010011110101101100000101111000101110000110110111010000000011001011110010011110011001100011110010001100001110110001100011011101111010010	1231544.1999999997	-6.055105862000002E8
13	00100011010000111101011111111111111010110011100110001110010010110001010101001100011001111110010101110010110001111010101011001111110011011101101110001100001111001101110110100110101010011001000110001101011000001010000011101000111010111	1412600.7999999993	-8.040784893000001E8
14	10111011110010110111111110011100111101101011110001111101011110010001110111011100001001000101110111101110111100100010101101010111010100100110110010111101010110000111100000110011101100001101001101000000000111111111011010110100000101001	1364799.4	-7.489227060999999E8
15	00100100101011010110111111101001111100101110100100001111010111111110110111111101001110000100000101011001000000011000101101101011110101010000010011010100000111001001111110000000010000001011110011100100100101000101000001001110101111010	1240785.5999999999	-6.149650226E8
16	01110010011110111001100111110110110001001011111110111010100011010101011010011000010111010100100000000110100101100001001110111100111010101001001001101010001111000110000111001101100001110101010000111010000110100010000101110010101110110	1226496.1999999997	-6.003771128999997E8
17	01001111110101100011110101111111101101101101111010010110110000101010010110000010100100010110100110101100111000010110100010101111001000101001010100000110011010010101111110101110011110001100001000011101100000101111011110011001001010010	1327373.5999999999	-7.071064751999997E8
18	01001111011110011011001011110001111001101100100100101001101100111000011010001110000000111000101011010010110100001100001110011110010101111011100001000000010111000101110101110001110001100000000010001000000000010100000100100001111001111	1203328.1999999997	-5.770976631000001E8
19	11010100100110111111001100101101010111000100101010010101101110011011010001000010000100111011011010100001111001101011101111100011100100001001001000101010011100010100110011100011111111101100010001011110010101000101000111001110001100011	1258248.1999999997	-6.330299530999999E8
20	11101111110010111110110011100110011111110001010011010111101011111011100001010101110110101100010101111010101111000001011101100000001011110100010000111011011010111000001110100100110100100101101010011000000110001101110001011110111000010	1305225.7999999993	-6.829261841E8
21	00100110000100011101101100010011001011111011101011110110011001111110110000110111100000110001011100110001100100000011010010101100011111010001000001101111100000111110010000110100111101000011011111001101101000111000101010101100110010010	1182080.3999999994	-5.561518471000001E8
22	10011111101010111100001011111001011011010001111001000011001011111101011100101101100111011101000110001001000011000011111011000101110010100100101010111000110100001000001111100111110001001101110110001111111111101100100010001010110001111	1281981.1999999997	-6.580010020999999E8
23	00000000101110110100011100100001101101110110101001111001000000011011011110011100101001111001101000010100101101101110000110001001011100101110001100100011110010000100001111111110101110110001100000001100000000101101000111010100001001101	1232356.6	-6.063389131000001E8
24	00000101101001101001111110000010111110000110010111101011000110011011110110010000111000110110111111110001000001011000100011010010100101011110000011001010001101101101000011101010010100001000000111110000100100001000110111011000101110100	1198277.7999999993	-5.720839617E8
25	11000000100101011110100011110001000010100011001001101110111010010110000101010101110110111100100001000100001010001000110001111101011100100010110000110110010100101111110110100111001110110011101110000111110111010100011010111010000010100	1234899.4000000004	-6.089347481000001E8
26	01000001111010111011101010100011101110001100011101110100011011101010101010111010110000010010111101101001100111100001110010110110100011111010000000001101101010011111101011111110101010100000001101101101000110100010100010000110111101001	1389887.9999999993	-7.776269546999998E8
27	00000010110011101011111111111010110111110010110100000010001010101110000101100110101110100110011001000000111001010000000000100110010101000110000000000001111101101010011100010000100000100011100100111000010011111011111111101111111001101	1111067.5999999996	-4.889586287E8
28	10000100101011000010001111010001100100001111011110001110100011010000111100001110001110001101011101001001101010010110010010001011011110110111110100100011011001110100110100010000001101011111001101011000110011111101000011111010101010110	1249302.2	-6.237428154000002E8
29	10011011010101101011000111010011101001011000110010010101011000001101111110011010001001110011011111000110011000110111101001011110111000010001110010010011011011110110100101000000000010010011110010001000010101010000110010111100000100001	1177521.9999999998	-5.517087926E8
30	11111000111100011100000100010110001000101000011000110010000000110010010011101100011101100100011000100110001010010000101110100000111110011001011001011001101011010100011010001100000011000001010110010010110011110101001101010101011010100	1112284.7999999996	-4.900738118999999E8
31	10100001111100010011101000011010011011101001110101010010111101111101010111001001100100001000000000010100101001000100001101110110001001000101110011100011100000011100100001101111010001110011100100100100010001111101011011011010110100011	1134454.1999999995	-5.106096893E8
32	11010111010011111010101011110110100101110011000001111000011110100011110100101100110010100100110110110000001001001101010010010110011001101110001101000011100001110010100000000001111010111000101110100001001011001010100101000011010011001	1056929.5999999999	-4.4063746829999995E8
33	00101110100001010100011111011011100011101100101100000010000101100100111000010110100000001111000011111010110011111110100111101101011000111101001110011100110010110100010110000001000001111010110010000001011110101000001100000001111010100	1209241.2000000002	-5.829953353E8
34	11110011100010110010100110100111010111100001000101110011100110101110100001100100101001010000010000100000110100011110101001010011011100111110111011010001011000111101101000001101010000001001000111110000110111000110011101001100000010101	1186422.1999999995	-5.604006263999999E8
35	11000101001000001101010100111000111001001010010101011100110101000110001011000100000001101101010011101100011001001100001000000111011101000000000110111100101111000001111001100101101001001010011001111110011101000101011100011110001010101	1171293.6000000003	-5.456668892E8
36	10001000001100000011011110001101101000011011000001111110010001010111110011110100010111001101111111000111010011000111111011110010010110101111001011010110010110110001011010001001010111111010010110110010110101001010100010000010011010110	1306095.2	-6.838675283E8
37	00001011100110100000000100001010011100101111011011110000110011110001101000001101010100100001111001100000010110101100111111111011010001111111000110010001001000101101110010100010001101100110011000010010111100110011100001100110000010100	1227508.9999999998	-6.014053769000001E8
38	01111111011111110010010010110010010010110100010110010100000110100011001111001111011111100000100110101000100111010001100000101110001111111101000101000010011000100111100000100100001001100110010010100110011000100101101000000000111101001	1109580.0000000002	-4.8759723009999996E8
39	10001010010101000001010101011000000101110001011001110100011011110001000110010011101010011110100111100000101010101010110100110010011110010011001000111011011101011000110001001011011110011010000110001011000010101010000011101100100110010	1169528.0	-5.439601589000001E8
40	00110011010000111110000000011100011000000101001001010000000100100101101010111110010111011100010111111000010110101010001100100101110111010101000110001110100111000110011110111110101111110110001010011010001001110111111010010101100011101	1308163.3999999997	-6.861092314E8
41	10111000100010011101101011111101001001101111001011111011010011000101111001111111111101101001001101010101010010110111111100110101111011000010001000001111101110100111110000100111001010110100010000001110000001011101101010010101101111110	1373769.0	-7.591229901999999E8
42	10101001110011000111100111110010010100100100001100101011000100101110110011101010110011110111110011001100011100000111001010110101101011101000101010110100000101010101100001111100110010001100111100010000110000100000010110010000011101100	1204905.7999999998	-5.786680623000001E8
43	01001111110001010011111110111010001100001111111100011010100101101000110001010111111000011010010110000111100000000001111110001100000011111101010100100111000101010011110011101011100101101100001101000011011001001011110110110000001011010	1283408.9999999998	-6.595185613000002E8
44	10001111011110100010000111110110001010111111011010010001111010110101010110010111110011100111001100100100011100010011110000111001101010001111011010001000110111111100101010110010000000100000101011100111101001100001101111101001000000110	1292265.7999999993	-6.689720741999998E8
45	11011110100110010010001111001101000000001010100011110100000010010111110111011010111001100011100000101101011001001001000110101000001101010000001000110101111001001010000010000110011101110000001000110001000011101100000101111000111000110	987772.6000000002	-3.825673763E8
46	10100110000000101110011010011100011110110000000110011111110011011110011010000110010011111100111001001110100010001110010011100000100101000001101001101011001000111010100001100110100000000101001101000001001111111100001100100011010110110	1129460.7999999998	-5.059473772999999E8
47	00001000100111011101100110000111110110111000101011110110111111010111101110100110110110011000101010110100011100001000101111000101000110111101110000111010111010110101100001111101001111100111011010100110111010100011101000110011011001100	1346212.6	-7.280053684999996E8
48	10000100100001110100101000000001111000100101110100011110010010000010001111100100101100011000011101001100001111100010010100010001100100100101101100111110001010110110110110101111100000101101011111110100010111010110100101011111101111100	1254451.1999999997	-6.290796872E8
49	01101001011110101011101011000001101100011011001100000011110110111110111111110101001001011100100101000011010000011011111100001110100110100101110011000100100110001011001110110001101110110010110000000010100010000011101110100000100010011	1253322.9999999998	-6.279084041E8
50	11000000001100110000000101100101111011101110100111111001110110001001011101100000100001001001010100101101101111111011111001011111001011100100110101110000010110010110001111000001100000101000011001101010100111111100111100001001010111100	1279210.7999999998	-6.550610441999998E8
51	11011100101000101001110101000010010001010000101111000101010111000011101000110010101111100011000011100001111110001110010101010101000111101111000101001101000111111110110001111000101110110010110111000100011111010011010011110001111101000	1327700.4000000004	-7.074664522E8
52	10101011101101011000000100010011110011011100111000110101100110011110011000010010111111001100000011001000000010010101111000010100001010111000011101111011111101001100001010001000011111100001100100101001001101101100101010111101000011001	1167210.8	-5.417242774E8
53	11110110000000111100111001110111101110000010111110101110010001101101111001011001000100110101000000011010010010111110100101010001001101011111111100101000011001100001110011011100110011010011100111111001100101110010100000110101011010011	1361129.8	-7.447695139E8
54	10010101001001000111100100000010101001110011011011001110010111110011000001111001010100101110000111101111110000011000101001010010101101011010001000111010001011000000111000100101111000000111111011010000010101100010010001111011000000001	1127783.0	-5.043858206999999E8
55	11001101111110110100001100100111101101100011111110000110111101010101010101111001110000111101011010011001011001000001100111001110010010011111111001010000011101111110010100111101111111110000111000101001100101110100001001000010101101010	1338125.2	-7.189961998999996E8
56	10000101001101100010001001100000110010111010000111111101000101100110010010001000010001110010000100110011100100110100000001010111010111110010111101001010000010010010011100101011101111110011101101001001111101010001010000110101000101000	1165543.8000000003	-5.401184706E8
57	01001001001011101000101000100010000101011100100100110100110011100000010111110001001011001100001111110011010011001010011001111001110111011101001100011001110010100100010001001101100100101101011101101010101110010111000110011010011101011	1213076.4	-5.868365625000001E8
58	00011111101010001101101011010110011001110010000001011111010000110100111001011111111111001100110111011000000111000101110110100001011100111011100011100011111101001010010001111011001110110010110011111111011011011001011001001011101001101	1363948.8	-7.479590258999999E8
59	01101010011111101011110100001100110010011000011000011001010110101110100111111111100001000111101001110101000100101010001111110011110110000000110000001011010011011101101001010011110000000000000111001000011111001001110001011100011101000	1214018.1999999997	-5.877818431000001E8
60	00011101100010110101110011110000001110010100110010111101110010110111101010001100111111111011001100000010000101100101000111011010100101111011010010000100110111110011011111000111000010101111001010111011100010101111101101010000101000110	1325781.5999999994	-7.053543051999998E8
61	10110000100100100011010010100000010101011011011101010010011110000111100110011010011010101010010111000111011001010101010111100000010100110001111010001101011010011011100110110110101111101100100101000001100010010100111110011101111000001	1266809.3999999994	-6.419820651000001E8
62	10101111111101101001011000101000001111001100110100110110000110010101011101101110001110101000101011000001001010001010011110101110111010011010001110111101011100110111001101101010000110011011101001111110001100111001010110000111011100100	1385793.5999999996	-7.729056497999998E8
63	00011110100000110100001000100000000011100011000000011010111000001101101100110000001111100000011001110110000011100011011001001011010111111110111011000010110011001111100101111011111001000011001010111110011011100110000101001110101000100	1266036.9999999995	-6.411719421E8
64	11110101011001000111100101101100010111100111011111101000110011110011111000010110100110110110001010100001111001000010111010011001101100101101100001101100010010011010010011000111100110011000010010101100101110110100101010010101011001001	1232854.6	-6.068468054000001E8
65	01000100000100000000000111000110110010111011001111111110101101011111111111011011110101101101111001000111011101110111000111001001101101011010011111110110000100001010001011001001000100011110100001110000010001010011101000000100000001111	1252682.7999999996	-6.272443441E8
66	00011100101000000001110101000010011101110100001100011001101101110100001011000001101100010011011011000010000101100011010101100001001110111011001011011001110111100100101111011011001101111100111101000001001001001011001110111111101110000	1304031.4000000001	-6.816342322E8
67	10101001100010101101000000110001000100101111001000000001001011110010100001000001011110110110000010101011111001000011111110111000000100010001001011001010000110010101011011001001001001111100101101110010000001001000111101000010110111010	1143769.5999999999	-5.193644745E8
68	00000011110001100101111101010010001001010010101001001111100101110010010110001100010001111111101001100100010101011101000111101011010011110010111110000011010011100100110100110011000100011110000100010001000110010101011111010110110011101	1258436.7999999998	-6.332266293000001E8
69	00000100010100100100001011011001000100111001100111101100000000111110011100011101100111001101111011110000000110011001100001000100000000000010000101111100001010111001010110111010000110011100101000100111100110111100011101010100000110110	1148235.3999999997	-5.2358805299999994E8
70	11111001101001100000100000101111000110110010001101010000001000011010010001001111111010101111101111001001001100110011100000001010001001000111100101110000010101100000110000010010101111000100000001000011100011000000000010110101000110111	1006294.0000000002	-3.977172873E8
71	10101001100110110001111100001011111110011100101111101101010000010000001000011101100101010101000000101101011010010000000101011110101111110001011110100100001010101011100101010010101011011000000001001110100100001101100111000001000000001	1195743.0	-5.695757210000001E8
72	10100110111001101011111111001001001001101000100101010101110001000110111010100010011101011001001101001011010101111111001111110110111000000001111000111110010001111000101100101011010001111101010000101000011100010001010000011011011100000	1303643.2	-6.812143629999999E8
73	11100000010111101111001010110111001010110101011000110000100101101001011010100101110110011000100111001111000010101100100101000000101000100001111000011100101101010010101001010000111111001010011010100101010111001000110011001101010001010	1152063.3999999997	-5.272216635000001E8
74	10010111000110110110010001101111100110001101011010011110101101101111001110001110011111000011110001000100000000100000100111010010001011000101011011101011011001111000111111101110011110000110110110100010001010110000001010111011100111000	1321556.4	-7.007145858999997E8
75	00000010101100000001000100011101111001000101110111001011001010000011111111011000001110010000010001101100010100110111001101011110010110101111110010010001010111100000111111100000111000100010110001100000000000101101101100101010101100111	1252563.5999999996	-6.271206490000002E8
76	10001010011100101110111010001110001010100010001110111110001011111110000101101011100110101000010101101000010010110100110100010011111010100110100011101111010001010001100000011100111101011000011010100110110101100101110101001110011101101	1232909.4000000001	-6.069027298000002E8
77	11100010011000001100101100100111100100101000001111110001101000110001010110111100110011110100011001011100100010000001110010101111000000111100010011110100100010101001001100001111011010110011001010000101000001000010001001000000011111001	1087959.6000000003	-4.680259500999999E8
78	11111000011111110011011100011011111101100111001110111010110000011111010110100011001110011010000001111110110111001011100010001101100111010101100100001011001010101010111001110101010011111001100101111100010001100110110011111101110001111	1440855.7999999993	-8.376022521000001E8
79	00011101011111100000100011101011000000101110100101110011000101011110011101001001011110001001010000111110010010110100101110010001100010100110010010000111000011010110111010111100010011000111000010111110100111010111000011001100110000100	1266165.7999999998	-6.413068412000002E8
80	10001011001110111010011001010010001010101101011100111111000000111010101101001110010000001100111001111101000101110010111001110010111101011001101110100001001000011100111100111001000100101001100100100100111110011101011110010111010100010	1371900.4000000004	-7.569922469999998E8
81	10100010100101001011010001011101111101110000010100010010000011000111010111010011010100010101000011000000011000011001010111010100000000100101110000101000000100000010000101111100001011011100111000000001101010001100100010011111110011101	1016083.6	-4.0584386E8
82	01101011011101000011001001001011100000100111111000011001001000110010110010110011100001000110001011111110001100110101011110110111111010010010010100110110011110110101101011001000000001101000001000001110110000100100001111011101100100010	1282939.1999999997	-6.590190393999997E8
83	00110000101001110001101110101101000011101100101000111100100110110111000100101010010111101100110011001011010100111010110001010111100010100010000111011000010010011010101011111000011000001100000100000001111110000000011001110100111010110	1249074.8	-6.235075257E8
84	10010100001000000101110000010100111101111000100011001001101000100110001011010010010110101000101101111010110111100010001110110100001000111110110100100111010010000100110101000110111101001001001010010010110110111100100110000111111001001	1163470.4	-5.381246686000001E8
85	01000010001011000111001010010000011010111100111111100000011110111100000101100011101001100110100011110111100010101011111010001110100000100001000010011100111010011100010010001110010001100111101010101001000101110110111011001110101111100	1200659.5999999987	-5.744456153E8
86	00100101000000100000010000110110100101001111011000101001001101000010010110110010000000011101111111110110001001011011010011011010011001101011011010111001010000011110110100101101001110101001010110010101101000100100010010111010111110000	1223173.4000000001	-5.970100641E8
87	11011110001000111110010110000101101001000001011000011010001010110110010101101001111111110100000100010011110011101011110110111111001011001001100010010000111101011001100010011001011000001100101110111100000110011101001111110011101011001	1286191.0000000002	-6.624806903999999E8
88	01100000100101110001010011011011101000001011100111001100110110110111110110001111010100101101000010000000111101000001100101001100110000110011000111001000011001100010100101110110001111001000101111000111101001101010000011010100101101110	1158274.7999999993	-5.33144987E8
89	10000110011101011101111110100010111010011010000011101111010100000101011010100011001111100001001111100011101001101000001100101111111101111110100111101110011000011001010010110100101101010101000011011100101101001000100000100110111000011	1333270.3999999997	-7.136153300999999E8
90	01100101000001100000011100001001000001101100110001001110010101001010010001100100011111110001000010011000101011010001100111011111111100010100110111011110101001001011101010110010111010001010001010011010000011010100100101001101100001010	1224992.9999999993	-5.988528703999999E8
91	01001110010000101010010100010101111110101001100010000000011100011011100001101101011100001010001010111011110111001111101110101010001101111000100000111100000110111111111000111011011101011111000101010000010000101011011001001100010001000	1326480.9999999995	-7.061237043E8
92	10101101110010111000010111111111001001001010111010100110110110110011100101010010010100111000111110011101111011110111110101101010001100011100111011101111000101110010010011000111111110001101101101110000101001010001011101000010000010000	1339227.8	-7.202213169999999E8
93	10010111000000001101110101100000111100110010000001111111111000000001010011001001010011110010010011010000111010011100100001010000110100100101101101110010000001001011001011001010010010001001001000101011110011010001100010100011001010111	1118557.1999999997	-4.958412564999999E8
94	10101010110111001010100111100011010001110000010111011110100110010101101000010000110001011011011010011001001110111111100001101101111011100110100000101110011100000000000001000110001001000111011111011010011100001011011000110110011100000	1132928.4000000001	-5.091827877E8
95	00100010011000111001001000111111101110011001111001000000000111101010010100100110101001010111000100101101100101101101010010000100001010110100001111101101001011101001001001011101001101101010100110111111100111011110001110100111111101110	1262708.7999999998	-6.376864565999998E8
96	11001010011101011011000111100100111001101101110011011010010010000001010001110101011111011101100100000001001110001000101010111100111100011011000111000000000000001010100001101011111100000011000100101101000001010011001100011010110011111	1127409.1999999995	-5.040381713E8
97	01110000101101000101011000000101100010100100001111110000110001010100111000101011101011010001101111011110000110011100101000001101001110110001001110011001100101001011000100000101101110101111111011010101100011011110111101100000100110010	1127499.4	-5.0412202100000006E8
98	10100011001010000111110001111101111101110110000101111111000000000010101110000101011000010000111000100101111000001000000000010001001100101100011100001111010001110111001100001110000011101011000101001101110110101111111111100000000001010	1136054.5999999996	-5.121085897000001E8
99	11000110010010011011101110111011000010101010011100111001011101101110100101000101110010000000000011011101010010000101111100011010000111101001000011000110101000110011111001111010101100010011000110110001110101110010101111001101001110000	1308487.9999999998	-6.864612954999999E8
