SOLUCIONES FiN 

0	01000100001010000010011000000011110100101000101101011100110101001010010101011100000000101011001010111001111110001000000100101100101000100100100101000000000011011100110101000011010100000101000101110010110100001010101101111111110000001	901201.7999999999	-4.609024593000001E8
1	01010011010000011010001100001010011110000100101110100101110100110011101110101101000000001001000000011010110100100101000001000010111000110000100001110110101010000000010001000001001111001111110100111110100000111101111010000001100101010	846762.8000000002	-4.0427063350000006E8
2	00010111000011000000101011000001000000001110010100011100101111010100110000000000001101010010110000101000100111100000001110110101001110001000100100100100000111011111000001010101000111100010000111110110000001000000011000010110011110011	846069.8	-4.0357352910000014E8
3	11100000000010010110010011010100011000100100001111110001000001011010000001011011111101011001100111100100010010101100001111111101110000101011111110001011100001010010011101110101010111111001011110111011110100011101101010100101100110110	1163367.6000000008	-7.855948549999996E8
4	11110010111010000011000111001011100100101011100001110110001000101100100100010011111000001010000010101000110110000001110111010000001101101000111010111001111101110101001111001011010100101111100110110101000000011110001100010011011011100	1117333.2000000007	-7.223521567999998E8
5	11000100011101010110000001011000110001111010000000000101011000111100010001001010000011001101110010100001011101010101011100101111011101110011100111000011000100010110010010000010111110001101100010100010001010010010110010110100111110110	967742.6000000002	-5.351634825999999E8
6	10010111110010111110100100100110011000111000110111000110101001001000110111101010110111111101110110110110111100100110111101011111000000111111001111101001001011010101000011100101101011010111010100110100111110011101101101010100001111010	1223812.400000001	-8.726645725999999E8
7	11000001110111011000111011010100110010110100010010100111101110110100111010011100000100111000001001001000111111100010101101000101110000000101001000001100101100001011101111111011111001001111101011110101011011110101110111000011000001100	1208142.600000001	-8.496533063999999E8
8	00011110100010110111111010100111001011000001111000100010101101110111011010011111101110111100010000101111001010111110110110011010101000100000000100100100011110010100010110100100011010011010100001010101111011100101001101100100111111110	1067210.2000000004	-6.565098172999998E8
9	00101110100101000011011110010101111111011101110111110111111001010001010100101101111011101100110010110111101011111001110101010111110010101101111111010110100011100011000111101010001111110010111100011000010110100001010111111010011101101	1359828.0000000005	-1.0853227091000004E9
10	00100100001110110000010110001000001100100001000001000010101011101011100000100101011111011010010111010000000100010011110011010010010101100010010111010000100001010011000000000011110000010101000011001000000111010000001000001100001110101	770596.8000000002	-3.312648023000001E8
11	01100010111111000110111111111110010000110100011101010011010010010000000100111100110111100111011101010111101101001111001011010111100110001100001101000001100001001000111010011001000001101110100011101011010001010100011101011010000101100	1131227.6000000006	-7.411608406999997E8
12	11001010100001011101000101001000100111101101001011001010011001011100110111010010000100000111101010001011001010001011011100100111000011110010010111010011000100010011100110111010001010110111100001000111011010000001000011001011100100011	1080998.8000000003	-6.743089787E8
13	01000100001001111110111011101101010001010011011110010000110001101110100000011100000011001110000000110011001101001100000011101000000001000000011100001001010001000110010010100110010110000100000100100010110100001010101101111111110000001	855140.3999999998	-4.127441629E8
14	01100011001011010100011000100001001011111100001000010101111010101100100000011010010000010110100100011010000000101100010010000000010100000000100000010000110010001110100000100000010100000100000000100010010110010100001001101000100010001	664851.2	-2.4195012729999998E8
15	11101011101011010100011000100001001011111100001000010101111111111010011001001001011001110111001001110101111001001101001011111011110101100100111111101001010000010001000010001000010100000100000100100010110110010100010000111110010110010	1071165.0	-6.615906598E8
16	11111010101000110111111001011101111100110101100010010000101000000110011000101011101110010000010100110001100010001000111110110011010111111000011100001011101000010101100000000000000111010010011010110001110110111011001000111100001010011	967285.6000000006	-5.3463454959999996E8
17	00000111001001101101001101001001010110110110000110110010101100000111111001000110101000110000111010010110010010110110111101011110101110000111010110001110001011000010010000010011010111010010010011011110000010101010001000100010111011100	979501.4000000004	-5.488629293E8
18	11111101011000011000110011110100111000101000001100001110100000101101001110100100011101100100011101010111101001001111001010101001110101001010110111100101001010110111111100111001000101101011111100101010110101110101011100011010100000111	1251003.6000000008	-9.133249844000002E8
19	11001101101010010000000010000100110100011101000001110100101111101110101001111100100011001110110011110111111100111001001000100101100000011001010111001110000001100000010100010101101011101001111001010110100000010001111100101110001010010	980648.6000000003	-5.502087387E8
20	00000100001000111000101011101001110000011101000111111000010101011100100000100110010010000100001000110100111101111001101000101111011101110111100111000010000100010110000010110111011110001001110010000100010011010010110010111100111111110	1043426.6000000003	-6.263678258000001E8
21	00101010000111001101011010000110110011110110000111010111001100000010101011111100000110100001010000111101010011010011000011100010000110000000010101100100101010000110000100110000100110100011101100010010000110111010001001100110010111001	906627.0000000002	-4.6674934309999996E8
22	10001001101111010000100101111110110000111001010001100010111101010101101011110110010111000111011100001110000001010011111010001111011100111011011100110011010101100111111011100001100110010010101010011110100110000011111000011100101100100	1224351.2000000007	-8.734612440999998E8
23	10001110100010110000000101100100001000001101100111100010001101000101100100011111110111011010100000111010110111010111000010101100010100001110011110001000110010101100101000100001001100011001110011101001100011010100111111000110100100011	1001362.0000000005	-5.747916509E8
24	00010001011001111110111010000010100111110000110010000101010111110101000100001101010100110010101101111111000110000101110100010111010110110011101100001100100111010011011001101000010011000001001011000011111001011011110110001100111100110	1150542.0000000007	-7.677083977E8
25	01110110010100000110101000000110001111100111101101010100010100101011111100111001101111101110001000111100111010000001010000000010011101110100111101111111000110101111010000000001110111100011100111011101011010011011100110100001000001111	1051296.2	-6.362628241000001E8
26	00001011100100000011001010100110000111000011110101110010101000110111100100100000101100010001101100101011010010111111110010101000000001011110101001110010011001111101000000011100111011101100110111001001100110111110011101110011111000000	1022263.7999999999	-6.001427208000002E8
27	10001100010101010111011010111000001100010000110101001011011110000011110111100100111110101111111111111011011110000111001110001110100001111110000010111101110110011010001101100100101010000011100001001000101010101011001111101110100011101	1180369.0000000005	-8.096227316999998E8
28	10111011010110010100001010000011011110110101000010001011110111101010010111000001111001110001001000101111111010111010001111111011010001010111110011100001111100000010101010101101101101000000111100011111100101100110001111111011000101101	1219204.8000000012	-8.658663620999997E8
29	11000010001000110111100000111000011001001010000111111110011011000000000001000001111110101011111000111010101100011111011101001000001110001010011000110011000100001001100011001010101111000010011001100110001110010010000011100001011101000	991653.0000000003	-5.632020155E8
30	11100110111101100001110100010011100001011010101100100001110111011011100000101111100000011010111001111111000010100100010001110010000101101110111110101111110000110001001111010100001100111110111011101100001100010100011011111110111101100	1173336.0000000007	-7.996391296999997E8
31	00111001111101000011101101011111101110011011000000100100100101111110110110111100101011111001100111010011100110010101110111100010101110100011011010110101100010011001000100101111100111100111010101101011101110011011010110011010101101101	1182095.0000000002	-8.120822354999998E8
32	00101000000011011110111001001111011110011101001110011110111101110100100101011110011010110100011011100110011010011011011010101111011001110100101100010001011110111001001111011110001001101010010101000010000010000110011101111101110101110	1256930.2000000007	-9.223101410000002E8
33	11001010110101011000111010111101101001010111001101010011100100010111101001001111001100111010101100110111111100011001101101011110000001011010111110011001111111101011000011100110100110010110001101110100000011111001110011011110111001111	1226970.0000000007	-8.773387768E8
34	00000111101001011001011100101100101100001110000110100101010010111011000100110110111001001000000100100110100001010100000100110000011001011100110100011100111110111001010101010001000001101000110100110011101001101111011100111010010001011	1034027.6000000003	-6.146514299000002E8
35	11111110111111011000100100000111010111100101111111110111000000000100000101101000000001110101111110101111111011001110100101001010000111011111110000101001111101110111101011111101111000111110011010010101010110001111100000011000001000000	1314068.6000000003	-1.0111928835000005E9
36	11001111001101101101001011010100010100010001101011101111101000011011111110001001001010100010000111011010110110100000101111111011001000100101101000101110000110011001110010110100100101101101101011011011110110110101111001000110100010000	1145907.4000000006	-7.612955092999997E8
37	00010011011010010110101111111001110001111010100000000101011000111100010001001010000011001110110111010111011111110101110111111110101001110001111011111000100101000000001011011101111110001011100001110000011111001101101111010111110100001	1210975.8000000007	-8.537911267999998E8
38	00001011111011010010001100010100111101100100001111100100000100001010100100101111010010111110111010110100000110110101011010100101011011110111000011110100010010110000010100001010111001101000011000100110111011111010001010111011000110101	1037226.6000000002	-6.186266146999999E8
39	01100011111011001110001010010011100111110010101111000000101000000111001111111101111100110011101100001101000111100111100110011000000101111111111110011011000110000101111111000001110110010010010111001001100100110110100011111001110110010	1237346.400000001	-8.927869440000002E8
40	00011111110001000111100101011100001100010110010100111110000100000111110111000100011110010100010011100010100100010101111100011001011110010010010001100101101011011110110110001110001010001100011110111001011100000011001001111111000000110	1096410.0000000005	-6.944846615999998E8
41	10110110010101010000111110110101011110110111110011000000110010011001001011111010010111110101110011001010101111010101101001110101101000001101000000101010000110110011000101100101100111010101101000110111010101000011010001010001001110100	1108967.8000000007	-7.111443713999997E8
42	01001011100101100101101100010011000011001100000111111110101110100100111111000100100000100101111111101100100111101111100001001001101001111010110100101000000001001111100111100101101001001111011011001011011110001011011010111011111001011	1172230.2000000004	-7.980752458E8
43	01011011101111010010001001100000111111101100001110011101011001111010101001010111100010110000111001000111101100100111101100010011100110110101001010000010101110000001110100000000100000100111011010011001001100001000001011000010010111111	1025794.8000000006	-6.044793248999999E8
44	10000100000000111000000001100100011000001100100101110010011111000101111101001111111011100110001001100101000100111000011010101100000101000000011101000000111000001111010000001100001110011101001000011000001010001111110001111100000111101	890857.8	-4.498561610999997E8
45	00001101101100111011000111011110001111110101010100001101001001111111110101011010001111000100101011111000101010010100110011011011000100010010001101000100111101011111110001011011011000100101010110011100001101110011010110100100100010000	1152410.6000000006	-7.703014356000001E8
46	00001001110100000001011000101000000000101100110010100010010110010111110100111110011010101101011110101111000001011010011000011101101011110011000100101010001000001010000010001110111101000000000101100100010000101100110101100111101010001	906527.6000000002	-4.666419391999999E8
47	00001101110000110101111010000010001100101011010110010110111011111010010100011101110101111111011010101011010110001001101000111111111010100100011111010010010001001100101101111100101011010110100110111101100110000110001100100110010001010	1200021.0000000007	-8.378476552999997E8
48	10001100100110010010001001011100111010010010010010000011000000000001000011101011011100101010010101000110000100001001111000011100110101101000111110110101001100111100000000000011010110111000011101000010001101110001101110010101001110111	853851.1999999998	-4.1143444660000014E8
49	11100001111100010100110000010100000111101011100111011001110101001010011111111101111100110011101101001101000111100111100100011000000011100111111110010010011110010110000010010100001100010110110111011111111001111100101010110111101010101	1093912.6000000006	-6.911948708999996E8
50	01111111000001111010011100110110100011101001001100000001011011010010101100001110100001110001000001100101000100101010011010101101000101000001011100110001111001100010100110110110000001101100111110010011010110110110111100001010010111100	1028013.0000000003	-6.07211718E8
51	00110100100010011100110100001000010101110010001101100011101001101001001010000111001010000001000011100011111011101001100111110010000100101011011010100100001000100100100101001110111110101010010001011000000010101110011010100011110010111	988538.8000000002	-5.595096518000002E8
52	10101010110110010101101011001000111100011101110101001110011010010110111001111010111001011001111001100111010010011000100110000110000110110110000001110010001100101010110100111110010000000001110110000101110100100010100011001100001110010	1098313.4000000004	-6.969970968999997E8
53	10000100001000101000101011101111001010110101000000100011010011000000001010100100111011100101100000010001000001101111001011001110011100110000100100010000110100100000001011001101011010111010011000000111001111010100000000011110011111110	898700.8000000004	-4.582192321E8
54	01011101111100011101101010100100001010100100100001101011111111111111101010111110011100001010001001101111111100110111110010100100011110101100010010000110011001010110011101000110011011000001000111111010000100110111000101001010011101101	1162679.8000000005	-7.846304476999998E8
55	10100100011000111011101101110010101010010101001000000010100110010111100001101001000011110101011001110111011110010111010101010011011111111101100000111000000100111011000000111101101110111010001001111110111110011111001010101001100110111	1141272.0	-7.549084958999996E8
56	11101101010100001110011110011100010011110101111010010011111100001010110010010110000111100000000111111111011111011010100000000011010011111011010100101010101100011110101000101110101101101000011101010111010110111001101101100011000000100	1151311.0000000007	-7.687748053999999E8
57	00001101000010111100001000001101001110010010101100101100100000001110110011000000011100110010001110001000010100000110001100001000010001000000001011100000011000001000101000110101011101010001010010010000000010101111111001001100000001100	763875.4	-3.251709353999999E8
58	11110110001110011001110000001100010101000100111010010101010100000111111100010001000111011001000010010111011100101110011101100011011011011100100101001011101101101000010110001010011110101000000011001011001010001001000011111001100110101	1070050.8	-6.601572347E8
59	01110001010010111100010001111101110010111010011110111011101100000001100001100000010010110100001000011100011001101110111100110111010101000110011010000110010110011001101111101001110111101010000110011010111000110111000101111001100011110	1218807.4000000006	-8.652813216000004E8
60	01111010100000011001001001000100011011011110110111011000100110000010011101000001001001111001010001110101000001000011001000111101101010001010011011011011101111010001001001111111110100100101001001001101100101111000110011001011111111100	1123952.8000000005	-7.312828057999997E8
61	01000100001000100101010100010000000000010110001000010101111110000100101000000101011111111010010111010000010110010101001000110101101000001100000000101100000110110001000110110110001101011100111110101010101111100010000001101000100011110	915910.6000000003	-4.768403663E8
62	11111011001100010011100001000001101011111100010010001111010101111100110000001010001111111001111110011110100011000111001011010100100011110011110011010110010001111010100010001011010110111000011101001101010101000100010000111110010110010	1080313.2000000004	-6.734184061999998E8
63	10111101011001001111001001000010110100101000001100001111110100111101111111110110101101101001011111001001010110101000011100101111001100000111110110100100110001101000100010110100001000111010010000010011100111110100101011110000011000011	1058138.2000000002	-6.449287981999999E8
64	11010110101011001101001100001011110001000111111100111101101000011100001010100101100101101011010011110101011011101100111111001100110101111010101111001011100011110001101100001100110101010111000001111110101010111100100111100110111001110	1243683.4000000008	-9.022877233999999E8
65	10001001110111001110111001111000010000011001101001111001110001010011110001010110100111000010111011100000010010110001011111000000000100100011011001000010011010000001000010010100001100010111010111011111111001110100001010111111011001101	941429.0000000005	-5.051341816E8
66	10011100010001011111111101010000110111101001010001110110100111100100100001110110110110001011101001001011110111101001100101111011000101110000010111011110101111110101110000011110100101110110010110101110100010000101100000111111101010010	1208951.4000000008	-8.508334193000001E8
67	11001100011100001111010110011001011101111101111000001000100001100000000110001110111010001010001101111001100100001110110110111000110011100111011001101111110110110011100111100000111110001000001101110101110000000010000100000010111001011	1191062.8000000005	-8.249215516999998E8
68	10111100000100010010100111001000110001101001001010000000100000011001000101110100000111111001110110100001110100100000000100010111100110001100010001011010011111100100011000010011111101011011000000011000000111001010000110111000110001010	880509.0000000003	-4.389389464E8
69	10000011111110111010010010111101101001011111001101010011100100010111100001001001010000101000000101100111111101001001110111000011001111110100001100111101011001101101111000001110101001011010111000010110110001101000001101101101110010100	1149927.0000000005	-7.668558315E8
70	11000110100000011010010111101101000100110100000100010100100111111010000001110111101000110001000100111000111000110101110101000110101011010100101111101011110111110011011100101110000111110011111110000011110111111111101011110000011000000	1187451.4000000008	-8.197388956999998E8
71	00110000100100011101011111000101100101111101010111111101000101010100101010110101111100000000111110110000011111111001101111011100110011101101100010111010010111111101010110000000001001100001110100001111100011011010010001110000100100001	1185240.8000000003	-8.165747680999999E8
72	00010000101101001100010100100101001000101100010101011111100011101101110010111111110101011110010011100101011000000100100110101100010010110010100001111001110111100011111000100010111000001100010101010001000011100011000111011111011001100	1091469.6000000003	-6.879844335999999E8
73	00100011100011010101110000010001101010100101000111101100100110001100010100110100111011010001101110100010100101000101001110011111001000011110100111100001001110001100110000001111111010111100010000100000110010000011110101011000101101000	969184.0	-5.3683339829999983E8
74	00101101000010110010011000001101001011011000011110000101101010010111110111110000110100110110101001000111101010010110010101000011100000001110001001000100001000011000000010100011111111000100110010000000000110011011111001101100000101100	880497.6000000001	-4.3892682059999996E8
75	11011000110100000101011110101001101100101001001110111001110110001001010010001001100011000011001110000111100001001100111000001111100001110001100100110001111110010111101010111110000011110000010001101110101010010111010011110111111100010	1154048.4000000004	-7.725778534E8
76	01010101000000010000001001000100001000100001110001110110001000011010101000000001101010001010000100001111010101100001010010001100000000010000001010100101011010100000100100101110101001011010101000001000101001010110011000010000101010001	770331.4000000001	-3.3102320679999995E8
77	10010001001100001000101011101010110001011101001011111000111111000001000011011101010000100010110100001011001011001110001100100011100101011010001000010001100100001001110000100000110010110010001110100110100010100000111000100111000001011	910824.2000000004	-4.7129821790000004E8
78	00001111010011010111101110011011111000101000001100000110100000101101001110100100011101100000001010011111110110100011111010000001100110010000111111000110000100110111011110111001100111000010010100001110110001101100101001111110001011100	1173965.4000000006	-8.005301744999999E8
79	10010101110001001101101010100011100010101011100110110110100011111110100011100111010011100110111101000010101001010100011010011010111011110000101001011101011010111011010111100101011001010010101101101101100011001011101111001001110010111	1196211.0000000005	-8.323376609000001E8
80	11111110010001000111000010100110001111000001110001110100010001001011101010100011000011110110111011010100110011011011111100010100010111010111110101111101001011001010011001111011000110100101101000101110100011001110010111011111100001110	1253748.800000001	-9.174814561999998E8
81	00001100111110000011111001110111010010010001111011101101001110010010110100000110101101011110110101100010010110011001111001101001111010001000101011001100111100110011101100111100100000101000110001100010100100111000101011111001011111001	1207384.6000000003	-8.485479603999999E8
82	11010101101001111000101011000110011001101110001001111100111101111010001111010100100010011010111110010001011111111001011111001110000101111101000000111010101011000011100111001001100111110110010000100110011100110010010001100000101001010	1189288.400000001	-8.223731955E8
83	01100100110110100100010000010100100001111000011011011000001011000101010010100101000010000000111101110101001101000010011100111110100111101010001101110010010110101011100011000010000111010011000111100001110100001100011111001110011000111	1027607.2000000004	-6.067114896E8
84	11111101111011001101000101011100000011111101001010001100100110010001111000100110111100001100001000101111010100010000110110101101110111100000010101110001111011011011100111100000000100100100010101111101011001001100000110011110000100000	1140256.0000000005	-7.535121840999997E8
85	01010000101010010100101111010100010001010010011110111101010011001000100001101111000001000110100010011111101100000000010110100101000101110000011010111010001001010011011000010010111101101111110000111010011110111000010100100001010000100	958857.2000000002	-5.249264005999999E8
86	01111110100101110011000110100110000111000011110101100010100110011110010101100011101111001111010101000000110010011011001101010100010100010000011110011010100101010011011001101000010011000001001011000011111001011011110110001010101111001	1099441.0000000005	-6.984875959999999E8
87	10100111101100110100011111100110111001011010110011001111000111100001000001010000101101100011010010001101110111110000001011000000000001111111111000001001010000001011101100111000001100101100110101001100100001111001010001001010101110000	1111089.0	-7.139781491999998E8
88	00111010111001010001100111000011001110110010001100101110010001001100000010001110010010001101110100011101011110111000110111011110011111011001001101001110010010110101101101111100010111100010000110101000111101111101100001011010101011011	1263640.2000000007	-9.325362997000003E8
89	11111111011000000101111011100110100101001101011000101011001110010011100000100011000011110110111011101000011001110010111001111101001011001100110010110011110000010001001110110100101110001101010011110110110100101111101110000011110001110	1176390.6000000013	-8.039675834999998E8
90	10001000111110100001011101000101000111000111100111100110001111000101110100000111110110011110000000110010110111010110010010101100000100011001100010000100101100110101111001001001000010110010011110010010110111000001110101000000111010110	1058925.6000000006	-6.459300439000001E8
91	11010001010000010101001010000100110100010101001001110100101011101110101001111100100011000110110110001001001011101101111010000100101010111111011101111001001010001000101010110111001100111100110101101001100000101010010010110001101000001	1089374.6000000003	-6.852373645999998E8
92	11111111001001111010011110101111111001011101010000001001011010111001001111000010100110100101000001111110110001001000011010001101111110001001011100010110011010101111101101011100001011010110000110110000000110000001101110101111001101101	1219191.200000001	-8.658463315000002E8
93	10101101001000000000001001000100001100100011110011100001100110011101010101100101101111001011010101000100010010011011001101000100010111100000001100000110001110000001110111100001111100100100100001001010010101101101100100001001110011101	1001206.8000000005	-5.746055167000003E8
94	01010010101000111010111111110110010000110010101010010101111001010010011110100110010011101110110000000001000011111010101110011110110110101001111101101001001011111110010011001100110011011010100001110101010111110011101010011001101100101	1169390.0000000005	-7.940648521E8
95	10111101001000010000110010111100011111001110110110110000011000010100100010010111011110100111000100011100000000110001100011000001010010000100000100101010000101111110001000000011000110100110010000010010101000010101101011110000011000011	808203.2000000002	-3.6640302790000004E8
96	11101001010101101010100100111011100011101101110101001010100011111110011100110011101101110010100101001010000111001111001001101111000101110100110101000100101111100011001011011100101010101110110110111010110010100100110100111001000101110	1206176.400000001	-8.46787616E8
97	01011111110111010001100110111011110100011000111101000100001001000110000110101000111011100110101101010000111110001111010110110000000101010110011110010100000010110111000001011010111000101000111000100110111011111010001010111011000100001	1056274.8000000003	-6.425629350000001E8
98	11010001011101001011001011111000000110010001100100111111001000011110110011000000011100110010001100010001100110010011100011000011000010100000100100011111100110100100111000000111100010111110010110000001001110001010010010110000101001011	914300.8000000005	-4.75082821E8
99	11001001000100101011010001101011011011101011101111001000011110100001011100101001011010000101110100111101100111111001110111000100011100100011010110011010100110111001110111001100001010111010010001100101011111011100011100011001011011110	1241695.600000001	-8.993021046000001E8
