SOLUCIONES FiN 

0	11001001101011010000010000101110010111111110111101001100011111011010111010010011101000101100010101100010100111001000101101100101110011000001101011100111010101110111111101100110010010111111001010101011010101110000100111010010101110101	1384620.9999999998	-6.358082141999997E8
1	11110000011111010001111100011001100100000110001000110011111110010101100111100101000111110110000000011010000101000001111110110111101111101110100101100001100011101110101001010011001001100001010011100110101001010110100100101011101010000	1231170.5999999999	-4.9866306170000005E8
2	00011011010111111011100001000010110000010000100011111110110110000100001100010001111111111010011100110100110110011101111100001110001101001011101001000101101011111100001010010101100111100101000001101000101010011110100101011111001000100	1202592.0000000005	-4.749592724E8
3	10000100111000110100011111001011101100110110110110010101100110111111011110001101111000101011001001110101001101010000100100001100111101100000100000000111110101101010001110011100001100010011001110001010111001001010111111110010010011000	1223870.1999999997	-4.925530936000002E8
4	11000000110001111001101011010111010000100000101010000000010100001101001101101100010011101001010101000001000001001111110111101111011111001010010110001100011000010010101010100011000110101110111001100001010000011010010000000110000010011	1095134.4	-3.909968625E8
5	00111111010100001001110110001111011010001011100001001100011101111100001000001010111111110011111110100111111000011111011110101010110100111000101101010000001111110010011000010101110010101110111111011100010011110111101000011100001101010	1287825.8000000005	-5.473604743000001E8
6	10000101000101110010000001111100010100100010010010111000101011000111110010110101001000000100101101001110110001001011110110001101101000000100100000110101001110011010001110110101100111101001001100101001111000100010000100101110110110110	1153046.4000000001	-4.352328160000001E8
7	01010101110111110100010100101010011000101010000000011101000010110011110000110000110101011011110101111100100010100001010000010110111111111101001111001101101111000101100000011100101101011011010110011010011110110000000101100010110111101	1225447.7999999998	-4.938702424E8
8	00010100000000111110010001010101111110000111111001011010111111010010011010111000000110001101111101000110101010101111110010001101110111001000110001101110110110001010010010000000010110010100010010000110000111100100111110010001000111100	1141595.4	-4.2629793790000004E8
9	11011011011100000111101100101001011111111000101100111011011111001010110010010100111110101111101011000001010111011001001011000000100011111100111101100111010100110100110001101101111000010011011110010100110110111000010101000111000001001	1321884.9999999995	-5.777276089000001E8
10	11011111011000110111101010010100011011010010100000011010001111110111010111010110011011000011010111111100110111111011000010100101110111110100100100011000111111110111011100111001010110010101001110110010101011000000100000001011110011010	1420081.5999999996	-6.698679169999999E8
11	11000100100001111101000011011011101110001010111000011001010110000100101010000000101100100000001101100101110100110101101001011011110100110100000001110111010111001000011110010111011110110000001010001110000111001011110110011100110101001	1209026.2	-4.802458234000002E8
12	11111111000000110100101011001001100010101100011011010011001010011011010110110011000111010001111101001010001011111111011000011101111010011101110000001101111001100100111010110101111011000011010110000010000111010110100001101000001000011	1302922.9999999998	-5.607200304000001E8
13	11011000101011111011000001000010101110110111111100011010011011101100101110110110100110000111010101000101111100011001000111111111100011011110101110111111010100010001001111101011011010011100101101100001101100001011010111010011100110100	1459229.9999999998	-7.085016337999997E8
14	11001010111000011100010001111011100111010101000010111110100101110010100101011111000001010100000100010001111010000101010010111110011010100011001001111111111010101110000111011111001100110101010100101101001000001010110011110101000011110	1300281.0000000002	-5.583704654E8
15	01111111011001011100011110101001111011110101111000110010010001101000111101111000001000101110100100101011011111000010011010100111111010110000110100000000110111011011111010011110011001101011111100010001100011001010110001111101100101011	1369499.2	-6.215542006000001E8
16	10001000101100101001010111111100100111100011101101010001011100001100011101000111101101000110110110000100001100001010111111000110111001011100110101100011111010010110110001111100011010011101101001011111000100100101010101111000010000101	1298720.6	-5.569850471999999E8
17	10100001000010110100011101101000110100101011001110011010110101000100011000110001010010101000011101000110011100100111101001100000111001101110000100001110110100001010010010000000000110010100110010000011101011100100011011000000000100110	1008372.4000000001	-3.291589102999999E8
18	01110111100011101100110010101101111011101100000000100011001000001101110010000110000101000110001100101011001101100110001101100010010101100011011101000110101100011001100000000111011011100000110001010110010000100100010101101111001111101	1096418.0	-3.919514226999999E8
19	01110000111100110101110010101100110111011110101100011000011001101011111010000111101101111101011111010111111101101111001001000101110011000001111100011100111110110010001010111000111111010101011101110010001111011011011111000010000011000	1405111.5999999996	-6.553808841999999E8
20	00111000111011000001010110011101001111011000101010001000011110001110000000011010101000100001000010100000101101001111100100010101100001101010110100001000011000111010001010010011110010111101011010110010011011000010010100000110111111100	1058572.4	-3.642894419999999E8
21	10100000000011110000010010000100001111110010100111001001010101110101010001011000011011110011111100010010011000100100001110001010011101100101000000010010100001001001001011010110110000101001100101111001000110011111000011000000000100010	1036735.3999999998	-3.4878869379999995E8
22	01010011010000101101110000111010011001100101001011001000001100011100001111111001000100111001000101111100011110011000110010000100100100011010100011100001110111101000001010010100101010001101110001111011100000100101000100000010111111001	1093810.9999999998	-3.9001357E8
23	10000100111000110100011101001011101100110000110110010101100110111111111110001101111000110010111111110111010111000010000111010001010101000110110111110011000011010000011100110000100000000011010110010101010111110001010111110010010111000	1268538.4	-5.3052766160000014E8
24	10111100000010011000001101101110001010001111000001001010000100001101001110010111111000011001100101010001000011111101110001111001110000000000011110000011101110000010110000111011011100001101110101000101000010100001110010110101111000101	1138942.2000000002	-4.2424104250000006E8
25	00000101010011011111010000101110010111101110111101001100011110011010100110100001001101001011011111101100010001111011010010000101110111000101110001100111010011111001101000010111111000111111111110010000110110010100011111000110100000010	1287895.5999999996	-5.474220044E8
26	01000000011001010000101111100001000000101010100111100101100000101010000110011100010111000011111100111010001011101110100110000000011000100010010011101000111110111011110011100111001010011010011101111101011100001000110000011000101111110	1206719.6000000008	-4.783473541000002E8
27	00010001000111100110100010101000100010101100001011010011001010010000100011100110100011011100001011111111110111100000111011001010010011101111000000010110111000101010000010100000100011011100010111111101101001111100001101001111100110110	1136702.9999999998	-4.225088886E8
28	11110010000011100101111011011111110011100001001010101110000001110100001110011101000111001001000110001111000001100101010010100101101010100101101010101110100100100101110111110000100001010110111011111001101011101011110101001100011110100	1312426.8000000003	-5.692124116E8
29	11001101001100010100011010001101100101001011000011101000000010101010101011011000001010100100000110010100011101100001011001101100000000011101011000111101110111000000110100100110011000111011000111000100011000000110000100110010011100011	1074549.4000000001	-3.758439377999999E8
30	10011100011101111000111110100100110101101000101000000000101011101010000110110110001100000000010000010100001010010001111111001110010111011111110101010000110000100100010110100111001100100000111000111011010011110001011111101101100001110	1175375.0	-4.5292144399999994E8
31	01100100110000001001101000000000101110100011000111000100110110110101000000110000101011101100010101100001101100101011110010001000100001011011100011100001110111101000000010010111000001001010110101110010000110101101010100010111001011100	1019767.8000000002	-3.3697720700000006E8
32	11101000101011101110011111110100100111100010000011000001110000101100001111011000100010111100100100110000010101100100011111110110010010110101101010000001000111001100000001110111110000000011001111100010111000000110101110101000110010100	1114469.2	-4.055020038E8
33	01000101000110000000010000110101010000111101010001000110001010010110001000001111100110110101111000010000100010011111001100110101111011101101100110110101000000100010101011111110100110110011000010011010011111101100011101110011110010100	1240770.3999999994	-5.0675493599999976E8
34	11110000110001000011001110011110110000110111110111110110101010001011100010010101110000110110000000011100110000110001100110010111011010000000000011001110000000101101001011011000001001101001111100110010011111011100001000101100001010010	1146220.3999999997	-4.298954829999999E8
35	10010010110110010111010000000110000111101000011000111000000000011011101010011011101101000110111110110001011110111011001110101111000111110110011000001100011100010111101001111110001000011111100100111100000011000110111111111111001000000	1355983.0	-6.089503311000001E8
36	10100110100111010011111000000100110011011110111101011101000011011001111110001100011011011110011101101110110110111110111011001011011111001111111000001011011111111001011101011010111100001001001010111001001111000101001010100111011001101	1530472.1999999995	-7.815862594999999E8
37	10100001000011110000010010001100001111010010101000001100011011100110001111001000100110100100100111011100101011001000100011100111100111100010000010000011101010010101101010101111100001000100111001001110110000011111000011000000000100010	1130262.2	-4.175462822000001E8
38	00110110011111110100001101100101000010001100110110110010111011011100100101101110001111010101110000010001111011101101000010011100110100110100011101011110110011100001001110100001011001111101101001111001101110001111000111110010100100101	1318052.9999999998	-5.742698897E8
39	01010000101010100101010001001011100110000110100000110111111110100101000101011100111101100110100011100001101000010101111110010000100100100011000101001000010111011111011101000001100000101011001100101000110110101101010111100111001101001	1169058.9999999995	-4.4788236770000017E8
40	01110010101011011100000110101110011010111000010011011001000101100110010000110001110010010110011111010001000001111110110010100110000110100110111110001000100101001101011000110001101100011111101000010001000000001011010000111101101010010	1176283.2000000004	-4.5364842859999996E8
41	00001111000111011011100001000010110010011001100100110000101010000010100001101110000101010110001110101000110000100001001001000010000101000100100110101111101001011000011000101010011101010110111001010100101001101001100010100000000000001	1010332.9999999999	-3.304975084000001E8
42	00011000100010011010011001111001000000010100011011010001010110101110111010001010001011010100101001111000110010101000000101001100111110000010010100000000110000011000100000000100000110100010000000110001101110101001100111000010010101011	888407.3999999998	-2.5241897820000002E8
43	00001000011101000001001011111000010100100111100100000010010000001000001101111111011111010110110101011110010000000111110001000010010100011000100001001000011111101010011101000001100000001011011001101000101001101000100010010100000000001	997011.6	-3.2145548059999996E8
44	10111010011111010101011111001111001000011010010111111001011011010010011011100101101010001011000100101010000100001101000111111010110011010011010010000111101101101010011101100110110111010000111101101000010100100100011111110011101101010	1298678.1999999995	-5.569475045E8
45	11010101101010100101010000000100100100101111001100101000110100010010101101111000110111000011001010100001010100110101110011011010110100101000111100111001110101111100100001011011101001111111101110001101101110010001110010000010110011010	1251557.4000000006	-5.159250937000001E8
46	10010001110000000000101001000000011010100100000110100111010110010010011000101011001100011000110000111010001010010010110011011100111000011000001000001011110000110001000000000000010110010010111000100010010000100011000001000100010011000	841947.4000000001	-2.254315532E8
47	00111101010010000001010000011011100101101111101110010111111111001001011101100110101001101101010010011110010100100011010000110111110001011100101111111011010010101010010011010111111110011010111100110111011001111111111001101100001101011	1350839.6	-6.04187985E8
48	10101101000110111001100101100110000101111110110000011011000111100101011010101110111000011000101110111010111111011001100000111001101010111011010101010001101010101101111000110111111101000001110101010100101000111111111000011010110111001	1387342.7999999996	-6.383910049E8
49	01101111110101101000100000011101100110110010110100011101110010100111010101111100110100001100100100101110111100010100101010010110001100101011010111001101010110011010001111110101001001101110011111000000110100100001011110001100010011001	1311929.1999999997	-5.687662307000004E8
50	10010111011100001101010110001111010101111101001101011111000110011000101001111100000000100100010010001101010001001101110110110110110100101111101010101000000101111001101101011010101011011000101001100011101100101011110111011001111000110	1344777.4000000001	-5.985988279E8
51	11010101110001110100111110000011100111001010010000101101001101101010000111101110000110110010000101001110111010000000111110101010110011101010010001011010011111000111001000011100100010010010100000010110010001000010011100111111010101001	1182017.8	-4.5825202450000006E8
52	10000011111111111111010010011111111111001101110001110010101111111101011111100110110011101011001001101001001101111001000100110111001011010001010101101001010000110001011011101001010101100010101011110101100110110100110101100110011011110	1419870.4	-6.696623781999996E8
53	01011001100111101011101100111111010100010011101110011010101110100011100001010011111010001010100101001110001010010110110101010111001001111100010110100111101110000111010110100100101110110100111001110101010010111010100010100010110011100	1330376.0000000002	-5.854257027000002E8
54	00010100111011000011011111111010110101010011100111001100001111100010100101001101110111000101101100000000001011100000010111101101010010101001110110001101111100011011100101000011111110100001101101101110001111100001101010011010010111010	1243442.7999999998	-5.090191971000001E8
55	00111110000001010101111001001101110010001100100011001011111110111101110000100011110001011101010010101000101000100010100111000011110110110001010100110000000100111010101011101101011101100111011001101010100001110000110010110001111010100	1226359.4000000001	-4.9463216510000014E8
56	10000101111111010101011101110100101010111011011111100010111111010001110111110011101000101110101100100000000110110111111001001110111110110101001001011100111100010101011110110011001110001000011011101000001111010011011011101010110101111	1453151.9999999995	-7.024324334999999E8
57	11111100100100101110111001010000100101101011000010001110110110010111100110111110001110111011110100101010100010011011110110001111001011110101111000100101100110101110011001001111010011001101011100111010101001101000110010100111101111010	1324333.9999999998	-5.799424866000001E8
58	01010001111010100101001001001001100100000101001100111111010001011100010100011010100000001011010000101011000001110100100001011111100111010000010111010110111001010000001111001111100010000100010011111011010110101101010111100111001101001	1176554.5999999994	-4.538658004000001E8
59	01010011110011000010001001001010101100001110010000110001000011001010010101011011010010000110001111011110000010111100000100101010010000000101001101011110011111110001000001010000010111100100010010011100001011000001010111101000010001101	1040747.0	-3.516110160999999E8
60	00101101011011100010101011111011001100010000000000110000000011101100000101110000000000101000110101100001010100110000011001001010010101100000011001101100100100110010000010010111000101001010110101010011000001101001010100011010101000010	919601.4000000003	-2.7139496379999995E8
61	00010100011110011010011111101000101001100101010000110010010100111011111111001100011101001011111001111001110111001110100000010100110011011001100111100111111001001110111001011101110100101110111001111001010000100100001001011111010010000	1336587.8	-5.910896990999999E8
62	00101110001010110010001111101000111111110001100000010010001101111100100000011111001011101100000110010101001101101110011100110001110100100100101101010110101010110111000000001111011010001000000010101011111001110011111000101010111111100	1176466.2000000004	-4.5379494779999995E8
63	01100100111010001011011100110011001010110100001101001110011100110101111111010011100011000110011100001000111011110011001000101101001010110011100010011001111000110011011100011100011111100011110001010101110011100011011000100000101111010	1298796.5999999996	-5.570526109E8
64	01100110111100000100100111000011110111100011100010001101010010101110100010010010011001010001101101100101011011100010111011111010101011011111110011001001110011011001101101010010101100010000001001111011111100110111101100110111100111010	1370175.2	-6.221879703E8
65	00010110010101111011110101011001011100100010011111000100011011000100101100011111001000001011101011010100001110110000111111001010100000111110001000110110101101101010000100111000011001001011000100100100001011011110101011101011110110000	1214518.2	-4.8478115580000013E8
66	01110111101010001000101011111110010011100101010001010101011000000101100110000100010111001010001010101001100011101000000111101010011010000101101101001111011010111100000110101110110000110001001100111011100100001010010001111011001100110	1209008.0000000002	-4.802306793999999E8
67	11011010111000101011000010111001011001001010000110101100100010000111010010111001110100000001011101000000100110011011110111110110001110011000101011001001111101100110101010101010100010110101010111000100111111110010000001000000101011111	1257338.2000000004	-5.208733322E8
68	01001000101010000000011100010000001011101000100010001011001010100001001110001001001001001001010101010100101101000100010011110101010011101010001111011110011000110010100010010011100001011100110000001100111110101110001001110101010000110	1045680.0000000002	-3.550971562999997E8
69	11011011000010001000101111110100000011010110110011010100100110000110110101100011100011100001101100100101000000101111001110100000100111110101111101000001000100111111101110101001000111101110101100001010000111100100000110001010010001001	1229772.1999999995	-4.9748993150000006E8
70	10011011111000010000100000101111111111011001111111011111101110000111110111111001110001111000011110000010010011010011011101101110011001001011101111000010010011000101101111110001010101010100101101100001101010100111010001011110101010001	1416081.8000000003	-6.659817085999999E8
71	10001110010110101100101011001010101100011111000000100001000011001010100101001011010010001110100101011110010000000111111011011011110110111100001100011111011010001111001110011110011001010111100101100010100110111000011000010101101111001	1299427.6	-5.576125240000001E8
72	10111011111001101111110111010001100010011101100101111110010011101101011010111001100001001110001001000001101100011111111111011011101110000111000011000111000001110001110110111001110110010110010110000100011100100011110000011100000000000	1377853.4000000004	-6.294088885999999E8
73	11101100001001101111011111101111000100111011011001001100000001011010110111000101000110100001010101011010111001110100010010000011011000011110110111000110000001100011001110101011111111100011101000011110000110000100010010110111111011100	1282067.7999999993	-5.423076715000001E8
74	01111111000000110100101011000110111100011110011110100111101000111011100001010000100100101011010111000000110110110010011111100011010101111111011100010111111111111100101110100000000110001001011011100011100111010110100001101000001010011	1364701.4000000001	-6.170654735000004E8
75	11010000000010100000001111101110001101101010111100111000110000101110111111111000001111010011011111001011101110001010001010000000000001100011110001111011100110111001010111011100001010001110110011010111101101111010001101110111010000001	1288834.2	-5.482477687E8
76	00101111101100110010101011110110101000010001010000001110001010111010111110111111101010111011101111001111110110110011101110110000101100100010111001111100101111011111011101000000101001000111100111111111010011110011000000010110111101110	1432037.6000000006	-6.815518995999999E8
77	01100000100100011010010100000001101110110101101010101001110001010111101010100100011110011000101110111001111011111110111100010100110110011100110000110111101111001000111101100101011111101111010111100111101001101110110100000001000011111	1386277.8	-6.373797960999999E8
78	11001100010000000000011110110110101100100010111000101001001111010100101100101010110001101110101111000111011101000010110001111101111000001101100101100100111100000100101000100011111000111001100100010011101011101111101011111010101010001	1200371.4000000001	-4.7314164069999987E8
79	01010001000100000111010111010000011001110110001100100011000101110111001011010100001001001111100001000110011101000001101101010001111010001010101100001100111100001010000110111000001110001001011001100010101010001101110010000011101001101	1122947.8	-4.1194610520000017E8
80	00000111000001110001001001011000000001000001011000000010000001111110010111101010011000110101111010111001100100000001110110111000111101101000111000001100001001001010001001111100100101111101000011000001111011000100100110001000011010010	1066134.7999999998	-3.6973608549999994E8
81	01011010100101100011001010101011110111110111100000011011001101011111001011101000110100001010101011010111001110011111100001011001011001110011100010011001111000110011011100011100011111110011110001010101110011001011010100110011100111001	1341958.2	-5.960085430000001E8
82	11000011010000011101000110101110011010111000010011011001000101100110010001110111010111001001111010100100000000011001101000011101010010100010101110101111000011010101101010100010000111100011100001110110110101111101110111110001011111000	1194141.5999999996	-4.680610696E8
83	00001100011110100011100011001011100100011101001100000110001010101100000010011000010000110111011111101001010101001001100101100011011011110111100111110001100010111110001000011101010111100101100101111000100110110101001100100000111000100	1196114.7999999998	-4.696671688999999E8
84	00110000101101111100110100011111001111100100100110100111011110000010011100101011001100011000110010111010011000101001011001100100000101101111011100011110110011111101100101011111001000101011100111111110111100100001110010110101111100011	1350386.9999999995	-6.037697701000003E8
85	01101001011111100100111100110011111110011100010110010110101111011110001001011111011001100111101100111001101010011110101000100110001001000100101111110100100101000001011101001001010000001011111110101011110100001111110111111000110111001	1358601.4	-6.113818851000001E8
86	00110100010111101001101101010001000001010111000010100111000011111010111001010010001010111010111110000101111000110111111100011110011111111001001010010001100111111110111000111000011000100010000110111100110001101011101110010010111100101	1353599.8	-6.067412432E8
87	10100111001100011001000011111101001110001100011011101110010111111001101010100011110110001011010010100010001101101001000100111111011010001011010001010110111101010001001011010101000100110100001010000000111001101001111110010110010000100	1227530.4000000001	-4.9561169770000005E8
88	00111011010100101001110110000110011110111010011110010011010000100001010001010111001001111111011111100100100100000001100011010110001000010100001100010001010010110100010101001010001101100011011000001000011111010000001111000001000101010	1065526.5999999999	-3.692963905999999E8
89	00111000001010101111001001001110111011000110110010110000100001001101001000011110100011100100100100111111010111011101111010001111000101101111101011001110011100001010110001110010000000000000110110111000011111010011011110011100011000101	1289826.5999999999	-5.491217798999999E8
90	11110111010111101000100100110100110001010010000000110110011110100111110100101011001011001010111000010000110001000111111110101010110111101010010001111010011110000111011000011000110000010010100000011100111100000100010000000111001001001	1198492.4000000001	-4.7160642570000005E8
91	10010110000100000010001011010001010010010001011000010001100100001100100000000001111001010000011101100011000011001111000101011100010000100100111101110000010101001100010000110000000110011100110101011000000010000010100000001110101101101	953936.6000000003	-2.930768012E8
92	10000110010000110011101010001000101101111010110110110011010101111011010101011101010111010100001101011011100101101101010101011000010001101011100101101001010000010000111110110001111111011101110101011000101110100010111000101000110001100	1309840.7999999998	-5.668952345000001E8
93	00111101111001001001100001110111010110110000111000001111101011101000111111011111101100110011000101000100001101110010001110011011111101100111111111101101100100101000000001111010011101110110000000011101000110011011111101111010100000010	1348152.6000000006	-6.017074971999998E8
94	00001000001101101001010111011101100111100010101101110001011100001100011101001101001010000010111010111011010000111000001001011101101101100011000100011001011101011000000111100000101011011111011101011010000100100100010110111001010001001	1151605.9999999995	-4.3410366790000015E8
95	00100001000011111000000010001100001111000010100011011000111001010110010100101010001111000111101010000000110110101000011000010111111101110101000111000111100011110100001010011101100010000101000001001000101010011010100100011111001001100	1103726.4	-3.974099425999999E8
96	10000000111101010110011110101000000101110110100101110100001001111100000100110001001111101110110010011111010110000100101001110110010101100000001110011011110001001011011111101011100010000011001111101000011000000000000010011000110000001	1242353.7999999998	-5.080958730000002E8
97	10010101100100101110001101011110100111011100001010001010111011010011101100101001111000101100010111100101110001100101111011111101001111011010101001111110001101011000101101101110011010010010011111001000010000000111100100111100110011000	1365101.5999999999	-6.174392162E8
98	01110000111101110100100011001011111011110110100111010001001011000001000001000111001011000100001001000111000000010010100001110100011100011001010001100001010100000101000101000000011001111110111010010001000100000001001000001010110010100	959588.4	-2.967255470999999E8
99	00101010111111011011011111101011010111010011010100100111110000100000010111011100110110011111110011011011110111110000110010001011111110001000101101001010000000011011110010100001111000111111001001110010011011101001110110010110111001011	1321492.5999999999	-5.773729657000002E8
