SOLUCIONES INICIO 

0	10010111011101010000100000000111011000100110001011011111011101000000110000101011101100101001011001010101111010110010000110100001110000000001111010110000010110001101000110111111011001000000001100000000111100110000001011100001110000000	1083456.5999999999	-3.790567652000001E8
1	11101110010001001000100101110100101100011100101110110000111110100110101011111110000111010110101000110001010010001011011010110000100111011000011010101011001100000101000111000110101011100001101000110010101101011011110001100011110011101	1150126.8000000005	-4.292015587999999E8
2	00000101011001101111110101110111011100100101101011000101111011000010101011010011110101100110110101100010111110010111100000011111110010000100010110100110011100000000011001010001001001010101000010110101101110010110001110001010010010011	1164112.4000000001	-4.4011553059999996E8
3	00101101001111000111000010110000100111000001011111111100100101000010011111000111101000101001000001000010101100100111010101011100100000111001101010110111010001000011101100110001000111010001000100000010101100111010001000011000111010111	1143469.0	-4.2405393500000006E8
4	10110100001000001011110110100011101011000010100101101000111111001111110100101101111010001101000011010000001001010010101001011011010010001110110010001110000011111010101101011010101100000111011000001011101010100110001011001001100100001	1188865.6000000003	-4.5976839160000026E8
5	11101101111000010111111000100101010100000111111001011100000100101010110000110011010001110100111101110100101100000000111101110000000011100001101011011001001010110110101001011101011111110010010110010011100001110100001111110110110011110	1231165.8000000005	-4.943462556999999E8
6	10110011010001101000101010111010010100000001101100010000110011101000111010011000100011000110100010100100111111000011001000010111110101110010000111101111000011001001000010001101000100011001011001011111011101110001111110110000110101110	1094120.5999999996	-3.8686828239999986E8
7	11111110010110000000101000111111000000011001100111010101110001011010111010001110100011100011001101011100101110010110000011000100011011100110000101000101101100011101110101011111011000101101101100001011010110000110111101110001101011001	1245214.8	-5.061078577E8
8	10011100000100000111111001101100111100110010000010011010010000001001010000110111110110101110000100111111110010001111011000101100010000101010110101101001000001100010100001010100000001111101001000000001100001101011010111010011001001001	1037476.9999999999	-3.462885809E8
9	11010111011110110010111110101101101010101100101001000000000010101110100001110001110110101011010000111001100001010010010100101100100100000110011000101001111000110111110111100101001010010000100111110110111100100111011010100000001101100	1210222.6000000003	-4.7706979170000005E8
10	00010001010111010101111100100111110001110110001010001111101010010110111011111101000110000011100100101110000111010001010000000110101111000101101100011110101011110101100000010100110111011000010010111011000011100011000100010100001101011	1169741.1999999997	-4.445469462999999E8
11	11110001100001001010100001000100111110011101001010001001100000101010010011101101010101010010011101000010100100100000011111011001110011011000001011011010110100100000100010110100000001111111010111001111000001100000110010001111111001011	1084107.2	-3.795311347000001E8
12	10110100100111111001101110011101110100010010011001001001111111100100010001111111100100111101111011011100111000101010001011011010011010111010111001101111010111000000010110001100011001001000101101000111000111011110010010111000011011110	1274608.4000000006	-5.311627852000001E8
13	01100010100000010100101000010111011010100110101011000011111100100101100110000111001001001101111000010011101000011010000000100111011000010110100000001111111011111100100000110010001001101001110000101010101011011111011001110100110101001	1079750.7999999996	-3.7636092079999995E8
14	10100001110010110111010001101010001001011001001010010100010101110000111100100111001110001100010110110011100100111000000101100000001101100000010100110010100001011001100101111110110110011100110000110111111001011111010100100101101111000	1152173.2	-4.307899415999999E8
15	01110110000011001100100101000011011001010000011111100000110010110010100101011010011100101101011010000000111101010110101110111010100101000010111011011010100111010110110100100001111001010001010100001111100111110011110101111010110110011	1191046.8	-4.6152075030000025E8
16	11000000000000100110101010101110001000111100110110111100011000100010110000011100101111100001101011010010001111000011001001001101011000101100101101111110011111111010100010100111110010000010010000110100100011111111001011011000000011011	1162057.2	-4.385031719E8
17	01101101110110110110100101100010010111011001101101010001110101111011100011001001011001000110011011010101100111110111100000000010111000111111101111110010111000101110100110011011110101011111101010001011111101100011110100000011100001010	1344407.0000000007	-5.930841563999999E8
18	01000011111100101101100000100111100100100100110100011101101111111110010000000001001010101010100100001001000000000010100110111001101110010000101010010100100101011000111010101011000010000000010001110100010100010001100111111110010100111	1081210.1999999995	-3.7742156989999986E8
19	01111110101101101100011011111110011111010000100001110111100010100111011001010011011101010010101010000100001010001001100111110110110101111110001001111101111100001110000010100111100101100101101101100111111011101110100100100101000110100	1234288.2000000004	-4.9694836100000006E8
20	10101110100010101000001011101000111110011111111100010001010010110010110011010110110100111110011110111001011110100010111001101001110100010110101010110101010001111111111101111101001100110110001110101010110101010010011110111010000101111	1458922.8000000005	-7.020694291999996E8
21	00101110111000001101100010011011000111010000110111101100101000111001100000010100100001110101011110110111010101010101010000000001101010110100001010001010111110101100010011000010010101100110011100011011101100010011111001010010000100000	1046220.3999999997	-3.5240573949999994E8
22	01110011010000101001011011111100010111001110011110100100101110101111011011100100100110101100010110111001011101100100110110010001011011001000101011011011011100000100110011100110111100000011001110111110101110001011000010000001100110010	1227273.6	-4.911124455000002E8
23	01101001000011101100011101000110000101111101011100111011011100010000100001110100110000000100001100101100110000011100111000010100010101000001110101100110101011000000000010000001101001011011011110100100010111011011100110110111001001010	970569.7999999996	-3.012515337999999E8
24	00111000110010111101010110011001101011101100110001010100001101001110010100010110110101110010010010110000000111011110110011110111000110001110101110101001011011101001011011100010110011100000001001110011110000010011001100011011110000000	1257074.8000000003	-5.161443533E8
25	01010000010011100110110111001110111110111011110101010000000111100001001010110100101010100100111111000100110110000111010110100001000000011001001001001111100101010000110000001000111110110100010001010111010100001010010000101010010101001	1047095.2	-3.5302063069999987E8
26	00010110010100110000101010111111010010111000110110011101000011111110100111001111011100100101001001101000110010011110010010100100111110010011011011110000101010000011100001101111110010010000111111110000001110110100000001111100100011000	1195843.6	-4.6538623559999996E8
27	11111000011000001000111100001100000111010011001000010000111110001101000010010100000000110011110101010001010010000101011110001110000001010101001111011000111100101111000101001001110110101001011110001110111001011000111000000010010011000	1087089.7999999996	-3.81709233E8
28	00110100100011101111110100001111001111011100010011111111110110100000001110001100000110100010100110011011100101011110100001001011110010010010001001111011010011011110000010011101001110110000001110011001101010110101101111100111001101110	1204861.0000000005	-4.726963453999999E8
29	01100111100000001110000011010110111011000101110010000101111111000010100111001110101001100001110000000111010011111101010100010001010110010001110100010101001011000011110010010111110110000110000111101001000110110001111010011001110100011	1177000.7999999998	-4.502948295000002E8
30	11010110100000011010010000001001011011111111101001000100111001010111010001100000111110010111101111010011011001011001010101001011011000110111101101100111100001101100001110000011101001110001011100100100111001111101101010100110101100011	1201084.0000000005	-4.696275172000001E8
31	01100000111001000111000101110111011110101001110001100100111001101001010001111110001000001011100101000000111101010000011111110111010100010101010000011011100111011111011101010010101111010011001001111011001010101000011001111110001111001	1293638.2	-5.477065022E8
32	11100011110011011110011100111011010000001010011000110100101011001100111000110111011110101101101111010011010100001101110000000000001101000000111011100101111101100111001110101101101010010000000101101100011111110110011001001010001001101	1238542.4000000004	-5.005046848000001E8
33	00110011100001010011110011010000011101110010100110011010101101000011101111001100001001011001010111000101010111011001000010011000110000111010000100001110010100111010111010000111011001001100111100101010111110000110111001110111010110000	1118631.4	-4.0512474789999986E8
34	00111010010100001011011001110111111100001000001011101101010101000001010110101110111011110011101101011000111111000101110011100001011100111110110010111111000001001001010000001000111000100000001010001101000010111110111110001001100011011	1193403.4000000001	-4.634178449000001E8
35	01000001001101000110110001111001111000110000001001011110111010100001011110100101110101111100000111011001111100100110001111001001111110111110101100001000000011101111010001010011010110011110001110011101111111110111111000110111001110001	1272012.6000000003	-5.2892575609999996E8
36	11011110011100111000001001100001001110011000111101010101010111011111011100111111001110111001110001101110011101111010000100001111101010001011000001011101100011100001110001100000110101010101011111001000100100101100000001010111001000111	1227199.8	-4.9105115740000015E8
37	11000100010111110110101000111000110111100111001100101010111001100101101001000010101000111101000001010011000101101100100100011111100010010001000010011110011100011111010011101011011110110001111110000110110110000000001100010110011100010	1215590.8	-4.8146883159999996E8
38	10011000011011101000001010111110010011100110000100011111010101111011100101011101101001100001000010001111000101000101001110011111001011001110011101011001000001100110100110001010111101101101111001100110101100000111011010100010100010111	1154903.6000000003	-4.3291370999999994E8
39	10010011011010010011101111111010001100101000110010101010001000001001100011000111111010010100001111011001010110000111111101100000101110010001010011111111000110111101011010001110101011111001101111000100100001001100110111000110010100010	1255972.6000000006	-5.1520745359999996E8
40	10010010011000010000100111110111011100011100100010011101010010110001111100011001000111000011110011100111011010110001010101001100101111000111010111010001101001001101110000100101101111111000100110010011000111111111011100100111100111110	1233994.0	-4.9670279179999995E8
41	01010011000101110111010100101001000101101001010111111110101010011000000000000000001111101001101110101110100100011110010111011100111001110000111000000000111111010010111110011110000111000100001110001100000111010011000001111010100001001	1226865.2000000004	-4.907736997000001E8
42	00000101010100110101001000101110111011000100010101011101011100101110000110110011011010000100100111011000011101001011101110110100100111100110111011100101111110111001111100101010011111010010100000111100100000100100011111101000010101000	1323771.5999999996	-5.744223097000003E8
43	11101011101000111110011010110011010001101000110101110001101111100100001110010010000101101110110011111011111111101100001101110110010101101110111101011100100000100110101100011000001010010010100100101000110100101010010010110110111011100	1317105.8000000007	-5.684577108E8
44	11111001000011100111011110101110001001100000011001110000100000101111110110000010011111100011110100100101110100010010111111101010001000111101111010010001110100111010100111101110001100101111100001110010111110110001101000111011111100011	1321476.0000000007	-5.723646452000002E8
45	10100110000001110110000111111111010010111110110000100001101100010101011000000100001001000101010110000101000000110001010010000000100100101011000110101000110100000001111011000001100110010001111000001111011111111101100101100111001001001	1059412.0	-3.617362403999999E8
46	01110001101110101011111000110011111101010110111011101101101110011000110110111001111001000010101111010001000011011010000000111101100001100110100110101110101010001011101101100101010101100011010001011010000111101000011110111011111101000	1298475.2000000002	-5.519519799E8
47	00011111101110110000000011100000100001001110111100101101111101111000011111010111101110100001001111111000000111000101110111110101010001000011011011001100110011001000111101000110101010010010000110001010010011101110001011100001010001100	1218336.0000000005	-4.8372635870000005E8
48	11011010101011001011101110010111011011111001011011110001001011111001110100110101100000000101101001100101100111011101101010001100000010011101001000000001001110010001010100010010011011100001111101110111010011011010000010001011001001101	1139068.2	-4.2066863390000015E8
49	01110011001010010100100110111100010001100010110011110010101000110001110101111101110000001001001010100011000100001101000000110100100010110011000101101011011010011110110000110001011110001000110100011111000001011010010111100010111100000	1087298.8	-3.8186206029999995E8
50	00101111011010110101101111101110101011010101100010111011101001111010101110111111101011000101110000101010110101011001000000100111101001010011110000010000010010100001001100101000110111110010000111100011110000000111010010101101011101101	1199564.6000000003	-4.683958681E8
51	10011100000001010000100000110010100101111010010110010110011010011010000110011000100010111001001100000111101011100100000001011010011111010011101011101101000111000010111100101011000001100110111011000111000111100100100010010111001100100	1163957.4000000001	-4.399939307000001E8
52	11101000001010101011000110100001010101000001011010011110010110110011010100001010010010010101111001110011010111110000111101011101111011010100111000100110000010011001010011100001001010101111010111101011010111011010000110111101100010011	1235720.2	-4.981441572000002E8
53	10011010101000001011001100000111110000011100010101000001100011011111111110100111011101101011000100100101110011001110101011111011111110011101101010101101001111000000101000011100011000010000001111011100011001100010110100101110101111100	1233566.8000000005	-4.963465617E8
54	11001000011110111011101000100101111000010001001011010101100001100010111010010101011100100111101100010011100110111101000101110100011101010010011010101010111011000100100011111100101011001010001001100110010100110000110000011010010101001	1223786.8000000005	-4.8822421410000014E8
55	11011011110110101101110000110111110000010111011100000111101100000011100110011000001000011010101101011101010111011001000000011101110011100111101001010111100100110110010010110001010011110100000001001010000111001100011010010101110111110	1242235.3999999997	-5.036019473000001E8
56	01010001110110011101110101110111001010000111111001001100101001001011101111100010011001101110110001000111100000101101010011011010110110001011011010010010110110100011000110110001011111101010010001010011111001100001101110110010110000110	1246264.8000000005	-5.069925585000001E8
57	01011100100001000001100011010001000101010011010110111111011011110010000010001010100011100011110101011011111001000101100001011011100001001100000110101011111011000100010111111100110101000100110101010011010000111110101101010101011010100	1226592.3999999997	-4.9054744450000006E8
58	11101011000100001010011000100111101010001101000110010000101110011001100101101111110111010101000101001010101111111101101101000001010010010100111110111111100010101010010011110101110100110111110111000100010110101000101010000111001110011	1292520.9999999998	-5.467283754000001E8
59	01000010010110101001001011111110001010011101010001101111000111010110111010100111000011110101010010001111010100000000100000110111101111110111101010010001000011101111001011111100100011011010111000110110001011101100101001111101001101110	1295843.6	-5.496401645999998E8
60	00010110011000000000001001000101101010110010000001111110000110000011100100011110000101000010101001100011000100110011100101011001000000101011110010100110010000111011001011001100111111111000101100100001010101001000110011000000000011000	1026147.9999999997	-3.384420936999999E8
61	00101000110101001001111010111111111101011000010011110011001100001001111000001101001011001111111101100111100100001110110110101000001011110001101001111011001111011000000001101110010011111101001000110010101110110111101100001000011100101	1207139.5999999999	-4.745524242E8
62	11001011111110101001000011010111011001100010111000110000011011000001100001011011111000111010011100110011110000110110000101011111101011010001100001000010010101001111110110011000010110011010111101011001111011101001100001000011110001001	1263308.0000000002	-5.214588376999999E8
63	01111011010011101100111011000010000011100111101111100101111010010011110010001110101010110110001111000010101110110011101110110010010011001111001001010100100101001111000000100100001001010101100111000010011000101001101110100000011011110	1138792.4000000001	-4.2045683949999994E8
64	00010011000100010100001100011101100000101110100000111001100011000110010010100010000011111010101011101100100111101011011111000011100010101010001101000010101100110111110101010010101110110100101101111011100010111001001111000001100101100	1232344.7999999996	-4.953281431000001E8
65	01100000101010110000001110101000100000100010111010110111111011011101001010010000011011111000010001011001100101101000111001100100111111111011001110000011101001010001111011011101001001001101000001111111110100010110010111110011101000101	1313436.2000000004	-5.651873473E8
66	10000100111110100110000010111001001001100100100100010010011101011001010010001101000100111101100101000011011001110101101001010101100110100101010000110000000010101010110001110000100000110100000110101101100010110100100000100110000100100	1035347.3999999996	-3.4480672140000004E8
67	10110101000011011010100101110110001101110011001100011110000111011011101101011011100111111100110001001000011001010110100010000011101000001000110000100110111011111100000001111110011111011100011001001000000011010111111000001101111100101	1165986.0000000002	-4.415880601000002E8
68	11000001010100100100111000010011100110010010100110001110111011000101100111000111001110010011100011010111100111011101111010000111010111110100010000110101010111011111001100001000100011000001011101000101101110010101110100011010111100101	1232093.0000000007	-4.9511841640000015E8
69	00000010100000001100100011000101101010000111101001101110011111010010110110011111110111001110010101100110001000111000110100000011111111110011001010111010011100101011100010011000010000010101000100110010011011000100000001111010111001110	1173522.0000000002	-4.475358996999998E8
70	00110110110110100011000011011010001011101000100100110101011111000101011101111010110110000010010001011010011101101011111001101010000111100011111111001111010011000110010111011001110111011001100100101011111100011010101110011100000110010	1345895.2	-5.944413955000001E8
71	01101100011100010100011010101010101001111001000011101101011110101111111000110101100101100000000101010100110101100000001000111111001010000101000000101100111111011111000000110001110100101010101101001001110100010010100110110001010100010	1088496.4	-3.8273859549999994E8
72	11111000111001011101110001110100010111110111011101100100011111100110011101111111110000011000100110000000101000100100100001101001111000101010100100011010111110101101110110001010111101111101110010100010001111000010101100000000101111101	1251740.2000000002	-5.1161782559999996E8
73	11001000100101001100010010110001010100111011011000111000001100000110011100011010001100011101010100101100110110010101011011010110011010100101100110110111111101110000111001101010110111111000111010111000010000100000100110000011010101010	1256678.4	-5.158074451E8
74	10100010111101000111110110010001101101101101100110111110110101101010001001001110101011100001011011001011001010101011001100110001011110001100001010111111111110010100011110101100100100010100010011011010010110100001111000100001100001000	1273191.2	-5.299409665000001E8
75	01010100000101001101101010010110100110101110000011001111011100110010100110000101000001010000101101001001111100000101011001100111010011000101001111010110010000010000111101111011010101110101110011101111100101111101010001110101001010110	1248161.2000000002	-5.0859212180000013E8
76	10100010101001011010001111101011111011010010110100111011000010000000000000011010111001010010100101000001111111001001001111101000011000001001000000011101010011011110010101111101101011101011001010011100110001010011001000001010001100000	1172979.2000000007	-4.4710603E8
77	11001111111010110101001110101101111110111010100101110100111101010110010011001011001000111101111010000001010100001011101011000110101110011011110000010101010100101111100110111001011011111101001011010111100000001000011011001100111100101	1358953.0000000005	-6.064182786000003E8
78	01010111010111010011000110011001001011000111100000000110100011100010001010011101001111000011110110110101000110111110111001111010100111110111010010111110001111000110100011110101001100011110110111110010100000100000110001010100110010001	1289216.6	-5.438398800000001E8
79	11111101100001010010101011001100011110101100011111000100010100100100001110100011100111000000000110110001011111110101001011101101000010100100100111011110100001111100100110000111111110101001000101100000111111100111100000101010110011010	1156650.0000000005	-4.3427490079999995E8
80	11101010010111101110001111001111000010000001010111111001111000010100101101100000011110010110010101010110001011101011111110100111010011000111010100001101110100001110011011100100010001111100111001110100100000101111110110001111100111010	1301673.0000000002	-5.547678002E8
81	01100100001100100010110010111111011110101111011111111110110111110011010110111101100001001110011011010110011110000111110010000100111011100111110010101101000011000100110000010000011101101100101111110101111010110001110001100110011110011	1246854.8	-5.0748972870000005E8
82	00101110101001100011101000101111001110110000101111001001111011000111101100111001011001011100101111010010111010010010011110110010111011001011000001111000111100011010101101111111001001100000101100111110000101111000001000000111111111001	1342780.600000001	-5.916025330000001E8
83	00001011110100011101111011001110111001010101010001001100000000110010001001011010001101100000010011001001011001110111101011001011001000010111001011001001111000100111111011101000010111100101001111110111110110000001011000110011100001111	1270964.6000000003	-5.280240849E8
84	01001111111110100101010100110000000010111001110001111001000001000101101010001000111000001010111000101111111010100010000010100111010011110010011010110110101000110101110000000100101010010111000011011000000000011101101000011001101100000	1087411.4000000001	-3.819445527E8
85	10010111110111000100001100110111101101011100001001010001000100011100110001100001110010111000100111110010011110000000010100001100111110000101000111011011000101010111101101101111111001101111100011100110000100000010011101100110000010001	1208623.5999999999	-4.7576336820000005E8
86	11111011110001010100100001100111100100001101010001001001001101010011111001001101100001000100100000100010000111101100011111001101010101110001110110010001010000011100010110101011000101101011101001001001101001111110001110000101000000100	1151989.4000000001	-4.306471323E8
87	00001100110010100001111111010010110011000110100000010110001010100001100111010100000011000010111001000100001100001001111011001010001001101111010110010101101100101100010101001110111011001110110001001011100011110111001001101101010101001	1133493.0	-4.1639916779999995E8
88	10000010010011010000101001111100001111100010010001001000110101010011100001101001100100001111100010000010110101101001111110110100000111010000000101001010110000100101000111111010000111111111000001110011111110101111101011010011010000110	1177546.2000000002	-4.5072822199999994E8
89	10100001101110111001010001000011010100101111010101110000000001111010101100110000011011000101000101001000101110111110000000100010101000011010100011100011100001100111100000010001001100011101011100110000101101101111011100010010110001001	1037599.9999999998	-3.4637431399999994E8
90	10100011001001000000001111111000101000100001001011110101110101000111000110001010110001110001001011001000101101010001011000111011111011010010100110010100001000100001000011001011011000001000001100001100110010001111111010010001011010101	1039273.5999999996	-3.475411852999999E8
91	00011100010001011111011100101000010000111111000110101101100111010111101110010011101000001001110110111100011011011000010101010011101100111100101111001011010101011111011101101001110110011100110010000100011111111110110101001101111001010	1400160.5999999999	-6.449974825999999E8
92	00100011100100100000001001000010100000000110101101101010000111111111001111010101101011001100010101100010011010100011000101001011010101100000111110000111001110001101101001010101110000100111101001111111001100011110001111110001111110100	1163280.5999999999	-4.3946266469999987E8
93	11010001111110101001001101100110111111011110100110000011101100000100100011111100000010010100001111001110110100010000001101111000100110010001100010010100111000111111000110100001111100010110100000011000010111001101001000101000010000100	1114632.0	-4.0211721999999994E8
94	00011100000010010110111111111010010110111100111110111011111101010111000110100110100001011111100010001001100110101101100011101110011001101111110111010111011111001010100110000111111001011100011011110000000111111010010101111000111000000	1335765.0	-5.852322777000002E8
95	00101011100011011101110110111100010011001110100111010010100100110100011010010011001100001101011100101001010101111010111111100000001001001100100100000111100101011101111100001011101001010101000011111110001101000110000100000100100011110	1222446.6000000003	-4.871162863E8
96	01100100100001111110110110010110110110110110010100100000100100001001100100001100001011101101011111101100110100000000001111001000011101010111110101100100000010001001011011000101011010101100011101110101100010111111101011101110000000100	1138111.9999999998	-4.199347112E8
97	01100101111100010101011011100000010101011011100100110000111111111000101001001101001001101001110000101111100010111000011011000111111000000010111100100011111111000011010001111011110001111001101001001011001110100110100110011100000101110	1299075.8000000003	-5.524804418E8
98	00001010100010000100001010101101000101110011100100111110100100111001101001011111000111001000111011010000100011111010011110111111111101010101101001011010100100111010101010001011000001011101010111100100010110111110100111010110001001001	1238737.9999999998	-5.0066847069999987E8
99	00100010011101101011001110111101010100110110011011101100011101000001101010011001111101110100100100011001110100001111011000111100011010000101100111110001001001101100111110101001110111100111001100101100000010000101111000110001001001101	1277651.4000000001	-5.337912991000001E8
