SOLUCIONES FiN 

0	010101010000111001001011101011000101011101110001010100111111110101110110101110100101101011111010001101110110100101110101111011000101000000000111100010101111001011010010100110110100111101100101001111011100101001011011010111000110110110011	1333055.4	-8.930988519000001E8
1	101111101011011101100111100010000111000011111111100110010110111000000010100111101110010011101100111100101111011011011001011010101001100000101101000110001010111011010000111110100110101110000011011100010010111110111101110010100110000111101	1356205.2000000004	-9.254446112999997E8
2	000110000010111101001011111110001110011000111011110110010010100110011110111101110111011110001011001111010001101010101100101100000011110100001000100011100101101011101110111101000101100100110110100101011110101111101101111000001011110110000	1351421.3999999994	-9.187133422999998E8
3	101001111010101110111010111001101010000011111000100011000110101101111011000011010001010011010101000010000110001100110101110110110011001011011000110101011000110011010011110111111011100110110001010001101111111000001000000011010110001010101	1367969.2000000004	-9.421021965000001E8
4	111100111110111101111001101010110110011101111101100011011100100010111111111101110010110101000100111111010010111011000011000100101001100001101100101001010110100001000111010011111000000110101011010001101100111100011001110100010110000010111	1360443.8	-9.314290977999998E8
5	010110010111101010110000101111111110101001001100011001001000000110001011010011110010110101000100011000000101110110010111101011110111010110101011000101010011010100100001011111110011011001001100111001010111111000001100111100001000110011111	1350309.5999999992	-9.171524880999997E8
6	110000101101010010101100001010111010100111011010111010100100011100000010010000001110010011010101111010001000100101000011100101001010101110000000110100111000100011001110110010010000001110100110100001110011110000010001111110100010001001000	1116621.8000000003	-6.185264180999999E8
7	010011011010101011101100001010100001101111001111100100011100001110100000010001100000000110000100110000010011010010001010100110110100100011110101001110101100111000110011000100010100000010011101010100010110000100001111001101110000110111001	1072857.2	-5.691185364E8
8	101001100101100001100100011110101100110010011011011110010111101101110110000100101001011100100001111100011010110101011001111100100101111000011011101100010010010010111101110010100101010101100011111000110011110110011001000011110111110101001	1333674.3999999994	-8.939563318E8
9	010011001110111011011101101001011010011101010100001001001001011010110101011011000010110110100100010111101010110010111101011100011010011101101101011010011101010010100111001001010100011110001100101111111110001111101101011011110100010011010	1348007.7999999996	-9.139252256999998E8
10	000000100010011101011011001001010100111111000100100011100001001100101001101101111111111100110111100001011000011010000110001011011101111001100000100101111110111001011111111111000011001101000101001000100110001010100100111101000101000010111	1370752.5999999999	-9.460650867E8
11	000000001010100000100011000100110011011100001001011011111000000100010101111101100101110000100010000011000101011101001000001011000110010011110000001011000101000100010001111110100001110110110000111100100101001111110110101110010110010001101	1146617.2000000002	-6.535772851E8
12	110100100001111100000110001111010101000001111100001100011011010100011011111100010100001000101111100110011001100100000100000101001111111100110111100101011011100111101100110111000000011100111001010010010001111100011001110010110101001011110	1305506.9999999998	-8.553571247000002E8
13	010101010000111001001011101011000101011101110001010111000101100010001011001000010101010001110001110111000101100111000000000101100110101110010000011011011100110111101000101001011010101101100000111110111100101001011011010111000110110110001	1187010.8000000003	-7.023051493E8
14	011100110100000100100001000001111011001010011000010111001011001110011110101011010010011000111110111111001010011100110101001010111100110000011111111101000010110001101110100000101010111010111100011001111011001010101001011011111110100011110	1260630.8000000003	-7.956207666E8
15	110111010101001001001011101110110000110001100100001110010111111111011100101110100000001001001110111011111011111111011100110011101011110010010001101001111000110100011111101111010111001000111010111000001100000110100001000001001101010001100	1462824.7999999996	-1.0818442481000004E9
16	000100100010010110110100101000001100101111000000111011001000001100001011100100011111110011011010000010001000010101011100000110010001010110100110001110110010111110001001100010110111001111100010100111001010000000001010000101111000000111111	1117971.0	-6.200823127E8
17	000010100100001011100110000110101000100110100100010110000011010010100110011101010101000000101100100011100110011101111110010000100010100000001111101111000111110000101001111111110101111011101110001010111111011101110001010010001110001101010	1316640.5999999999	-8.705123342999998E8
18	101010101111100011011110100001000010111101000001011100000100111110000000110011000001010100011100100101101100011001110111011101100000001011110011000110000011101110011101000100000000001011010000000010001110000101011100111110011000010111110	1124233.9999999993	-6.273302258000002E8
19	011001110111110111000100010101110101000111001110110100101010100011000011010000000110011110000110101100010000000111101101011001010110011000011011000111001000010101101110011110101100001001001110011001111111111100100101101111110110111011010	1295552.3999999994	-8.419196786999999E8
20	000010000000011100010100010010001110011011101100110010001001010011101011011011100110001110010000010110001111011100110010101011011111000100000110011111100000111010110000111101011101111100001010100111001100001100111100001110001111111010111	1270128.5999999999	-8.080832111999999E8
21	010011011100000011111011010011111100110000111111001111000000001111110000011001111110000111101111101011100111110100000110101111101010100010110110011001101000011001111111111010001001000111110010101100000111111110101111011111100001100110001	1425419.5999999999	-1.0255849225000004E9
22	001101100101111101100110100101111011011000000001101110010110110111011000001110010000111111000000110011101010010100101101001011100100101101110111000101100001001100101001101000101101010110101111001011010111100110001110000000110011001010100	1223845.3999999997	-7.482667825999998E8
23	010101000000111011000101011111001100111011011010010110001001111001001110100011110011000100001110110100100110001000111011100000100100000010011011101101001011000010011000010110101111011000011000110011000000001010000011110100100001110111000	1072295.4000000001	-5.684975805000001E8
24	100101001100110001011101010101010011010100000100000000101101111011101110010110000000101110100001001011001011010011010011100010000001100110011010100110110010110001100101110010111000111111110010010011000111100001000010001010110010110101101	1194366.8	-7.113675745E8
25	010110001010110110010010111011001111001001000010101110101100110110001010110000010001100110101100011111010100101011100000000000110100101100011000000101001111001110110100010100100010100110010101011111110111000101000110001010111000101000100	1094985.2000000002	-5.938428291000001E8
26	100101110011001100000111001011000000001000001001100101010010110010000010110000100110000001111011000000110100001011100100000011110001001000100100111001001001000011101110001001110101000010001101000111010011100111001110100100100001010011101	1050818.0	-5.450161536999999E8
27	011001101101000011001110011010111111110101100110001000111111001001101010100010011100001111011101001110001000101010010100100101110111010101010010100010010001111101101111110000101001111110010111111101111010010111110101010101110111110001111	1365926.9999999998	-9.391998455999999E8
28	000100101001000101000111000010110001000001100101111000000000000111110000101100101110010000000110100001101001010011001100110101011100110010110000110001011010011100010100010000101001000100110000111101001101101001101000111101001111110010001	1025537.6000000002	-5.180109319E8
29	101100100001111110110111011010010101011011111110001110010001101110100101001011011111000100101010001010100000101011110010001001000100110100001101010000001110100000010011101111111101000111011101010111010100001100100011011000000001001010111	1254128.3999999997	-7.871445022999997E8
30	110000111011000101011101110000011000110111000110110011101111111101100111111110100101111100101111101010001110110001000110101111000001110111011100110100110000110100101111110101010010011111111100000011111011101100111111101101011110100101111	1495924.5999999996	-1.1328804739000003E9
31	010101011010111011001101011100111011010001001110110110000010011110111111010110000011101011100110001000101100001001001101001110100101011010010110000110001000100001111111111110111011011000011110010101010011001101100001011010010011101010110	1376711.9999999998	-9.545778619999998E8
32	000001101010001010110010001011101011000111000010110101110100110010011110001111101101011011010000100001011000001001000101000111001100101011000010011001100110010010011010100110111000001111001000110001001000110011101010111010100001000001100	1116576.8000000003	-6.184745043000001E8
33	101110111110010011001110100111010110010111101000101001111101110010011101001110101110000010110011011011001001100100101010110000000000001101100101011100111110000110110101001110100001111011110001010101110000100001110111110010010100001011100	1255084.8	-7.883882620999999E8
34	001010000000100000001010110101001111011000010010111101000110001001000111111100111000100001000011101001000010001000001011010101101000000101011001110001100000111111010000000111000000010110010001111011010010010101000111010011010010100000011	982567.8000000003	-4.7368412960000026E8
35	100000000010001101110010101100110101110010011101111110100111110111110100001000011010111011101011101100110011000101111101010011101110010110101110111111011011010011011011101111000000000001110000110011000011101010101001001000100111000000010	1385815.4000000001	-9.676555409000003E8
36	011111111011110101101110110011111010111111101110111110000111110101101010011000110111110010111100011100001100001010111100101011001100001100000001111110100010010111100001000101110010100010000111111101100000110111000111000010010101100111001	1301852.5999999999	-8.504118306999999E8
37	010110010111101010110000101111111110101001001100011001101000000110001011010011110010110101000100011000000101110110010111001111100011100110101010100111110100101001011011001011001010011011000110000010100101100100010110000111010101010101111	1269109.4	-8.067413172000003E8
38	010011000000000100110110001111011100011011001110100110001100001100000011100001100111011111100011011110100011111111011100001010100011010000111110110110001010110111110010100101011011010001011001011100111101101001100010100110111100011001101	1289871.5999999994	-8.342989575999997E8
39	000110100011000100011001110001100000000111000000111111011010010001101111110111000011001010011000001000101010000011110101010011000111010010011100001010010000001100001100101100001101010011001100101100100010000001010111101001010100101011000	1046044.7999999999	-5.398646952000002E8
40	110001000011101011000011010111111100110000111111001111000010001111111000011001111110110011101101011101000010111001100001011100011010000111110011111011110010001101001110101011001110010001111110001100001011010100000111110011101101001101110	1362366.5999999994	-9.341503431E8
41	101011110110010101001100101000001100001011100000111111001000001000100100110101100010110110010010101110000100100111111000111001001000011001100101000111001000010001111110000100111101011011100101110111110001011000101111001110100011001010010	1160373.8000000003	-6.699755048999997E8
42	010100000011101111011100100010101000000111000001110100001010001010101000011001000111011101000101001000000000100011011010000001010010001001001100111000111000010101001100100100001010001011110001001000110111011100100000010100001011110001110	932206.2000000001	-4.242549488E8
43	110000000011001000000000110000010110100011011110101101100101000010110000000001001000101101001110011001101111001011111111110010111111001100101001111101111000111100011011001111100100101000010111111100100111110001000001000010101100111111001	1361292.1999999995	-9.326295600999998E8
44	000100010011010100001101010000100011010011000111101010010111110010110001000011011101101101110000101010110111100111010111111000101001000111100010001100011011111011001101010101011100001111011110011010110110000001100011101011100111100110111	1315677.2000000002	-8.691955381999999E8
45	111101111110001011101111111100000011001110100111001001100111111000111001010110110000001110101101010010010011011000101101111001100010010011100111101101101111110110000101000110111011000010111010101000000111110010010011010001111000011001100	1320298.5999999992	-8.755205752000002E8
46	110011001110100111111111101010100110111110011010011010011100001011111011001101010001100100110110001001101111011111100110010000110111001101111001101110111011100011111010010010101011011000001010011110000111100111111010110011100101110000000	1367798.7999999998	-9.418596826000001E8
47	111000001110001000100000010010001000000101110101000101100110010101000001001010010000011101110101001011010000101101010000000010010101000101001011111100010011000110000100100010011011001001110001101101111011010000111101000101011000000011001	971314.0000000001	-4.624024581999999E8
48	001010010001011111010011101001001010111001000110001100001000000000100101011101100100000000100101101001110110011100000011100111010001101110101000000010010011111000001010110000101101001100101110100011100110001010010101110011100001001000100	1071303.8000000003	-5.674026791000001E8
49	101000000100011110010110111000010001100110001110010011010011110110000010010000110000100000010100001001001101100011011000000001010110110111011101000000000000110000010001001100111000000110110000110111110110010001011000000110101000000100110	966180.4000000001	-4.573012736E8
50	010010001101111101001010110000001011100111010110000111100110101000111001011011001010101001110101100110100000011110101110001011001100000011001111111011110100001111101001110001110101100100001101001110101011111001010100011001110101000000110	1313246.3999999994	-8.658780258E8
51	011010111011001101001110100111111011010000011010111111010010111101101010110000000101011011101001010110100110000100110111011001110101011000110110011110001001110011011010111110101000011111011010101110000100110001001001110001010111000000011	1385898.8	-9.677756841000004E8
52	010000100011001100000111000010001110011011011011111010010011111001111010010100110000110001000110111010000110101110100010110110010110000100101000101110110100011010001001011110010110101011100000100011010001011001111001011111111110100111100	1236666.0000000005	-7.646058005999999E8
53	101001111110100001010101011100010101110101100011011101100111011001110101111000100010010011111100000111111001001110011011111011100001101110111101001101100000110111111111000001010111111001110110001000111111000001001100111111110111000001000	1402031.5999999999	-9.911715719E8
54	011011000111101100111100101111111101001100100011010010111000101101000011011011101000111000100010000100100100000101000011101001010011001010001100110101010011101001111110111110100111100011110100110110111110001010101010101010110111110001100	1324603.2000000002	-8.814325514000003E8
55	110001110101100111110110001101110011100110111011111110100010001000010101001110010100001111001110011011101101010001110001111010100110011100101000000001100011100011011100110110101101111111100110100010010000001110011110001011111010001100110	1317250.8	-8.713467759000003E8
56	001000010001111110101110111010011101100111001110101011111100111011001101000010001100011010101011110000000111001000000001110110101100011111111111001011010101111001001110011010010001111100000101101110011111101001111000001010001100000101100	1330808.8000000003	-8.899906326E8
57	001111110001110001111100010101110011100011110101111011010111110011100001111011100100111101001110100100011000110010100110011100101100111111001100000111101000110100100010001110111111010000100100100011010000011001101011110111111011010000001	1300794.0000000002	-8.489817936999999E8
58	100111101111100011000001011000000111111001110011101111101011110011010010110110110110000101011011100100001000001101110111001000111000100010000011001100101010100101001011010011010100101110001101110101001011010011011101100111100100010101001	1242003.0000000005	-7.714595958999999E8
59	010011111010100100110010000101111111011000010011001100000001110100001011011011101011100011011001101110001011011010000110001000000110011110100001101100101100010010011010100001000010010101011001110101010100000101010010010001011011000100010	1072566.4	-5.687971614E8
60	110001101100010100011010101011001101101110001111100101011110010110101011011111001010001111000010010011101111111100010001001111010111001111011101110111001111111001001001101111011110101001100000011111111000111011001101000011100100100100000	1453998.2000000002	-1.0684331056000004E9
61	110001000011000110101110001011000010111100010000101011010001100001100001101001110111100110100001000100001010110100001011000110001101000001111001100100010110010010010000000111110000111011001000110000011110001000101010000011010000111001010	1035654.2	-5.2873543150000006E8
62	001001010100101000100000101101001010001100110100010011001001001010010100100001101010011000000100001010100000000010011011101010001101100000101000111101000110010010001100000101000010111001001011110001011000011001110000010110101000101011101	932581.2000000002	-4.246130513E8
63	101101010100101011011101111001010110000101110101000011101110101010111001000110110011000000110001100100010101010001110001111001111111101011110011110110011100000010111011010111011101001100010101111010010101100000001111011010000010001001101	1364004.2000000002	-9.364713022999997E8
64	111100001001111100001010001100100001000100010011101100001101000110110101010001001110000111110100010011100001011100001010110101111110101101111100111011001011010101110010000101011001110000001110100100100110000010010100110011001000010100010	1178166.3999999997	-6.914861291999999E8
65	101101101000010010010011001000010100010000101011001100110100000001011011011001110110100111011110110011010110110111101100110010101001110110001111010100101111100001011011001110110111001001110101111110111011000011110101101011110100110001100	1377758.9999999998	-9.560775930000001E8
66	000011101000101010110000010011011001010100111110101101000011110110001001000010001110010111001000100000011010001101110111011001110111110001110110100011001100001101011110110101011101001010100010100010010010101110111010111111011111111100011	1347396.1999999995	-9.130685071000001E8
67	010101011001000001110110011011111011010111001111011111010011111110000010010000110000100000010101001100000001101111001100100110110100101011011100000100011010000100101100010011001111000010111101111111011110111011011000110110000001010100011	1169689.6000000006	-6.811955387999995E8
68	111001000010000100111001010111000101010011001100100101111111111100111010111010110100101010101001001000110111110101110100011010001110000100101111110000111101010111100100011101111001111010010110111110001011000101000000001001011100011011101	1350334.1999999993	-9.171870838E8
69	110010100101101100000011001111011111010110011100010111100110110010101101100000111010001111110010001011011010011101111110000101010111100000011111110001001111101100110011000010100101111000001001000100111010110001110100011001011111110010101	1281464.3999999992	-8.230843319999998E8
70	111000101010010010101111110100100010011100010110100001000010101111111011010011111111000000001010001110011011001010111101101110001000001101100111001001110001101101110101011111110101001001000001001110100111011101101110110110000000110001100	1377881.1999999993	-9.562525121999999E8
71	101011101101110010101110000000110110001111111010011011100111100011110100011100110110110001001111000101111111001100101011110001100110100110100001010110111011001110100011110000000111001001010111110000101000001110100111010011011001000101010	1267497.6000000003	-8.046213318000001E8
72	110001100001011100111100111111011000000000110010010111010000000011011000001110011010011000011010000100111101100010100110111111100110010110000100001111001110001111000110010011010001111100110111000100001001001101011010011110111010011101101	1236296.8	-7.641327482999996E8
73	001010001101110101011000101000110111100011001111001000000000000010100010000101010000101010011111001011100100010001001110100011101111100000101100101011100010110000101010011010010111100111101011010010101001000110010010011100000010101101000	1110332.9999999998	-6.113002766999999E8
74	001010001101110101011000101000110111100011001111001000000000010000001110100011101110101011011000100110010100100001000100001101001010010111110100110001000001011110001100000101000101110001110100110001100010100011000011000110000010101101000	994805.0000000001	-4.861057633E8
75	101110111110010001001110100011000110101000000100001011010010110001111000011001000001100000110111100001110010000110010000001110110010011010011011010110000100001000100100110010101001101101110001010101110000100001110111110010000100001011100	1051088.4000000001	-5.453085723000001E8
76	000111111011001100011110010100011101111111011101111010100100110101000011001001101001000010011001010100000110111010011111111001100001011111000110010101111000011000101111111000110101111010010100000000111110111101001010000101101000001100010	1363657.2000000002	-9.359792985E8
77	101101011000001000001111011110010111011100111101110100111100101001010101100000101101110011011101101011000110111111011011001111001010100000001000110101011011111000000111001000011101010110001000001001011101111100011110010111010010111101011	1280198.9999999998	-8.214028221E8
78	111001000011100000011001100111010001000001111000100101000110011101110101001001000111010000010011101110110110000110001101000101011101000001111001100101010110010010001100000101001110010011000111010001000011111010010101110001101001100010101	1069375.8000000003	-5.652765286999999E8
79	010010111000000110000000101000001100001011000000111111001010001000101010001100000000100011010001100111001100001000101000101010000000111000100110010110101100010000101000000100000100110100010100100101101000100010101010100110110001011100000	834629.0000000002	-3.362336614E8
80	110100110101001010111110100111111111100001011100100111000001111000111101101000111110011111101000011000100101101010011001100111101101010101011010111001111101000010011100110110110111010000010000111000110100110110111011011110100010010110000	1372474.9999999995	-9.485215483000002E8
81	010011111010111111010011101000000011000000001001011000110001010001000110100010100010011101010011011011000010010011010000011000100100001101001101101010011000111010000000110001001111000111000110100011100100000101010010010001011011000100010	960673.4	-4.518604534000002E8
82	010011011010110011010000000110110000011100101100000101000110010101000001110000100110000001111011010000110100000011100100000011110001001000100000110001001001000011001000000110001101111011101100100101110101000100001111001101110000110111001	921853.0000000001	-4.1443080740000004E8
83	111001100011000111000100111001010011100101111100000001101100000101010110001111010001001111000100111100100000111000100001011111000111111111010001000101100100010110100001101000000000000001001100001010110111010000100000110111111000111100110	1067084.8	-5.627553167E8
84	101101001010110110011010011100111010110100010010111101100010011101111000101101111001100110001011011000101011101001011001010000001111100001001001001001001000100110100110100000111000001110001001000011011111110111000010001010000011111111000	1144728.7999999993	-6.513420888999996E8
85	010110010100101110000101110101000011100101101110101000011011110100010100100111101010100110001110100111011110001010010011011101001001011111001110000100110100101001010111100111110001101110010101011101110111000101000110001010111000101000100	1348791.5999999996	-9.150235160999999E8
86	100100011001011010010011010110000001011111111010110001000100111100000000011001111111100110100001000100001010100100000011000100001110001011010101010001011010100000101000000111001000111111000000010010000001010011111011000100100011010010101	981734.6000000002	-4.7284418640000004E8
87	010001100111000111011100101011010100100010000101011101001111111001000100011010010110000111101111101111100011100010100101111011100001001010101001100111110101101000000010101010100001111011110001010101111000110001110111110010010100101110100	1234532.4	-7.618743663E8
88	000001100110100110000000001110100101100010100100101011001000001111011001100001111001001110110001000110000001110101000011110110010111111011010111101100001101111000010011000000001000100101101000110001100011101100101011101011000000100000011	1050053.5999999999	-5.441894636999998E8
89	011101100010000101000110011011000000001000001001100101010010110010000011100001101011111110100111000000110100001011100101000011010101100110000100101000010000100110000000010000000011100011100110110001110110101010110111001110011011101110110	900842.0	-3.9484747360000014E8
90	100100000010100001001111111101111111100111001011111010000001100101011110000011000011010000001000011111100111110010110100010100100010111010100011100111111011101010001101110110101011111011100111010000011111000100111111111110000000000000110	1342722.2000000002	-9.065358313000002E8
91	011011111011111010100001000000110000000000010010111000111101000110101010111101001100100000100111001010101100110001101111100001100100110110001001100000101010001010011111100001100100100110011100110110111101111101011110000011001001000011100	1200861.2	-7.194165621999997E8
92	000010001110011001111011111101111001100001111101101001101110010100000111010110100010000000101000100101100101011100111011010011111011010110010100110010101100110100010111010100011111000110000110001111011000001011100010101101011001000000010	1258173.5999999996	-7.924123007000003E8
93	001001001011100010111111111100001111111100111111100001000110010101000001111100000001001010000000110000011101100101010110011001011110001101001100001110101100010110011100001000110001110111000100001010001000100011111001010101100011010101101	1155627.0000000002	-6.642943834E8
94	010101100011111111101000000010100111001110011100000100110001100110100010111010000010000100100101110011111111000001011010000011101010101101111100000100110101011111010101111110111011101000001000000010111001100101110011111111011001011000100	1346912.3999999997	-9.123914071000001E8
95	101100000110110000111000001111110110010010011110100101010101011100010010011010010111000011110100100111101101010100110101110101001111010111110100010100101111111110001011010111101101110101100000000011011010010010010100110000100111011110001	1370599.1999999997	-9.458465521999998E8
96	110100011011101001110101000110111011110111101110100111010011000101101111100001000000010101110111111110101100010100001010011001011101010101011110000011001111010111011111101111111000001000011100000101101001110111100001000100110101000101110	1442399.1999999997	-1.0509368390000006E9
97	010100111001001011100101000110111111111111101000010010010011101101001101010000101101000001110111000110100110110111010010010100101011000010011001000000000011011101000101101111001001101101000101001100101001100100111011011000011011110101010	1218055.5999999996	-7.40945861E8
98	101000000001010100110100111011101001000100001000101100011100101100011010011011100110000001111000101000001111010000011100101010010011111101000110001011101110110110010111110011111110111111111000110011011000110011110110111010110010101111111	1356129.7999999998	-9.253382231999999E8
99	100010001100000011000111101110011111011001100111110111001000010001000011010000001110010011010101111010001000100100000011000100001101100000100001111101010100010000001100000001001110010011000110011010010111111110010000111001011110000100000	952639.4000000001	-4.439816156E8
