SOLUCIONES INICIO 

0	00100010011010000111110110111101101000010010110010111001001000010011011100000010001110001111001010110001110011000000100011000001011111110111010110111011010100100011101011101001011101110010010111111101000011001000111011110100101110101	1258490.8000000005	-5.690323100000001E8
1	00101101101011011011011011010001010010011111100110000001011000110000111110001001001010010110011101001110010100110100111000011101011010001010001011011010100100101111011101010011110110100000110001010111000110011001100000010000100001110	1181644.6000000006	-4.993443745000001E8
2	01111100110010111001111110001111000111101011111110100111010011111111100000111100011100000010010110011010111010101000101001101101101000110010110010001110001011010001011101010010011001100111000111011110100000111011011010111011010000010	1279118.6000000003	-5.885131779000003E8
3	11111011011111111001000001000100101001111110001010011101001100100100000110110111010000100001101111001011111111101010100110101000101101100110100001110110100100100000101000100011011111001000100000000010000011101001011000010001111101111	1110260.4	-4.386865430000001E8
4	00001100010101010110110100001100111000001110011000000111010110001111011100100100100110011111011010010110000111011001101101101010110010011001000110100101100111110110111101001101001110001001111101111110100111101001001000111010111110001	1264178.0	-5.743705570000002E8
5	11111000001001011011110001010100001010111110100000110110100100011110110111110110011110001101011000101111111110110011000101000011011111101100001010010010010111011010010101101110010011111101000100111101001110000010111001010001101101010	1267658.7999999996	-5.776500265000002E8
6	11000110110110010010000101110111110100010101110111000000000010001011011011100001110110001110111111111101101110111000000111111101001111010001011111100001000111100101001010111111111010101110000010101001011110000010101010000001100010000	1288094.4000000006	-5.970922678000002E8
7	10010100110010011010100000010001100100111110010001100000000010100111010010010010011111000110010111011000101010000111101111011001011000111010011111100011101011011111011011110101010100010010000010011111101010101110111110101101001011110	1304305.6000000006	-6.127445166E8
8	10010101111111110001100101011011010000101100111111001011010101011100000110011100100010111110010010111011011111101111001110001001010111010110100111111100111011110101011010100011001011001100110000000000110111101010101011011000100001101	1367192.4000000004	-6.753788347000003E8
9	11101001101101010001000001101000101110110010101010000110000000100110111000000101001110001011100111011111000100100110110101010110000010101011110011111110001001111101101100110001011011011101101110100010010000010010000000010011011110111	1203315.6000000003	-5.1853610540000015E8
10	10111110000010110001111110101011101000111010111001000011010000011101110111010100000001110010011010101000011000101100110100011010010110111010011011101000010001100100110100100011110111000110110110110100100000010110101011111010000010001	1121517.2000000002	-4.479911586000002E8
11	00100011100010010100011000100110011111110111100001111010110101010101111000011010101001110000000111011100011111001100111101010001101110010010011100011111011111011101111101001000010011010101111001000010010010001010101000001010010111101	1326860.2000000002	-6.348580710000001E8
12	11000100011000010011100110010010001010010010100011011110011101000110100111111011011101010000011011001010100101110111011011111011000011111010001101010011001111000110010110100110001001111001011100000010101101101011111011011111110111001	1239950.9999999998	-5.518028697E8
13	10100010111000100101110010000001001010111000001101100110110000000010001011011111011011100010111110111101011011001110010110011000010010010010101001011010001111000101111011101011000010000010110011111110001111110111010001000010111000110	1256305.4000000004	-5.669875218000002E8
14	01001110001111101110100111010110001100101110100100100100100100101001000011001001011100100000011010000010011011011111010101101011111011001010001110011100111011000010011100011011100100010010010011010001010001101101110110110100111110100	1218108.6	-5.318443615E8
15	10010000110101101101100011000010111100000101010011111000000101101010100100010111010101111101101000011110101000001100011100100001001001000111111110011111001110110001100001010000100000111000101001000110000010111000001111011100111110011	1128172.8000000003	-4.535384463000001E8
16	11111001011101111110001100011111101010010010111001000101010001101100001000101001001010111001110001111000011110000101100000011111011011111010000100101011011101101001100001011111010111010010011000101100010001011110111100111010010001101	1236222.4000000006	-5.483698551E8
17	00000111111111101101011111001011100011101011100111101001011001111000100111010110001001110100111011001010011101010000001110100100010101110000101100111100001010011111000000011111110001010111111111100011111101110010101010001110110110001	1212218.0	-5.26524677E8
18	00101101010101100000100110110000001010011010000110000010111111001001111010111100110000101110111000001001001100111010001100001110111000110101000101000101011101110111001010110101011010000100000010110011001110100001110000010010000100010	1101909.8000000003	-4.318473375000002E8
19	10000011101001111110011100100100110111111100111100100011101110111101011101011111101000100011100101100100101111000010000000101011101111101101110011000111101101001110110100001001111110110101010101101001100111011001000010001000000100100	1259680.8000000005	-5.701471957000002E8
20	01001101011001100100000101110010101011010000101001100011000110111100001011110100100110011011100110111000111101100000100010011111100110111100010011010000100100010010000111000100011111111011001011110010110010100101010010101111000011001	1079797.1999999997	-4.139962271E8
21	00000100010000001111100000110011111100010000110100010011001001110100001000101101101100111001110111110001010111100101010001100110010011000010100001110010010010011010001100000011101110010110100010111110101101110000001000000000010101000	980598.6000000001	-3.3855158779999995E8
22	01001010000100101000000010100101100101111110000001110111101110111000010101000101010010001010101100101000111110101101000010101010111100011000010101001111010100110011000100000001010001100110110001000100001001101001001001010101000101111	1021175.4	-3.684955808000001E8
23	01001010101000100110010110001110010011000100110101110010110010000100010000011001101100110001110011001110010011010011101101001000001110111100100100001101110001100010010100110010100010101100001010101010011011010001001101001110011011001	1085702.2	-4.187263926000001E8
24	11100000010001110010110100110101101101101011110001011100001101000110000111100111101011101111111001001010011110100011001001110011110000011000101100000110111000001100101100001110000000101010110111000000010001011011110111111111011001111	1175360.8	-4.938471694E8
25	10001001001011101101000011111110110100100110100110110100000111110101111111100010101100110000010110111100100011011011010000110101000010010100100101101110011010110001010010001001000011001011001001010101001011001111001100001010111111001	1137245.8	-4.611554246E8
26	00101101011101101000001010110111111110111001111011101110110101100010001001110000000101000100111001001111000110000110101111010110111001010000010111100001010011010110011000101011111100111010010000101101001000001001011111100000000000011	1164135.0000000005	-4.8410243260000014E8
27	00100011111000101100101000101001011100110010101010000111010011101011011100111111101110101101010110100100111011110100000110000010100000001110100000011001100101001110100101000011010111010101010100100010011110010101001111011100111100111	1081634.8	-4.1546528420000005E8
28	10010100100110011011010110010111100100000110111111011011100101100110001010001101101000001101011010110101110111101110100001111001011000001110010010111010011110100000000011100101001101100110101100001110101010000111010011101110001011110	1157414.6000000008	-4.783151546E8
29	10110101101000000110001110110101101110011000010111011101101111100011000010111011001111010110011110100111010010100011010110001101011011001100100110010011101111100001101100000100111001101110101101110011010010111001100100001101000001111	1203886.4000000001	-5.1904633570000017E8
30	01111101000001111000011111101101010100001111010101010011110111001110111101110000111100110100110001000100111000010010000100010101010001000000011111001101110100111000111011011110011011110110110101001010011010010111010000110111101110110	1240933.4000000006	-5.527092448000001E8
31	00101101011101010100010100100101011001010001000100001101000011110001011000011011001101111001101100011111010011100100011110010101110101110111101111111010100111001110111001101011100010111100000110100101110110110010010000110001010101101	1314014.2000000004	-6.222152478000001E8
32	01000110101101101010110011100111101000011111101110010100111100011110000000000000100100011100111111011000111111101110111010011110110101100111110000001011000010100110000010101000011010110001101100011100001000101001110101110011001101001	1188996.9999999998	-5.058149906000001E8
33	11011101010100001101001000010101111100010111000010001010101101101100100110011100000100000001111101110101001100001010001010010010010010100101010111001101000110101111101100000111101000010110011101100010111011000100101110010001100010110	1083518.2	-4.169737561000001E8
34	11001110100111010000101010100011001000101111100001001010000101110011111101011011101011110111001001111000001110111100000111001011010101110010101110010000110001010001010010111110111010100010111101100011110011011011100100100000110001010	1228417.4000000006	-5.412183967E8
35	11011001001000001100111100010111000010110111001100101110000111110011011100110011101110001100010001110010110110110001110100010101011100101100010100101110100100011011011010000001100100100110011100010110010111111001110111110110000010010	1165614.0000000005	-4.853806530000001E8
36	10110111100010001000010100111101101100111000100111001100100011011000001101110101010100010001110100101111111011100101110101011011011100010100100001011100110011110001100101001101111011010001010101101111001000111010010100111101011100100	1235663.6000000003	-5.478563298000001E8
37	01110000101101101101011001111010001101101100111011100000011101100010110000011111000000000000001100000011001000001011001111000000101000111000110101001001010110001000001100010101001110110001001100111101100110010010001111111110011111010	1026327.4000000003	-3.7238827999999994E8
38	00010011010000010101011011010011111011101100010101001110110110111101000001110011011100100010111001110100101101010110010000111000011110000011100001001110100011111001011110100100001101011101001110001101001000110110101010101111001111111	1235306.2	-5.475280292000002E8
39	11110100101001110101000110010001011000100101110001101110000101001100010111101111101000010001111010000111001111011111101000111010110000111110111010000111101100110000011101101100111011101000001001101101111110001000100111001001110111001	1298558.6000000006	-6.071725211000004E8
40	00010010011110110001011110001111000011100100010111000010111010010110010010010100111011000001001000100011100100010011110100110001000110110011001110101100000010111111110010010110010001111000101001000100100000001110011010011111110001000	1115818.3999999997	-4.432685173999999E8
41	00101110101110011101101000110001000101101000001101101001100010100110101000011110010010011001001110100000101101111011111001010110101101101100101111100011111010000011000000000111010010111001011110010011101110001100110111010010011010010	1117156.4000000001	-4.4437499459999985E8
42	10011101100101000101001010111001010000101001010111000001000110010110001000001110100010010011111000010111001111110101101000000100001111010100001001111010000100110011000111100010011010001110001101110101011101100011101000001000100001100	1081749.0000000002	-4.1555666720000017E8
43	01001110001001000101001101010001000000011011100010110101001101011101111010110111000100111100001110000111100011001011001100101011000100000000100010111001101110011010110010010010001100011011010010101100101101100100111010100101100110001	1078984.0	-4.133468876999999E8
44	10001001010000010100000011000100001001111000001010000010011100101001011100001010111100100001111011111101010011001100100001111100001000010100110111000100011101101001010111100101011111110101100010011000011111101101110001001000101001001	1119233.7999999996	-4.460959675000002E8
45	01101000111110111101001100001100001001001010010111000000101100111001100101011000000011001101011010110011010111111111011001111111011111111000111111011010001001111100001111000001111000000001110101000000000000011111100010100101010001011	1256049.2	-5.667482188000001E8
46	10110011100010001101010111001111111010000011011110111000101010010110011101100111001010110010010101111001101000011111000011111110000001000101000011010000000000101100001110000100100100001100011101010001100110110110110000111101001111100	1076660.2000000002	-4.1149428089999986E8
47	00101110110111010101001110011101000010000101101000110010010101011100011010000110010111100101011110001101011110001100111101100111100000100110010110100111110100001011000000101111011000000010011110101111010111010110011101111111010101000	1174351.2000000002	-4.9296689870000017E8
48	00111001001110000011111110100010100110110011101101011111010110001010100110000110111000101000111000010000101001111011010000111011111011010100101100101011000101011100011010010011000001111001111111100111000010000000000010011110111111010	1179061.0000000002	-4.970805173E8
49	10111100011010000011000110011110111001101110000011111001101101100101000110010110001001011010111100010010011011011011111001101111000110010100000111101101110011000001110011101111011101110000111111101010111101101101000001001000011010011	1304791.0	-6.132163031000001E8
50	10100000010011000010100110000101000101000010001011111010010101011000010110011111101000101111011101000110110110110000010111100110000100010010110110001011010111101011100100010011010001111100100110010110101100110010001011101011010111110	1138009.8000000005	-4.617999127E8
51	00010001100111001111000100100110100101011001110111010011000000001010000111000001011110111100110101000100010110110011100001100110000001100001110101110001001100110011100011011110000010010010010010010011001100011011111001111011011010111	1141052.6	-4.643703872E8
52	10000111111100001111100101101011011100011010111000110001011110010101001100011111100011000101101011001011011100110101010010110011001101011110001100011101010100101011100110100111001010011100110110000001010101001110101001001111011010110	1241562.7999999998	-5.532903437E8
53	00001101110000000001010111110100001111000110010101110010000111000110100010011100111010111110011001110100001011110001111101110100001000110001001111111000110111100110011011101110010010101111010011111101010010111001110000001010000110111	1268374.0000000005	-5.783250493000001E8
54	10000110000101110100000100000000011011100100110100001010010001100101010111111000000110101100111001000001100011101110101111010000110000110011011010110010011100011001110110001101011001110000101010111111111101110010010010001010001101111	1169117.2000000002	-4.884155076000001E8
55	00100011101001001010111000011101100101010101100011101000110101111010010011100010100001110111001111011011110010010010001001001001001010010111110010110001101100001101000100001110000110101000100001010010101110011000010100110000110110010	1087010.8	-4.197783897999998E8
56	11101101010100100100011111100100101000010001100000101001111101011111101101000111111100000011001110110111000101001000011011000001010100010010101000000010011111000011011101011001110100001000001001101111001011000100000010011001010001000	1132718.3999999997	-4.5734661780000013E8
57	10111000000100000100001110000110000110101001001001110111111100000010010000010110101000100001010011100110011101100110011000101101011010110001001011010011110001011010110101000110011011010100011111010000011000011010110101100111111000110	1104728.6000000006	-4.3415004949999994E8
58	01101010100111100000101101101011100000101001100011000101011000001010010001101001100110010101000100000110010010110101100001110100011101000101001001111011010110001001111100000010100100111010001000110110110011100001011110011010111000110	1103352.6	-4.330251411999999E8
59	01110110110101010001100001011010011001100111011110110101110101101010010001011011111101110110011111001111011010000100010100101111010100111010010010111001010001000000001101001011011011010010010011010101001010000011100100011110111000101	1166777.8000000003	-4.8638791530000013E8
60	00101100100000111110001011001001101111101011001000011101111001010011000001110101011000110001011110111001011111001010110010101100010001011110010011001110001000001111000001001001111011011011110111111000111100111001000101010100000000101	1144506.8	-4.672970665000001E8
61	11110001100000110011111100101000000110000001101111001110111000101011101101010110001001011010101000110101001110011010010010110001001001010011011101111001111110110101101010010111101011100111001000111101101011011101000001001011110010010	1248403.0000000007	-5.596246860000001E8
62	01101001000111101100110010101001000000011011010110111001010001000101111101001001010110101111111101111111011111110100000100011101011110001101110010101100001110000100011100000100011000000000010111010110010110111101010010100110110010110	1176266.0000000007	-4.9463728920000005E8
63	00110100000100001010011000000010011000111010101000001000100110100100110011110110001101101101011101100100001001110000000011010010000110100001010011110011011110101010101000011100000110111000011110000100111011010101110010001101010011111	1044345.8	-3.861632628999998E8
64	11001101000111100100001001001111111111011001101011000000010001101001011100100100001110001000010010110001110000111010111000110111100000011010010010100011011100111000110111100011011001010100110000110001100110111100110110111101011000110	1185524.2000000002	-5.027536087000001E8
65	00101100010010001011111010100110001111111011011101101000001110101110111111001000111100101001001100001001101100110110101111110000011101000110110100111011101110110100100110110001111011011001000010000001100101011110100101001011101011010	1264007.8000000003	-5.742104852000002E8
66	00110110011000011100011110010100110010011011101000011100001001010011001100001001000101110100011100011100111110101010000100011001011011101100111000111010100110011111111110010100111100001000010001001110001101010100011110000011000000111	1227434.5999999999	-5.403211546E8
67	01010100000110000011111001101100010000010101110100001010001001111101010001011110101111000110110000110010110000110010111110011110000110101010111001101111111101001111011010001001000101100101110010110001110110111101010010101010100100011	1251142.200000001	-5.621713919E8
68	01101101011101111001110011101001101100001000000110001101001010110010111110010110010100010010010100101100110110010101100101100001001110110011101101110001001110111010000111101000000011111111111000001011010100010110101011111011100011011	1231540.0000000002	-5.440738065999999E8
69	00101111111100011011001111110000001011000101100100010101111000101110101110000010010011000011111100000001111001001101101110101010010000000100010110101110101000100010111011011101000110111100110110000110001111101010001100110110100000011	1199253.3999999997	-5.1491109170000005E8
70	10100001001011011101000110100010101111101010111001111001110010111111100101110110100001111110110100111111000111100000010111010011101000000001011001010011100101101001110110100000001010001001001111101001001101010000010111110100011000110	1229999.6000000006	-5.426644051000001E8
71	11100110011001110011000011101110010111101111100111001101000110011010011001111001010011011011110101001101110111011010110011101101101100011100011010010000110000000000010011101010101011010101010011000110001110111000001010000000101010110	1187803.0000000002	-5.0476135920000017E8
72	01100100101000001011010001001001101100100010011110101111101011100010101101011011110101010111100100000110100100101110100111010000001110100010111011000110011100000011010111011101111011001001000100011110001001001010001110000101101100000	1181190.4	-4.989461816000002E8
73	00000111001011101110011000000111101111000100100001010101010001111110000010001001011011001101111110001011001101010010001111100011110001000110001110100100101000000110001100111010101010100000001111011001101010110000000110100100100111111	1121459.6000000003	-4.479434232E8
74	01001010100101101100101000111011011110100111000001100100111110011001111100010000010011000000000100100001101001100111100001001000110100101100100110000011111011111001001101111001010010110010111001001001111000001010000011101010111001110	1198900.2000000007	-5.1459656870000005E8
75	11001010010110110001100100101000110001101001111010100000001011011001101000100001000011000100010001111111011111111000000101000101001010011101101000111111101101100001000010010101011001101110110101101001110001110000111101110000000011100	1126668.2000000002	-4.522814051000001E8
76	11110110001101010110010111011111101000101000011000000010111001010101000000110011111000011001100010101011010110111001101111111010100110010000000101100101100110000101000011110101111001100000011011010000001000101101001011111000011101101	1183482.7999999998	-5.009583515000001E8
77	10100000001100110001001001111111110111010001001011010101000001011110001101101111010110000111001001000110010111101001110001110101011011000111001011111011011101110101000100100011001101010100010011100111111110000101110011011110001010010	1196007.6000000003	-5.1202372890000015E8
78	11000010101001001111111001011001001001101011001110101110110100001011101010110111000000101100011010010100111110001110001110100010100100010010110100100111011011010111010001011000010000101011010000100001110011111010100011000110000011011	1189095.2000000004	-5.0590192100000006E8
79	10000001010101011011001010011000000010111011011000100011101111100101000010111100000101000000111111010111100110001101101011010001011001000101111010110100010110001100011001100000101001000010011101101011110100000110100100011010011111100	1115515.2000000002	-4.4301803150000006E8
80	10100000001110011100101101001000001100000101100000000111101010001110100111100100100100011010110111111111001011111101100001010000101110000110010100101000011001010100110011101111000011110001101110100000111000011001000111101110000000010	1148674.6000000008	-4.70840567E8
81	10101100001011101010101001000011110011111110111010011001011000000110110110010100111000001101110000011010000101100011001110101011010000100100111001010011110011101010000000011100100101110100110010000100011001110010011011110101110110111	1104037.0000000005	-4.3358453899999994E8
82	10011010011100000100011110111001100001101001010001100001010011111010111101011101011100110000111011110111000000111101000110101101000011100101010001111110101010011110101000110011011110110100001010100111111100101000110010110110010010011	1218025.8000000003	-5.317695419E8
83	10100000001110000110110001101000100001000100010011101100011011011001011011011111100111000111111111110111101000011010101101001100111110101110101110111101011011101101000100101100001110111000110001001110101010111000111100110110001101111	1302172.4000000001	-6.106733332999998E8
84	10001110101010010111100001110011110001110100011010001111000001000101111000111110101011000000001001110000111111010111000100010111100111001011001001011011101011111101001010100101101011010100000100100000010111111000011001111110010110111	1234255.6000000003	-5.465634155E8
85	00100111010110010100110100100111011111000010000101001000100100101011111011010111110010101101011101001100000001100110010110000001100101101000011000110100111001110110001100110000011100100111011011010011001111100001111011011010111001111	1131130.6000000003	-4.560147413000002E8
86	11010111101001111001110100111100011011101100111001111111111100101001110100011010110100000100110100110101011001100000111000100100101110101111001011001000001010010010011111111101011110000011011000000000011001011000111001100001000000001	1264050.6000000003	-5.742505938000003E8
87	01100001000100101100000001011110111000111011100111111011101100011111010010101010011011011110101011101111001100010110001011000011111011010011000110100001100111110010010110011010101110010000110111011101110110111001010001001011100001111	1267037.2000000007	-5.770637951000003E8
88	10011111011000000100110000000101010000000101001011100100101010110000001011000110000001001010100110101101001010100011011111000111011010100011100100000011011111100100001011101111100100101000101111100111010100011111011100110011111100000	1147339.0	-4.697037515000001E8
89	00010000110000000100110110110000101111011001110110100001000010100000001101101101001001010000100100010101101011011111001100000010010010010111000001111110100001000100101001001001010100101001110100111010010110001100011110100101011001010	1013041.7999999999	-3.6239167989999986E8
90	00000000100110101011000100010101111110000101101011000000111001101101011101011001001101110101110111100100100101001100000011101100000101100110001000111101110110000111000111010000110010000011101011001011000100110010101010011000011011110	1116151.8	-4.4354415210000014E8
91	01110001100001001101001111010111010111010001000101010100011000111110111010100100111000001000101100110100000110111100100111000111111101100110001110000111000110111010011101100110110100111101110100001010000110000000011111101110000000000	1185758.5999999999	-5.029600581E8
92	11001011000001100000101011000011011000000011100101011011001001001000000010010010011111100101111100000000101110111100111110011001110111100001011000101110001000001100000001001100101010100101000100011001110010110001001110000111001100101	1013394.1999999997	-3.6265496799999994E8
93	00011011001001111101110000011101101011001101111110111000000011010111011100101100111110110101110101000111010010011110100011111010101111111001010000100000111010000110010100001001001010101100111011111111000000111010101111001110100011110	1208511.4000000006	-5.231911684E8
94	01001100011100101011111111001010000011100011110001011000001000101000011000010111011000001101111101100100010001001010001101101110101001100101000010111101100001001101101101010011000001110110010101101010101001011101100001010001110001100	1134388.3999999997	-4.5874972970000005E8
95	11011110111011101000111100100110000000010001011001011100010101101101110101000001001101011111010100101101010010110101100010011011000010001111110010110111010111010111111010101111111100111011011111000011100010101010010111101010110100111	1350785.6000000008	-6.587440255000001E8
96	01101100001011001011110001011011111111101101111101111001001000011110000001100011001100010111111010111010111111101010000001001110001011111001011010011100001100111100010011011100111011010101010010111000110100001000110010110011101010000	1285368.8000000003	-5.944805459000001E8
97	11111111011001100111010110100111011101001110000001000011101100100000010001011000100100110010101001000110111111101000100011100010101101101001111010001101111000111011111011111101101110100010101000110011011111000011110110110101000010111	1389102.2000000004	-6.979166908999999E8
98	01001000100001000011000110010010101111000111101011101101010000111010101100010101010111101010100010010110010101101000111111110011101001011111111111010011100011101111011101100001111001111010110001001110100010101101101000111101101000010	1331659.0000000005	-6.396135796999999E8
99	10111101110110000000100100100110100111010100100001000011011010000000100111100011011111000101100001001101100111100101010001111001001100101010011110111001000111001100110100001111011001110001111000100000011111011110001010010111111011101	1156312.4	-4.7736919259999996E8
