SOLUCIONES INICIO 

0	01110100101111101011011000101111111001111000110000111110010110011110000010110101000111101101001111010101000001010110001010111111100010110000110010100011000110001000010110101110100110101001010001001011101100010111010101101101100100010	1110491.8	-7.797992205999999E8
1	00010011011001101111110001111000011001010011111111001000101011010101110110010101101100001000111100101000011111000010001001110110110100101111001000010000000100111000101010111110011100010011101110110100011011100010110011101100100011010	1158079.0	-8.508870554E8
2	10010101010010101111101011101011100000101010011000001000100110010001101010100000110110001011010010101110011111000000111111101111100011110000000000110000100000111110100010011100001011011000000011101011100000110111111000001001111011001	1047531.4000000001	-6.905108598999999E8
3	11001000011110000111110111100110010011001011010110111111000010010010110001001111111011100011001010111110100000100000010100111110100000011110011101000011100101010011010111101000000111010100100110100110001111101001111010110001110001011	1180912.1999999997	-8.860970760000001E8
4	01111100000011001010101000000010101010010000111011011010100011101000101000011001001011100000011011101100011001001100011100111110101010011010111011111001011010001000000011000101000000011000110011011111011110000110101111111000110111010	1029628.9999999998	-6.661131869E8
5	11100101010101011111000011100011110101001100010010001101100101100100101000000110010110011110101111011111011110011001111000010110101000001111000101001101000100011000000001110111110100001100001011110011100111011001001000010111001100000	1047533.8000000004	-6.905141097999995E8
6	11010110001110011001000100110011101101100010000010001001101010110110101110001010001100110010010011000110010101000000100110010100100111011001010100000001111011101000001001001001111100010110100001011111100001100010011100100011111011011	969886.8	-5.878713374000002E8
7	10100011001000011010000110100000100001000110110101001111001101000110100111000111000101011100101101001101101101110110010010110011101111100000110010010100111011111011001111111001000100111101110111111010101101110100010001000100001110101	1265918.9999999998	-1.0234575710999998E9
8	10101101000010001000110000001101010101011110110010101010110111001100100111101100010001111010010111110110010000101000110101101100000110100000111011000010011101111011011011010110111101011100111101011101001011000101111000101011001101100	1157017.0	-8.492667692999997E8
9	01111010101111010111000101011010111110101100110111010011111001100010001001001011010001111000000111111001111011011110000101001011011101101010011100110011010011100010000111011001111000011001101010111000101010001101101011010000001111100	1229566.1999999995	-9.635050181E8
10	00101000001100001010101100100011011100001000111001100010010100001011101100101111001011110110000000000000001000010110011011110110100110111000100110111000011110110100001011011000101111101111001100111001101110111101001101010001101010010	1085720.9999999998	-7.440225685999998E8
11	00100011111011100101110100001001101011111111010001110110000011011011110011101011011011110000000101000100010010101101101011000101011011100011100101011111000101001010010111101111010100100110100000011100101100010010010000010000100011110	1180109.6000000003	-8.848472863000001E8
12	11110111111001001111001011001101101000001111111011000000011110010100010100001111100010000010110111101110110001111001111100111011101101000110100001000000010000111101111110011100011111101001100010110010011110101010110011111001000010000	1266336.7999999998	-1.0241570175000002E9
13	00101010110111101101010111110000001101100100011011100110011010111001110010100110111000110100010101111000011101111010101010110001010000000111010000110110000000111001111001101010001001110010011001100000000001111100001011111100111110100	1179356.7999999998	-8.836759974000001E8
14	00111101100001110110101000111010001011100011001101010000100000100010100111111111101010100010001011101100000111100001001010000001000101000110101010000110111100110100110111101010010101001011011011000111000100100001010010010010000100001	1064127.2	-7.135198625999997E8
15	10010111101011101110101010111110001101000001011111101011100111111101110111100010010010111101011100101111110000010100101001110010010100110011011000101101101100100111100101010001111011001000011110110101100111100111101100100000011011010	1218040.9999999998	-9.448757194000002E8
16	01010001111101010001001000110001111000100100101010001100010010110110100110110001101100111110010111000011111001000101100101001101011010111100011000110010111011000010011101011110100110110001000111010000101010100110101101111101111100000	1151831.9999999993	-8.413783359000001E8
17	11101011001110010010110110011111011001001010011001111011010010010101110110011001010000010010011111011111110000010001101110111110010110011000000011111110100010101100011001011101101100011000000010010101011001000000010111010000011000111	1159641.5999999999	-8.532739164E8
18	11110100101100110011111111100000101101100001001110100100101010001110111011000001111010010101000010100011111101110100111001111011011000100000001110001101110110111010101000011010000001100000001111011010110001100011010010111010000111010	1127810.4	-8.053115636999999E8
19	01010000011110010000001101111111000100010110001101100001010010000111100111010111000001100110011110111111001100101011100111111101000111110011011000110101011100011011011100010010100110101001010110011100110000000110110101010000011111100	1191401.9999999998	-9.025121703999999E8
20	00011100110011100101011110101000011001111111100101010001001100000000110110100100011001101001010110100011111000010010111101101001111010011010111001100001011100010100001110010001101011011011100010111101000110100000101010110110001000111	1092267.2	-7.533956825999997E8
21	10010100101111011011110110110011110101101000111010011111100000101101111100110010010001001001001111010010000010100011000000101011011010111111000001001000100011000001011110101000110111111111001010101010101110101110010011101101101001110	1143479.3999999997	-8.287478478E8
22	01011001011101101000111101011001111010100000101011101011011101001100101111000111011001010000101101110111111110011101000001110011110100000101110000011100000011110101101000011011011011011001111101111110001110111111000100000011111111101	1226401.4000000001	-9.583713014E8
23	10111110110101000100111101111000101101011001011011100100001010011111010010111010001110011000000110111010001010111111100000110000111110011011001001111110001110000101011101101111011101100001101000000001111000111100110010101000001011101	1258929.1999999997	-1.0117896079000003E9
24	10001110110110011000011110010001101010000101101011010111000011100101101110111111111010010010111001000000110101000001100110110101010110110110111000001111011011011000101010000010010100101111010100100001000100101001111110101111101100101	1093224.4000000001	-7.547710507999998E8
25	01110010101010010100100110100010111010100111010001110110101100110011000011100001000110011000101100001110110100001000110000010100010111111111111110110011000111100101011111101100001100010111001000001110001111110001001110110010100110000	1226722.9999999998	-9.588925825000001E8
26	10110101101101000100001100010010010100001110111111101111011010000001111010010110010010000110110111000111110111000100100010101011101100111001111101110110011010100000101010001010011000010000101100110011110001001111001010001111010110100	1136858.8	-8.188043654999999E8
27	11100100100010110010100110001011111001101001001101100010100110110110010101111101001010100101110111011100100110011011000111001010111110001110111100010011000001000000101001101000000100011111100000010110101001001110000010100100110000010	1078501.4	-7.337533395999999E8
28	00100001101001011101111000000111000100001110010101101101001000000100011100110011100111010000001101011111011000011001110000110001111101101101111010101100000001101001011101010011101100101111110101000000110101010100110111001001001100001	1138490.2	-8.21249012E8
29	01111010010010010011001001111110111111111100111001110100010000110101010111000101011110101001100101100111110011110111001110101110100001100011001010111011000010100001100011000001101010111111011011101000111110100011111111110000011001101	1202691.4	-9.203468705E8
30	01111001101101110000011111010010010010000011010010000011001101100100001011111111101011100111100101111011100101111010100010001100000101011010111010011000011010110101111011111010111111010011111110111001110101011111101110001100111110101	1342647.9999999998	-1.1559373476000004E9
31	01111110111001111010111000010010110001000100011010110010110110011010111111110001110000010000001100000110010100010011001011011110110001011101101101001111100110101110110100100110100000101111111011111100101010100011101011011111000010111	1154954.0	-8.461238058999999E8
32	11100001110111101011100011011011111010011000000011110101101011101000000011111110001101110011000100011011110101110001100100010100000110010001001111000011010111101001100100010101000110110010111110010010101011000101111111010010111101110	1118894.0	-7.921253637999997E8
33	01011010010001101111001011000001111110010110101000101101011111111010000011111011111010111001101111011011001110010100101101000101111000011110011101011111100001111010111011110001011111001001011111001000101101001000100010110010110010000	1311972.9999999998	-1.1020069542000005E9
34	10000011111110011101010101000101100000110111111010000101100000111011001110101001101111001110000101101011110110111111010101111101000111110100110010000010000100111011010110000011011010010100101100110101010110100011011001011100100110100	1171331.6	-8.712363338999999E8
35	11101101111010011000011011101010100110101111101011101000010001010001100101010100000100011101001101011011000001011101111100100010011010101100001101111111100101101001110000101001010100110110101110101001010111010101101011111011110110000	1191108.5999999996	-9.020510359000002E8
36	10111001101000010111111000010010111001011100101100100101101100000111100010110111010011111001010110100111000111011101000000010000110110101010010011101111010111111110110011011010000110011110111011100011111111011010001011101100100100011	1232105.7999999996	-9.676344635000001E8
37	11110011010111010010000110000100010101111111010100101111011001101111101101100110000000110010110011010111100010000010000010010111110110000100001101110100110110001010100010101000100110010010010110100110110001010010110011000001101100101	1050286.3999999997	-6.943043237999998E8
38	01110101111011010000011011110001111001111101100110000010011001011101011111001100000010110010010000010011111011110111111100100111101101011001101110111001000111101010110111010010110001010011100000010001100000011001100101010101010001011	1260187.6	-1.0138852138000004E9
39	00110001010110011011010101011000111110100001101100110111000101000010100101100101110110100000101011110010001100010011001000001111110010101101010000101010001100111011101100111000010000101100011100101101000001110111001110100100010111000	1104719.4000000001	-7.713870236999998E8
40	00101001101001111011100000010110011010011011100000100001001101101011011101100010101001110110000110101101001000110101101001101111001000011000101101110100100101110011000110111111110101100010101010010010011101001110110001100101111010011	1145189.3999999994	-8.313257748999999E8
41	00100011111110111100111011011001111111011101101010111110000100011110111101010010011010111100010101100011110011100101101011110100001011101101100100010011100000000111111001101111001011001000111110101010110101011111101011111100000101111	1309840.7999999998	-1.0983061898E9
42	01111110100001000110010100001100111100101011101100010110110100111110010100001100011001000111000010100100000000101000000010000101010010001000110110101100100100010101000001100110110000000000000100111111110011110110111111011010101111110	902861.0000000002	-5.0590708029999995E8
43	01101000100011010010111101010110011110111111000011111110110000100101101100011111111000010110001100000001101111010010000010110010000110011110110010111101111011100110010111011000001110101011101001100000011000101101000110011010010001101	1219737.4	-9.476062901000004E8
44	10111100111000000100100100011111000101010010110010110000110101010100111010010110010101110110101001011011110101111000101011000100111101100000011001011010001000011010011101011110010110000111111011010010010010101111010011100011110100000	1151427.6000000003	-8.407646129999999E8
45	00101101111001011101000100110100000101000011101110010001101110110111101100000101101010101001110000000001101100001100010000110111001101011011011000010110011100010010111101111111010011001101111100111110100011111010001010000110101010110	1178136.8000000003	-8.817791178E8
46	10111011111111001011110011011110101001111111010111011000010000100101000010100110101000110011001011011110101110001110010011100100111010101110101111000100111010111110000110001100000111000100001110100000101010110001100010111111110101010	1180840.7999999998	-8.859859100000002E8
47	01000111010000000111111101011111111011011000100101011100100000000001111010001110001111111010100101000010111100100100111110110000100110011101011010101101000111010101101111100101000101110110010110110110000101010110011101110000100000101	1198482.7999999998	-9.136777514000001E8
48	00010010001001100111011010101001010001000110011010110001010011111110110101110011110100000010110001011010101101111100111001110101010010101100000001101010101110101011000000111111001111001100100011000110101011011001101110010111110110101	1139788.8	-8.231975553E8
49	11001001011100001011010000110000001111101100000110000110010000100010111111010110101011110101011001101001011000000111000111110110110101101011000100101000101010010000111000111111000110111110001100110100101110111001100111011101010101001	1130082.5999999999	-8.086893585999999E8
50	11111010110011010110100110010010010101011101100110101110101111100001011101011000010101101100110001001110001110101101010100000110100001010101000011111110001010011010100011100011101011000100110101111100110100000111000101001010110111110	1116464.6	-7.885513911999999E8
51	11101110001010010100100100110001010100011001100000010000000000001010000101011111001000001000011110000111001100110110110101000111110101011011001100011110110111010110101111100111100111100100100100110110110001010111000000011101100101111	1147891.0000000002	-8.354070226999999E8
52	11110011111000001101000100010101011011110011100001101010001001011110100000111101110111011001001010010100101111110111100111011100100010011001111100010111101110001001011011011100111011011101001001111101000011011110011111000000110111011	1294409.3999999994	-1.0717080929000001E9
53	00001001010111101011100001001001010000100010101101100101000101001110110101100000110111011101000110000000000111111101101101001000100101110101010001111100111001100110110101010010100110011110101111011011111000110111111000100111111101110	1165383.4000000001	-8.620731471999999E8
54	00011100111101100111110000100100001110011100010010010100010011010101000111011111101010100000011101101101001100100010010101000100111111010101100101010000011100110001111001011010010010000000100011100001011011010111110101111000101000010	1118216.8	-7.911284153999999E8
55	10101111100110010000110011111001101100111000100011100101010110111101100100101111001110000111001111111010000110111111100001110000111011111000110001100010111011011101000111101110010000101111111011111101111111111001110111111010111101100	1323765.9999999998	-1.1225880277000005E9
56	11110001111100110010001100100111000011101100001001100000100010110011001010011111001001101100001011110011000010000000110110011011110000101110110100011010110000100010010011100100100101000111100000110001100100000010010111100100001000010	999542.7999999999	-6.260999111999999E8
57	01000000001110101111001100010100001111001101110010101111010110001111001011110010010100101111101101010010000011101000011010100010111001010000011111100110101110011101110010110000111000100110010110111000101110011110011110110111010011010	1167700.9999999995	-8.656378123000001E8
58	00101101110110100001101011010011010010000110010101110111110110111101101000110100001101101111011011000001100111011111110110100101110101000011001100111100010010100101100000101100001100010001001001110010110011001011101111100100001101010	1138650.8000000003	-8.214899050999998E8
59	11010010110001100101000100111001001111011011010101101111100111011010101111001100100000111000111000001100010011010111011000001100101011011110111101100001111011010111011010101000011110100011010000111001011010011100010011010110100000100	1210309.4	-9.324801509E8
60	11100111010000001000000110000011110101011101010101100010100010101110111100001110101111100011000001001110101010011011101110101100101100100111101011000100111110001010000011010001110101101001101111110000011000101001011100101100101011101	1115341.5999999996	-7.869022275E8
61	10001000000111110011111010011010000010001011101000110011001011111100101000110011001011001100011000001011000000011010110111001011001100101101001011101100001100101010011101010001001001000011000010100111101100001101110010011011110011011	1061005.5999999999	-7.091629765999999E8
62	01010011000111011111011101000100011010100011111111101011000010011000000001111011110011110011001101111000011100001011011010111101001101000100000110100011001111110011001010000100011010011110111110100010010011000000010000111000100100000	1054019.8	-6.994615508999999E8
63	00010011110100101010001100110010000111101010111010010000111100010010110010011101101000011101111000100010011111010101101010101001001000000110010100001110111101101101110110110100101011011001000111001010000000010101100011010001111010000	1136350.4000000001	-8.180434035000002E8
64	01100111100000011110011001000110000100101100011010001000011110101001010110100010110010011011010001001101001111111111101001101100010000101111001000110011001101100010010011100010101110111100101100010000011011001010010100100001110000110	1097386.1999999997	-7.607659544000001E8
65	01111011000000000010110110110110111001010101111101001110110101110110111111100010100000011101110011010011101101010110110001001000000101001110011101000110000100010111100001111100000111111011010101100101010001010001110110011111011111110	1192201.4000000004	-9.037694045E8
66	11011100011111000010000000011001010011101101000010100000001111011100001001010000100100011011010011000010001100100110010110110100101001001100111100011101101110111100101111010010100111011101110011001011001110101011011110111011101001000	1126908.3999999997	-8.039727436999997E8
67	11101110011110010001011010111010001011011001111011011010101001111010011110100011011011110010110100000111000111000001111111001110011011011110111000100001011111011010000010101011111010001001110111010010011110010000100110001111011101010	1174143.8000000003	-8.755854766E8
68	01101000110001111101111011001111010101100010000110101111000110100110110001101010000000011000111101011001100000111000010000001111110100001110110101110111011000011111010000100001011101001111100000111010100011011010010100111011001000001	1073142.6	-7.261770816999997E8
69	11101010110110000000011110111101100000110001110010111110001100100010111110010000000000001011100100101110011100000010010110111101111110111000001100111011001010010111110011010011000001000001000110101111111010010100101011111001011000101	1150213.1999999993	-8.389229794E8
70	11000010011001011011111001011100010000001110000110010101011110110001100001000101101010100000010010010011011010111111101010110000010011101001101011100000111011101110001010110010111100011010001001111001100101010011101000011000100110111	1095238.7999999998	-7.576698292999998E8
71	01010110000101110110101010011111011010001000110111100101001011001111100101011101110101010101011100110110101111110010011001110011000000010010101010100111110101000011000000101101011000101011011001000010001100101110100011101001011000101	1081012.2	-7.373165762000002E8
72	11010101000010100101100010000101000001010110110100000010010100000100110100010010011110010110001100110101111011110100001001111011001001011000110110100000110001000100100100111111101111101101000010000110111101110011111111100110110011010	1086188.4	-7.446898790999998E8
73	11011001010001100011011111011010111000110000011101111001111010110100001001000110010000101101111000100001100000111110101110100010001110010011111100101101111011101010110001101000000101111110110110001011110011001010011100010001110010010	1191664.9999999998	-9.029257403000005E8
74	11110011111110100110100110110001111001111000011010001101001101101011110101011011000000001100110111100110000001011110111000110100111011010000001011100001111001100101000011010010010111001010010111111000011010011011001111000110110101011	1111598.7999999998	-7.814176205999999E8
75	01111010001110010001100000001111010111000000010011100111001001101100110110101001001100111010101110110011111111011000100111111011010011001000101111010001001110101110100110101100000010111000000101101010101001000111101000111111110110100	1210942.9999999998	-9.334930021E8
76	10101100000000111110111110010101101111011101110011100100100100011000101010011010010010111000011100001000110011011000110000101101011001101001000101111111110111010000100010100011001111001010010100000111101111010010000101000110000000111	1071823.3999999997	-7.243179881999999E8
77	10001111001010101011000000011000110000100111011110010101100101111001011110101010010110111110101011100100011101101101110100001001000011010111100011001101111011001101101111000000110100101110111000011010010110011001001010010000111001001	1174529.2	-8.761822339E8
78	00100011010000101101001100111101100100100110101110100110000100101001001111101001000111100000000111110000001010111110111010110011101010001101001011000000100001001011010100111110100101100001011010111101010110001110001100010000010101000	1067146.3999999997	-7.177462427999997E8
79	10000110001100110000111011111010001010100110110101111111111101010001010100100110001000111100001001001011110000000001010111110101111000001001000101010010101101100111010011111110000001110001001100100101111011000011000010100101001010111	1169370.9999999998	-8.682108598E8
80	00001110101000101000001111100000110111000000010010111001010001100101010101111100011001001111100000100001011000100111011011110011001101000010010001111010101100001111010101010110001110101001001010001101100101100101101110010110110111101	1094171.5999999999	-7.561334386999996E8
81	10110110011000110101010011010111010110010111010111111110000111101101011000101010000101000000100100101011000000011100111000101000110101000111101100111110000011000010101001010000000010101100000011011110110011110001100101101000100010110	1053879.4000000001	-6.992674695E8
82	10001000011110101110110101110011111011101110010010110111011010010011101101101110001010000001100000010010110011100100101101010101001010001011000101001001110010011001101110101011000101100100001010001100010001111011001011111100111111000	1172727.9999999998	-8.733946128000002E8
83	00111011110010011101110110011000011111111100101001101001001100011000110101100111001101111011010111110101011001111100010111110001100100111011001110001101110100000010011101100110001110100000010010010100110111101010100011101101011010110	1239036.9999999998	-9.789498776E8
84	11000000001011001000011110001011111110100110001110110100110010111010101111110011100101101111110001101101100101000000101000011000000110000000010111000101001101011011011101111110100111001011110010000110101100111001110010001111001001001	1161591.8	-8.562574725999997E8
85	10101110111110000010111101110001100101110001011011111111101010110100011010010101011010011000111001001110110100011001111001100011110001010001011011101101101100100111110110010011110100110001001010000111111010110011101001010101100011000	1240855.7999999998	-9.819299422000002E8
86	10011000101100010111100001100001100000000111111110110000000011100101000110000010000001110000100011000010010101100111111010010000000000110101001101010001101111101010101101101010001101100001110101011110010001000011011011011010110010000	1040653.3999999994	-6.810855741E8
87	00000010101010100000111110000100111001010101100010100011100001110111101111011110110110110010001111001101111010010010100000010000100011111001110111010010110010101001010001000010100000010001101000001111100101100011111101101101111110011	1050578.9999999995	-6.947078737E8
88	10011110000111000100100011110011001101001001000010010000111000011101111011010000110100000100000110100101011101110001011000101001000011100100001100110001011000001110100001110001010001101110010110001110000000011010101101110111110010111	998273.0000000002	-6.244383782000002E8
89	01101000111100101111001001100000100111101001001010100000110101010110010001101010001000110111110011001111000001111010111110110001110000100010101010001110000000111011110110111100001110100111011010001111111101110000001010101111111110001	1194337.1999999997	-9.071323094999998E8
90	00100001011000110100010100101010000101010111011000101011111100011101000110111010001011010110110011010001001010110100111111101010110010111110000100011101111001000110011111010010010001000110101000001010101000011000011100100110111100100	1177813.1999999997	-8.812763378999999E8
91	11010100111000101101000000010000000111100010110010100010110111011101100000110111111100011011000101000000111001000000111110100001100111100111110011010101001001111000111000110110100000010011001001011100000011111000110111010010010000010	1060138.5999999999	-7.079553502999997E8
92	10001000111010110010100000101111010010010011001110111110111011101100111111110101101100011001011101111001101010011100101110100011101000110010100010101101011111111011011001111001100110110001000100010111011010110011001100000110110110111	1290719.9999999998	-1.0653970565000005E9
93	00000011001101111011101110111001101101011111000100100101111100110010100101100001010100011011111110011110001110100001101011000100100101101101010111101110100110110110110000100111111011010101011110110011110010001100101111010110000010111	1160616.2000000004	-8.547643640999998E8
94	11101111011001000110101000101111110110110101101011011111111101101001011100110111101100011010010111011000110111100000000000011110101011001000010001100010010101001010100100011110110011110011011000001011011100111000101111011110010101111	1123886.7999999998	-7.994955968999999E8
95	10010000000101010100000110111011010100100010100111101000010101110110000101001001101101000100101101100110111110001001111001001001000100001000111100110011111001010100100001011000010011001011011110000110100010010000011111100001111001100	1028350.0000000001	-6.643871590999998E8
96	01001100000101100101000011010101111111101111100001101000110100110111111111100010000110010010101001010101011011000000000001110001001011001111000010101011001111100100101000000100010111011111101010011110101100101001001111011001001111000	1029301.9999999999	-6.656716296999998E8
97	11111011011000011100111011011001100110000011010101101101101111101100100111010100011011011001110100001110111100011101110110101001100010010010100011101011101101111100101000111111000001000101010010101100100100101010000000111000100111111	1223186.4000000001	-9.531703052E8
98	10001010010011101110101001100110000111000010010000010011001100011111010100010001110000001000100011101101001111111011100110011101101111111100000111000000010111111100110011110000010110001111011101010100110000010001101101000010011001101	1168084.8	-8.66228727E8
99	11011101001011001111010101010001100100010011000001001101010100011101000110100111001001100111010111111001100010111000010000000111101010010001100011111010111101011001000001011011101011001101011000100110101111100001111110111011011110000	1121531.7999999996	-7.960150872999998E8
