SOLUCIONES INICIO 

0	1001001010000000110010101100011000000010111001010110100000110000010111011110111101101110111001000011010010010000001111100101101010001010011001100110111010101101010011011100001001010010111101111001100100101110010100111000011101101011	1164857.0000000002	-5.778386629000001E8
1	1111010110110100000010000100111011010110000010100001111101110011110011010001101101110001110101010100100010001110000111100110011000100100010111110100001101000001011101000101110101100001110100100001110101000110101001110110100101010010	1131104.0000000002	-5.435850279E8
2	0001101001011111001111101101100001010000001101101110110111101000101101100011001011001111000001010110011010001001110110111001000111111010001101000000110110000000001101110000110001110011000001100111000101001010111110001000101110111011	1134911.0000000002	-5.473960771999999E8
3	1100010001100111001101110000101100101010111001111110000001000001011100110101000010010101110101010111111110101110010100110010111111010001011110001101011111001111000110110111011010111010001011101010010110010100101010101001101101001010	1346652.3999999994	-7.803272842E8
4	0110100111101001010111001011001101110111100100101011110000101001100101001000100111011001000110100110110111101111000110110101000000111001110011101000111110000100100001101001101111110110101110110101010001010001100001110111000111010000	1223495.7999999998	-6.398352852E8
5	1100111101110101001101110010010101100100011110100011111010011000100110111100100001100110001001111011001001100101000100001011111101000011000111010001011111010100001100000100111110010011001010111011100110000001100110111000000110111111	1129192.4	-5.416763356999999E8
6	0010011000001011001110010001010100010100001110111100111111001010110000100111101001010000001100010010010000010001011101000001101011000001000101100000011101100111000000111001111011111000101100011110001111010000010001001000111101111001	1028299.1999999998	-4.4570379590000004E8
7	1110010100110101111001110111011110010101101011100000000101000111110000111011100011100111000111011110101101010011110101111101101011000000010001010001101100001010011010000010111111111000101110100000001000111011111001000011011101111110	1158143.6	-5.70942181E8
8	0101101010011111001010100110001111111010000011000001101001100001001010100100100001010111000101100000110000110110000100000101111010101001010010010100101100000111001110010000011000011010010101100010000110110000001111011001000011100100	982135.6	-4.0490939799999994E8
9	0111010101011100000001110011110000111001000000100010001011001011110000100110011010110101010001000100110001111011000000110000010010001101110010010010010111110001101000011011100110111001110100110101111110110011000000010110110111001001	1086841.3999999997	-5.002520743E8
10	0101000101100001011110001001010100110001011100001011110101110001001101100010000101110000101000001011001111101101001001001011011101010101011100101000101100101000100111000010101001100100110111001110001001011011010101011010000101111001	1131816.0	-5.442968021E8
11	1001001011000111001110001001011111001010111011011010001110000111111011000101011010101011110000111010100110111100111001001101000000000000010001011111100010100101111101000010000000110010110101101000101000100011111100001100110000111011	1113099.2	-5.257412063E8
12	1101010110011001111011101110100010001111000101100110110001010110110101000100000101101111011011001001101000111100100000101000000100000111110110010011000001101011001100001101110000111010001011010010110011001100111110100001001101101100	1116865.5999999996	-5.294492605999999E8
13	0011111101001000011100100000101010101010000111100111101110101110000101011110010000011000111010101110111101110101000000101101001001111010010101000000111101101010100010110111111001000000111111011010110001100000010010010011101101100110	1227565.4000000004	-6.442551378E8
14	1101010100011001011011001110100000010010001110011111010111010100100001010001110100111011101111000010111111001000111100110100010010000000100011001101100110111011101110000000101000011011010110111111010100111010111001010011011101011001	1128813.3999999994	-5.412983921000001E8
15	1100000101010111101001101001110110110010011001011100010000010010101110000110000001001011010000101101110000000101000110010110010100010010001001011100101101011011100110100001110100000010010010010101101111010111011111001101101111111101	1105856.0	-5.18646883E8
16	0000011111100001110111101001010110110111000101111001011101001100100101101000111111101000101100011111100000011101010100100001000000100101011011000111011010111100011111010110111001011001100000001010110101101110010010101001100111010110	1256747.0000000002	-6.763938541E8
17	0110010111101010001000011110011001011011000110010111110001101111000001100101111011111101101010101111001110000001000101010100010010110110001000110111101100111000000110010101101100110000011110010101010100000011110010010100000100110011	1172992.6	-5.862512010000001E8
18	0101001111111100110011111110101110000000001011000011101100001000000011001001110010010101011101011111011100111101001001101101111111101110100100010000011010011010011011010001110010111111111011000001111001100001001111101001000110000101	1224737.4	-6.411820429999999E8
19	0100100101010011111110001101011101011110000110110110000101100010011010100010011111000111010010111000010010110011010001000101000101111101000111100111111110101000110111010011000000011010110110011111100110001111101101110011001000010011	1240507.1999999997	-6.584117680999999E8
20	0111000101100010101000001001001100101010001000000100001000011100111001010111100001111111101101111111100001000001011100101011000010100000100100001011101010110011011011001000010001000001101001101110011110011010100101011011011111100100	1042441.7999999996	-4.585930051E8
21	0110001100111111111001001001011001000101001011111110101101010000011101000011000100100000011101001011000110111111000001001111101111111110000011001101100000111011000100010111100101000101100111100000110110111111000001100000010100111010	1208158.4000000001	-6.23314584E8
22	0111110001111011011011000000111111100101100101101100101100111100100000110011011111111011110000110110100011011111001001000010100010110010110111010111101010101101010010101100001111011111100110100011111011010100010100011011110010110100	1292297.7999999996	-7.166040591999999E8
23	1110111110010101101101101100101010010110011000111111101001100100001111111011001101101010001010010101010000000111001101100110000010011001100001100000110001010000000100000010101010100011010001110010110100010001100111110001001010101010	991120.4	-4.126957425999999E8
24	1011110100000000010110110101100101110011011010111001100110100111101011010011101010110000110110110110010100000101111110000100101100001100101100001110000010000101111011101011100111001010011010001110101000111110000101010001110101001101	1198193.0	-6.126961769999999E8
25	1011110100000010110011111110010100110011101110001110011101101000110111110110000000100001010011111010101101100111100101110001100111110101101101101000000110101111111000001010010010111101001011000110100011001011001101101110000010010000	1193238.2	-6.074504110000001E8
26	0011110011111101010010011001010100011101011010010110011111010000100110000000011100111101010101000000010111011110011010011011010001001011110111010110100010001001101010011000101110110010011010110000010111101001101001011100111001010010	1141326.5999999999	-5.538486804E8
27	1000101100110101011000011101001000110010000011100100101110100001000100101011010010111100100110001111011000100010110010010100100010101001100000000101100101110111011011010010100001011011110100110000101001110101111111100000000111110110	1071666.4000000001	-4.858100708E8
28	1101011101011111100111100101111001101100101111110000000101010111011101011110110000110000000111110111010111000101100011000100011110111011000110000100011101011010001000000111101000011011101001001001110000001101111111100000001011001010	1158853.5999999999	-5.716695111000001E8
29	1111000111000011111000000110010111110110010100010010010001000111110110101100001000010101100011110010000101010111100010111011010111111011111110011001111001100110001111111000100010111110010010000111010011010000001111110101111011110111	1336763.6	-7.685321584999999E8
30	1000011100011101111111110100000110001001000101011001001000100001101111011100110101010010111001110011110110100101110001111100100110001001001111010000001110001111010001101111001101000101001101100100001100101010101001011100000100001101	1212362.8000000003	-6.278219008000001E8
31	0110000110100110001001111000100010111001010100000010110000100111101101110001000011111101010011010010101100001110011001000100111011010101000110000011000110111111111101100010101111111011100010011001101110110011110001010100001101000001	1157846.1999999995	-5.706376078E8
32	0110000110111010111110011011000110111110111000100000101010100010111101111101001100110010000011110101100101010100011010011110011011111100000110100011011100000001011011101011010100110000101111110001010111110000101100100101110011011100	1248302.5999999996	-6.670131509999996E8
33	0011111010011000001100110110011111011001111001111011111100101101100010101100101011011100111010110001110101010100111000100110111100111010010011100101100001000100001110101101110110100110100100100100011011011101011011010110101010100111	1310396.8000000003	-7.375211871999997E8
34	1000001011001110110110110010100110111001100110010000011001000101111110111100001000100011110101110110010100010000100100000110111000111110011011110110101000100101011111000111101101101101100001000000110001001000111110011100010011110000	1195297.8000000003	-6.096282243E8
35	1000000000000110011000111000111010011111000010111110100111101111110101111100010110100110001001000101001001001010001100101011010001101010111011001000100011000100000001010000010111111000101001010000110100010000100110101111100100111110	1027521.6	-4.4500035249999994E8
36	1100000110011010010110110000000110100100001111100110011010010110000111110010100000110001101011100111101111000110000111110001101110111010101000010001100010000000111010110000000111100110000000000000110111100111101010111011110010101011	1104899.0	-5.177130791999999E8
37	1101010101011011111010111101111110000000101100101100100100111100110100101000000101100101111101000100001111001000011001100101111010110010000000110111100100110011110100110110011101000111011001111011100001101001101111100111001001110111	1232481.2000000007	-6.49614075E8
38	0000010001100100010011000101100101111110111001111011000111111101010100011001100000100011100100100100011001101010011100001011010011011110010010110001110111011110001101000010000110011110011100010101110100001000111001011100011100110110	1147316.5999999996	-5.599073709E8
39	0111111010111111001010001101010101101111000110111101100001010110101110110010110001000111011100000111010100110000110111100001111001000010010110001000100100010010110001001010111010101001011011100111001101000101111100001001111000110100	1119374.7999999996	-5.3192700079999995E8
40	0000100101110110111100001001010100000010101010110011000000110110101011010010100110010111000011100101100010010100010010100101001011011111001100101001100010110000111101001101111110101100111000101100011001111010000101000110011010110111	1133259.7999999998	-5.457414596000003E8
41	0111101000011100110011111011101101101101101010100011010100010111011000010001001101101101000011000000001010111000111011100000101010101000100110010010011101001101100000100101111000110110111101101100000110100000010001001000110101001110	1066623.1999999997	-4.810573137999999E8
42	0100011010010110000111110010000111010010000000100000000001001010000000001001000111011111110011000011101010101111001010001100011111110011001101111001111001010101100011100101100010110100011101001011011100011011000111001010111111001101	1186463.7999999998	-6.003150559000001E8
43	1111101111110001001110111111100011000100011101010000111000100000001010101011010011000100000101111100100101001010000100011100000100101111100110010100001011010010011010000111011110000111110110000000111111001111000000010011101110110100	1131955.7999999996	-5.444366978000001E8
44	0101110110111000000100101100110011000010100100010011010001111001001100111101001110011011000000111010101111010111111000011110000101110101110110010110000001100000001000010001110000111100110110110011001110011111110000101111000001011110	1119647.0000000002	-5.3219612709999996E8
45	1101111111000010110110100110111110111011010010110111100000101000110011000001001100010001101101110001001111010110001011101110011001100011000100101110101100111001111101000011101000010100010011011100110101000101111000000001010101111001	1205853.6	-6.20850499E8
46	0001011101000000011100101100000100100101110111101101010100110001000011001000101000111001110000011001000000011011110111110111011101000000001010101001101010111001110000100010111001100110011000011101101000101011011011101000010001001101	1071034.7999999998	-4.8521361250000006E8
47	0000010001111000100000111100110101101010101110100001111000110101001011010100010111100110111011100100000000011110111001110111111100001000000000001101001000001100001011111101111000010100010001111000000001111010011111001011010001111011	1162301.0000000002	-5.752080232E8
48	0110111000011101011011001110100111110110111110010010011100110011111100100011011010010111101011111100010111011100100001101100100000010001010100001100010011111100110110111000011000011000110011010000001011111010000101100000011101111110	1219880.0000000002	-6.35920981E8
49	1010000011001110010010010011011011110001011001110010100100100101110000101011111100001000001101111010111000000011011111010010011111100100110011101011110101000100000010000010000010101001010111110111111001000110000010101101011110001110	1096919.5999999994	-5.099603289999999E8
50	0111011101101100001100000010100010110110001011101111111101100101101001100111111111110111001000110011100011111100100111100011110001100001110010101011001101111010100110100100110100011001000010111000100100010100001010110111001001100110	1259594.3999999997	-6.795715471999999E8
51	1110001011011110101101111010111100100110101101011110000011000101010000010100010111100100110100011010110100101111101110100000110110111000010011001011111111001110110110100010010001001011101111101111110010100011100010101010101001001110	1274634.8	-6.964810930999998E8
52	1111101011000001001111001010101001000110101001011110100101011110000111001100001010100111100110100011000111100101101100100101101011110000101001011011101011000010101100011100100011101110000111110000010110100101000101100111000001101000	1185541.7999999998	-5.993473639000001E8
53	0101010110001001101011011011011100001011101000101111101101101001010011001010010011010110101101011001110011001111111001100110100100011011010111011000100101101010100100000100011101010001011000011101000111111010110100001000000101101111	1155323.0000000007	-5.680570531E8
54	1000011001100011111110111111101111110010111011011110000001100100101111000000100100101111000101011010110100011010000101001100011101100000111001010100011001011000000111001101000000000001110111001101101111111101110111101011100001000010	1205360.0000000002	-6.203234029000001E8
55	1010010101010011010111111101110010011101000111110100111101000101111011010011010100110100011101100110010111101000110101101000011101101000011100110111001011000000110010000111010011011001000111001100010110010100010011100100101011000001	1206231.6	-6.212544179000001E8
56	0101100011001101000011000011001011110010101101111000111000111100000001101100011101110111010000011000101010001111000100010111000100000011110001011001001011101110110110011010101111100010100100101010111000001110000110001111000010110011	1177654.8	-5.910997914000003E8
57	0010110011011000000100000110111001100100000100101101000010010001011110001010000011100101110110001010100101001001011110100101011011010000110000000101110101011001100100100100101001111111011001110011100110101011110101001001011011001011	1054152.7999999998	-4.694053587000001E8
58	1010101011010101011010101111000100001110110110011101001100100001101000100111110000110101010010101011110010110010111110110011000111000011111011010100000111011001110001010011000001001001011100111000111100011111110010000100000011110001	1208926.2000000002	-6.241363263E8
59	1111110100000001111000101110000001010100110000001011111011011010011100010001100100000010111111100101110001001000101101001000000001100010010000100001110101110000111100101111110110110101110110001111110011011000000100011100011101100100	1129190.7999999998	-5.416747404000001E8
60	0111101111101100100110101101100001111011101001001011000100101110000001101000101000010000011001001111011010111000100110000001011011101111111011110000100101111110010100110101000010110010110101001011010110101101001111000111110001000101	1243633.5999999999	-6.618546401999998E8
61	1000011111011110101010001000001010111000010001011001101100100110110011111011110001100010001111110100000101010101101100101101010110010001000100111111011011000101111000100000011011111000010000011111010111101101101101101010111100011110	1140424.5999999994	-5.529392261E8
62	0000111010100111010101000101101100100111011011111011100000100110111010000000111101110101000110000110101010101101011010111101000101000100010001100011001111100110101001010100111000101001100010001010010110010110111011000110011100000111	1132443.5999999999	-5.449245826999999E8
63	1001010010010000100100110100000110110101000101110100111110011000101001110110001101001100001000000111010010011001110000110000110111001011110000111100011010001001111101101100110111010110100100100011100011010101101010100110001001011111	1156300.5999999999	-5.690563039999998E8
64	0011111011001110100100111010011000000010000000001001000000100000100110001111010010100100011000101010101100110001001010111111110100110111101011000010010100010010111101011110001001110101100101111011011001001101110001000100001010010110	1152609.0000000002	-5.652879461E8
65	0011001011010100111110110001111100001110111100100010111001110111011001110010011000011100101101111001110100100010000010010011000111001110001011101001101010111001101111001010101010000101010010011010100010000011010011111110101000010000	1186408.7999999996	-6.002572667E8
66	0110001001110100100110011101101100110000010001111000011001100110110100111001011111111110011010000010011010000110111010010100111100000000110111101010101011011010000110100011111000010011110011111001111011101111110100010011000101010011	1198045.0000000002	-6.125391009000001E8
67	0011000110010000010110111000010100000111101111110111101111010011010100011111100011100011000100111011010010000101010000101111101001000101100010011111011110100101000010101111000011011010111111101011001000011011000001101000100110101001	1223134.0000000002	-6.394429958E8
68	1110100110111001011001001010110100111110101011000010111110100011111010110011011001000110000110111111110110101110110110111011000100000101000100100010000011010100110011011000000010011011011001010000100011001101101111000101000000111100	1168003.9999999998	-5.810854898E8
69	0111011100011011001000111000110011001001000011000000111111100110000000111111010101111000001010001010010010110010101111100110001001111110111011010010011010001101000011111100101100001111010010010001111011101001111011001110010101101111	1248131.8000000003	-6.668240751999997E8
70	1011010001101100000110100110010000111101111000110001111001111111111110100001011001100000101110110011011100001110110111010011011011111111110011000111101101001001110100101011010010111100011010010101010111000100011000010010101101110101	1346287.4000000001	-7.798904157999997E8
71	0001100110110111110111110000110100011001010101000010001001101011100101101010011000010110010111101110100100111100111010110001000011010100001010011111101101011111100111011101111101101101100101011110001110110100000111110100100101000001	1314841.9999999993	-7.427047668999994E8
72	1010000100100010001110000011111111110011011110110110010011011101110100110100001100001010010010100111101010000010000001000111010000011011001010110101101001001001010000011110110000111110111001111011111011111000111100000110110110100101	1135545.3999999997	-5.480324408E8
73	1000111110000100000110111000010101101111010000111011100011001111110010001111000001101010001011000101011000010110010011010101111001000000110001101100000100010001010010011100101000000110111100101111100010000101110101011001110010000111	1063680.9999999998	-4.78295369E8
74	0110110001101110000111111010011011100101000111110111100101110011100110011110101001000100100101100110000001101110000101010110111011010010100101000011100010011110110011110100011111111010010110100111111101011111010111100110011110100101	1300717.3999999997	-7.262972351999998E8
75	1001101111001010101010101010100011100000111001011001011001111000100001101100001110011011101011111111011011010100011001110100110011111101011000110111100100101100110010000110100001001110010000010000000000000001110001011000110111010000	1155336.6000000003	-5.680710006999999E8
76	0010111011101100101000111110011000100111101000000010010100001001110110111101101010001000100011010010100110000110001000001101011010011101100100100101010101111111100111011110110000110011000001111001110111011000010110011101010101100000	1221194.5999999996	-6.373427054999999E8
77	0010100011100100110000101010011001111111010101101011110011000000111010000011110100111010100011110110010000011100110011100110101101011010111001000101101000101101000111001110010100101001000000001011110001110001011110110000001001100000	1175970.4	-5.893458699999999E8
78	1011101010010000101010110111001110010010101001011001001100111111110000010001110010010110011001100110101111100000101100110101110000001111101110001100110011011001001000000010001111000010111111000101100101101110010110110100110001010001	1099602.3999999994	-5.1256034500000006E8
79	1000100000101010100111100011111011000101111010011010100011000011011111010001011011101110001111111001100110010110111111111100101101110010011111111011110111101000011101110100010000110011000001010110011100000010010101000100010000000001	1307699.2000000002	-7.343845786999996E8
80	1000011100100010110100011010010000010110010111101101011100110000010101101100111011010010111000010111010010001011100001010010011010111010110101011010010000110101000110000111011010001111000111000001000000011101111110100111101111101101	1153734.0000000002	-5.664349277E8
81	1000011111000000110111111100101001111111000101000000001101110010001101100101111111001010001010100001110110001000001010101101101010001110000010000011111010011010011101111000011000101111001011100000110011010011100110100111000101100011	1162708.3999999997	-5.756269933000001E8
82	0010111000010100111010101111010001010100110100001101111101000100110001110000111001011000011111111100100100010110000110011000101110110000101101100100100011010001000111010000010011010101001010011011001101010011100111101111011011100101	1118248.8000000003	-5.308143426E8
83	1111001001111101001001011100111101011101100010110111111011100111000011010101110101010010111111001111110100001100001011110101111110111101001110010111100100001100010000010110010100010110000110100010111000001100101000011101101010110110	1237891.9999999998	-6.555386502999997E8
84	0000010111010101100010000010010111111111101000100110110110111011110101000110100101000100000001011111000111010010100011100101101111011101010011001101111000001000000110000010000101010010101011011010110010111101011001100110111010000111	1108541.2	-5.2127125359999996E8
85	1110100101110010111110100010010101011100001011001111100110101100010000000001010101010111110100010000100100011000111010010110000010000101101110100110010100101111001101000101010011010001111010111111001110100110100010110100111101010111	1129677.1999999995	-5.421600674E8
86	1110111000111101101100111000110001111101010001010101100011000100010000000001101000101010001010010011001011110100100011111100111101011111001011011101111001001110001101100000001101100010001010000001110110110001011000101001011001010000	1145164.5999999999	-5.577270503999999E8
87	0110001100011111011010001010011011000101010111100000011000100010000110110100000111110101001100110111111110100011111011011010011001010110101010100101010011010001100001111000101110101110111110010101011010100111001100001000011011101100	1208583.2	-6.237690654000001E8
88	0000111110100000001011100111000111111000110010001001101110001011100110110100111110000110111001010001001010001011111100111110111000011101011001011111110111011100111110001100011010100001101010011000101000111011110010101110101000010111	1303524.5999999999	-7.295436507999998E8
89	0010101110111110010100000001101010011000111010011100100011101011111111001010101010110001100000011101100100010111101011000010100010001101100001100111000001000111111000100110011001000010111111011010001011100101000101110100110001001001	1094684.5999999996	-5.077994808E8
90	0000100010111101111010100011000111100011000000010010100100101010010001001111001001101001001111011100111010101011011001110111110110111011011000110101100010111100110011011111010001111111010101001101101010101001111111100011000100101100	1351989.2	-7.867302529000001E8
91	0111011111101100111101010011100010001101111110111000011110110000111101001010100000000010001001010111000000001011100111000011100010000011100100100010111110010111101011000111001011111000100010101101011111010001101011100011111001001110	1210482.1999999997	-6.258037020000002E8
92	0100111000101100001111111100110110001011010011100010100001110100000011111000111110001000010111100011111111000111100110000001001001101000011010110000111010111000011000000011011111100001110100100011001100111011000111010110011111011010	1118828.3999999994	-5.313868981000002E8
93	0000011000100100100010110100000001000110010111010101010100011100101000111010110000010110001001101011010111111010011111000000000011111011111111111111101001110000010100010100010100100111100001101110110011001111101001011010110000011001	1177569.6	-5.910109183999999E8
94	0000100000101111001001001011010111001000110000011000111000001101110010110010101001001010110100110101011010000011110000111011011000010111011001111110010110111101100110011110110010010101011000110001000110111100101000000101001111001001	1193330.4000000004	-6.075478988000001E8
95	1111001000000111011100010110011011100001110000010011111000101101100111001000011001010111001011101011011100011000100010011101010011001100111000110110100100010011011010001011110100111111001111010111011001100101000011101011000011001101	1180868.6000000006	-5.944535418E8
96	0110010110000001000011111101111010101111010111101010010110000111001010000111001001100001101101011000001001001000000100011010101101010110111110100110100011000001101110110011010001110111010010100110000111000101101000010110101100010101	1175607.0	-5.889677024E8
97	1101010000111101100001111110011100010101111000100000010010010000110100100110010011101100010001110101001101111001101111111001001101100010100001101011000101101101111010011100000000111100101101010111010000011001101100001001101011010010	1166363.3999999997	-5.793916672000002E8
98	1000000111011110001110100110101000001111011010110100000100101110011011010100000010010000000110100110010010010100110101100011011001011111010111001011100010110111100110001111110011100100011111110100000101101111101000111011001000110001	1229759.6000000008	-6.466445021000001E8
99	1011100110101111101101001000001100100100101100001001100111000011111010010010001111101101101000100000100000001010001110110000001010111101010010110001011100101010000010001001000110100110000110110101011110110100011010110000100110101101	1039357.5999999999	-4.557665474999998E8
