SOLUCIONES INICIO 

0	1110011100001111011001011010010001011011110000011100000010101101101100010011001011111110101001110101001110111110101000001001010000001110011100000010001101011010000001001011100011111101100101001111111011011001101000000010101010010110	1876661.199999999	-2.785734984E8
1	0111101001110010011001010101101010111000110111000000111101011100111101001111010010010101110110100001000011011011100111111001101100010101101010011000110001001011101011101100110100001001001101000101000111001001011110111010001000001000	2026043.8000000003	-3.2581680499999994E8
2	1111011101001000000101110100010001011110100100110001100110101100011111011000011000110100011000110110101101110100011001101000100111110110111001000000110010000001000111010010100101100000110111111010111000100111011010000011000010110010	1879651.0000000002	-2.7948296070000005E8
3	1101101110110010101101110100100101100110111101000111101110001111100101011100010110011100001110000001001100010011101010010000110110101000101011101101101100011111011111110111011100100011110010101100100001101110110111001110101100100110	2198391.1999999997	-3.8491805740000004E8
4	1110111000110010010101001000110001100101100011011000000001110001001110110010010010101100111101110010100101011110100100100011111011110101001110011011011111000101001010010100111001001101110100101110000101011111011100011110010011000110	1981171.2000000002	-3.112369983E8
5	1100000010000010111000111101101001000100100111111101010000001110011000001000010111111110011100000101001010001010101101111101001011000111010000111101101011101001111100101000000101110101110100101100001110110111011100001000101000101000	1888056.2	-2.8204702129999983E8
6	0011100111101001110001111101001111011011000001000001111010100111011101101100101100111001100011100010001111010011000100001011111000111010000111100100001110101110100111110000011000101001101010101011000111101011010101101001001010011011	2041849.2000000002	-3.3103168029999995E8
7	1010000110110010110101100111101000110000000110101010110010000101111110110011000111010011001101010101000111011110101101100001010001001000101100111111000110011001010001110111100111000000100101011000101101000110100101111111110011111111	2027489.5999999999	-3.262921585999999E8
8	1110011101000111101011110010010100110110101100001101001101100101111101001111001001111000100100010110011000010010010001111000101001110110111011011001101101000011010001000000100100101100001001100010110110011000010110000000111100101000	1793177.2000000002	-2.5378223510000002E8
9	0011100010010111010101001100101110100100100001010101100101100100000111100011101110011100010010100001011000100000110111101011001100101111110001101000001111010100111100101010001000100111111001110110001000100100010101111111111001110011	1930973.7999999998	-2.953224989999999E8
10	1100000101010010101000010110000110000111010111111011111110110111011111100100000110100100100011101101011110011111110000110101000010111000111001110011111111000111010110011011100000010001011101000000101000100001110000011001100011000101	2018390.2	-3.2330657009999996E8
11	0111100011010111001100010001010011100110010001101110001100010101011111001110110010011101010001000011111110011100101100011001010110000000101110110010100100100101111110111001011110001010011011110010100101000101011010010101100010100101	1985874.2000000002	-3.1274940659999996E8
12	0101001101100100001101100001010101001111001111010110000101001100000101101001101111101100010010001000100000000000011100011011101011110110000000100000011100101101001000100011100011101110000101011010000000001101001001111100110001011001	1621880.2000000002	-2.0653059880000007E8
13	0011100010010000110110000001101010000111110010011000010110100010000010010010110110001101100010110010110001101010001010100100000001111000000011011110110011011001100101011111010100100011001001001101011111011000000000110100100000111001	1741635.7999999998	-2.3905328539999995E8
14	0100100100000010000100001001000000100101010010010110000011100001001000000011000111011001111011011000011000101101111011101010010010001101011100101011000000101111000110110010100110110000110101010110100000000100010110010011001111101100	1711767.2	-2.307191657E8
15	0011100000101010100110101110001010111011011000101001000011000110111011110001010011111111010111110000001000100001100111101101111011011111010000000110010101001100100111101111110000110001001011010001111101000011011000100110100101101101	2033937.2	-3.2841613749999994E8
16	1000010110001010001110110000010001100001111000111001110010000101101111101100101010101001101100100011011001111101110110011100010000010101100001110011011111111111101001110010101010011001001010000010001011101001111000110101001011001110	1988015.4	-3.134391420999999E8
17	0010011001000100111000010010100000001001110000001010100011110000010100110000101010110110110000011010100101110001111111100100011001010111100101000001100011001001100100101010111100010101100101001010000010010011100111100001001000110110	1728463.8	-2.3535986049999994E8
18	1000111111011111100100110001101001010100010000010001100001011010110111110010001000110011101010010001100011001100011010010011010011010000100001011011101010000001110110111101011000010101011001100100100100000110011110101011000101010011	1855772.8	-2.722622015999999E8
19	1000101110001111001010001011100010111111000010101110010000001101011000111001100101001101111111010100110110000001101000110001010000110000100111010111000101011111100100100011101100000001001001101011111000011111101101010111101100111100	1910196.199999999	-2.888573537E8
20	1001011000100000001001101111001111111100001100000000101010000000110100011111101110010011100100101010000101011010000100000010111011110111101101111111010100000111100111000001101111111100010010000010011100111011110011111110001101000010	1912024.5999999999	-2.894234382999999E8
21	1101101000011001111001110111010000000000010000010100000111011011010001101111001011000011011000010100110101001001111001111000010011001000101010101111010100011000111011111000111010000000100110010111000110000111101100000000110000010010	1809223.0	-2.584575267999999E8
22	1110011001100100101101110111110010000110111100000001000101110011101111111111000000111000101011111110111001100000100111100011001000111101110110100011111011111011100101101011101001001010001111010001010101111000101111100010011010001010	2152291.0	-3.686270292E8
23	1101100110011101001101110000001010110101111110111101011000110110110111001000100100001011000010110000101111010011111010011110000111001101100111011110111100010000010111100100011001110000010111101011111100011000010100010011010000010111	2033930.5999999999	-3.2841379820000005E8
24	1111101101110110011000010100010110000010100010110000011010100010000100100110111111100111101010101000110010101001001110111111011100011010100111110000101010111110111010111000110000010011110011111010011011010101101000100000110010010010	2020918.6000000008	-3.241348018999999E8
25	0111010100001000110011000011111000011111100110000010010001011101100001110100101011000101000111100111000111101001100000101111100101010001000101100010101100000000000111001010110100111010111001110010001000100101001010111010001000100111	1782619.9999999995	-2.5072935179999992E8
26	0111001000001010001100101010010011100000110001101100110111101001001100010101100101110010011010000001011000000000101001111010110011101000011001011101001011000110011100011000010011001000010000010010010001010100101011000111000011110001	1656043.0	-2.1556608369999993E8
27	0010111001111100010000001010010100100011010000000111011001010110011101100001000000110110000100100111100001011000101001100001011110110010010101011100110001001110110100001100010101001010000100111010110110100101000101011111010101101110	1770714.0000000005	-2.473087539E8
28	1100000100011011011100101100011011100000010011101001100101000011010110011101001010111111111110000000100111110101110100101111111011110011000101111101001111001111100110101011001001101001101110110111000011011010010001110101110011111101	2216072.7999999993	-3.9125977709999996E8
29	1111111001011011011101000100100100001010011111010000000100100011011011010100010000100110000100010101111010001111101011000011100001111001001001001011011101010101000000001101000100000111011011111101011001010101101110111000001011001001	1817950.1999999997	-2.6101831199999997E8
30	0001111110100001010010001010010100000000101011100011111101111111111001001011000010110000111110000111011100001001001010101100011111010111000111010011010000111000000111111110001000100111001111011010101111101101011001000001100011010111	2052017.0	-3.3440845849999994E8
31	0011100001000101010101001110011011101000111010111001001101111000101111111011110111011001110000000011011001010101011001100010010100010101010111100011111110101101010100110100111111111111000011110001110011101011011111010100100010101111	2118232.4000000004	-3.568175167E8
32	1011001100100100001010010001010111001101101011000101010101100111011100101010000100010011011001010100001001011110110011001010101010111011111001011001111000111110110000101100101100001101111001110100101001010000011101111011011111000000	1974406.4000000006	-3.090678060999999E8
33	0100101111101001000010110011110011000110001111101101010111100100100010011011010111101110011100011110011100000001101000010000001010101110000101010010100010011010110010100110100001011101011000110111001110011110000111001010101101111101	1899883.0	-2.856747836E8
34	1100100011110010000011110010011000000111100110001001110110100011100100000100000011110010010100101001000110110100000110010110100110000100111111011101110000111101110110101010111010010110101011000010011010101100001101110001001011000100	1880534.6000000008	-2.797518542999998E8
35	1000001000111101110111000001001101011000110111101100010000101000100010111001110111110011100111000010110111000001101111110111000001100010011010101000000100000001110110110110001111011100010001000001010000111110110011010010001000001010	1873915.0	-2.7773971839999986E8
36	0101010000011001010010101001110110101010001110100110110111110001000011010110011101000010010010000001010110101011011111001011000011101100110001111010101000111011010010110110001110111010101011010001001100010011101101101111111111011011	2049140.6	-3.3345144189999986E8
37	0101001100100011011110100111011010000101000010110001011111000110011110000011000010101001110010110100001010000010111111111011101000101000010100111111100011110111010000000101001111000010010100110111010111011100110000110110111101110000	1887722.4000000001	-2.81944923E8
38	0010011001000101010100010111010100000100100000110100111100001001100101000000110100101011001011101000100101110110010000010010111111101000000111010111101010001000111011101001011001001111111011011110110010101011011111101110011101110110	1926916.4000000004	-2.9405438519999987E8
39	0110110001000011010011111010001001110101000101010110101001101011000111001001010000100001010011011110110001010110000101111100111101101000010000110011001000100100001100111100100100110111100010101101001101000000000101110110110111010011	1859957.8000000003	-2.73520796E8
40	1011101110111001011101111001001010000000001001010111000110010011110011000011101110110110100101111111010110000011110001110011111000111010010000101011010011101100111011110110000101001000110100111001100100100100001001011110011101011000	2083715.2000000002	-3.4504542109999996E8
41	0111110101101010111110001100110100111001100111101001001001000010011100000010000001100110111011010011100011100101110101000000001100000100000100010101001111010010110101110011011101010001001101111110111101100010111001101100010110001110	1893381.8	-2.8367773559999996E8
42	0011101000000011010001000000010000011100001000000010000001001111010011110001101001110000001111000001000100111010001100110001101011011100011001001000100011111010011111011010101011001000101100001111110011101001001111110010010000110010	1779067.8	-2.4970649319999993E8
43	0100001111010010111001111010100000110111010010101011000101001111010010101111111001001101101101100100010011101001101011010001000100001111101001110001010001000000101000011011011000010101010010100011110010111000001100111001111011000010	1845746.7999999996	-2.692584711999999E8
44	0100000100111100110100000111101011110000101111101111000101111000010111101111100001001110000110100101101100101110111111010101000111110010000010011111110001111110100001100100100100111110001111110101110010011111101111100101011111101101	2151449.1999999997	-3.683328277999999E8
45	1111100110111110101000100100101001100100101110010010101000110111011000000010100111001001011110111111011001111111010001110011110011100011011111100011000111010100101010111110100111010010101110111110001001111101111010110100001100010001	2215074.4000000004	-3.9090041480000013E8
46	0110000001101000101101110000001101011010011110011100110100010001111100000011011101001111111101100001000100111000011111100100111100110011001100100010101111000110111000011110010010010110010100100011111111101111111100001010001010100101	1992146.1999999995	-3.147719770999999E8
47	1011011100000110000100010010010111010000100100110000001011110111000111101010001001000110001000101111011011110001000110010001101100111001001001111011000011011100110101000010011111010001000011101101101111101001110001000001111100111110	1894816.5999999994	-2.841178371E8
48	0000001001011010101011000001000001011011011010010100111001110001010111111111101111000101011111101110010010000001111101101100001110100101101110001100011111101010100010101111111000011111001111001011101011001000001100010001100011110011	2038292.0	-3.298545130999999E8
49	1011010100000011010111100110011010001011111101001111010110101110111001000001000000010010111000001010000110011111001101000101111100100001110111110000101100000000110010010111011100000001110111011000010000111010100100100100111111110000	1854701.0000000005	-2.719404034999999E8
50	0110001100001010000000001000101111101000101001000100110110011111000001000100111011011100101110000010011010110110101001110011010101000111010000100101011110100000000101101001111010000001000011000001110010100100011010001011011110111010	1751619.7999999998	-2.4187206919999996E8
51	0010101111001000100011100011001111101111101011010100000100101001110001101101111111110111000001001000001100010011111010111100011010110101110010001010001010011000101110100100110010111100001010000111000010010101001110010101111111011001	1955259.8	-3.029699077999998E8
52	1111100100100110111111010100101110001001001010110010001101011010101100101110100111011010111111010111011101010100000100110110011111110011000000111000011100001001101100100111010111101001111000100011110100011101010110001111111111001101	2108387.5999999996	-3.534398366999999E8
53	1111001111100111110101110010111110111111011111010100001010100110100011110111101100010000001001111101001111101010000100011001011001000010000111011000100111111010000000011010110110001001001001101010110001010110111111110100100101101011	2033196.7999999998	-3.281718016999999E8
54	1101011011010111110000111110000001010001100000110011100101110111010000000111101111001111101011000101101010000111001111110011100101110000101101000011111001001110101100100010010111100101000100101111001011011011110110010010110101100110	2038469.3999999994	-3.299132024000001E8
55	1011000101000101000100110101110110011110101101001000000011110111001010111101010100111111101110000011010010001101011110100001000011110100011001101111101011000010010010100010111000100001100011011110111101001010001110101010110100110101	1923628.4	-2.9302870670000005E8
56	0110101111101110001001100010010101000110111101110001010101110101000111110010001111100001111110000010001011101001100110001010010111101001011111000110001010101000110001000001011010100010100101011010010101010100101100111010100111000010	1807586.8	-2.5797886239999992E8
57	1101111011110000011011110001011010001110000100000100001001101000101010011000111010010011001001001101011101011010100100010010100010100011000100011001011101101101110100011000010110100000100000110010010011010110111001110110100010100111	1788391.6	-2.5239603869999993E8
58	1000100101111010001011100001111000001111101010011101100101010010011100100010100100100011010000100111001100000000010111110110100001100100000000111010101011110110101110100011101111001100001100010010100001011000010110001101000001111100	1794124.5999999999	-2.5405717039999998E8
59	1100011001111110010110101001101011000001101011101101111001111011000001000011110010011100001111010100010110110000000000010111010100111110100100101101001001101111000010100110110011110101011001001110011110010001100000110011001110011100	1935436.8000000005	-2.967205231999999E8
60	0000111010011111111111110101000011011110100011111011111000000000100001011011001011010000110010011011001100101100110100010000000100101101011001110110011110100110101000111001111100100010100101011000011010011110001000111001010101110000	1880573.4000000001	-2.7976365979999995E8
61	0100100010000001101000110010000111001110011111011001000100100010011110010101011100001011110101101001110001110000110010111111111100110001100100010001101011001110011010011110100010110111111011110111101111111111100100100101100000010100	2036311.2	-3.291998141E8
62	1010011010010111011111000101000100111010100010001011101100101100000100010011100010000011110001100001100100111001001011111110110111100100010001000100100001001001111111001101001001011111100010001010010100011000010101111110011000010000	1858743.0	-2.7315516529999995E8
63	1110110000011011101101110111100110101111010010101010000110100000001110101110010100101010100111001101110000011000001010110110101011000110101110101100111111100101011101011001011010001101010111111001001001100011000110100111011001011000	2034019.4000000008	-3.2844325649999994E8
64	1111111110011010101101011011011000001010101001101111100010111111111110110100001100011100010000001110000111011101011110010000000101100011100010000000010110101100010010001100101010110011011100110010110010100101011000101001011100100011	1883463.2000000007	-2.806443204E8
65	0001100101100000101000010000000101110110101000000010001110001111101000001110100000110000010011101101101001111001001100010010101010100010001010001110111011110100101110101110011011000000110111111101010010000110110100010101101110110110	1889714.2000000004	-2.82554187E8
66	1101010110010111111111011001100011110111111111100101001001110000110111111111000100010000011001010101111001001000010100011000000111110110100001010010111010010100011000100111101110000010111111010101100001101111101100100000101100010100	1945271.2000000007	-2.9981261000000006E8
67	1000011100001001010011101001001010011001010011000111101011111110100110000000101011100110000011010010101101111011001010101000101000110011000000000010110101011111010001110010010100110010011011111001110110010110100111010010110110110001	1884344.2000000002	-2.809132307E8
68	1001001110010101000100001100011110101010100011000010010011000001100111100101000011010101000101000101010010111111000000100000110101010010100010100100100011111100100011001110111011010101110111111011010011111100100110001110101111101011	1914762.3999999997	-2.902718597999999E8
69	1101000111010011100010100000011001011110011011101000110001011001010101001111100101100100100100011111001010101110001000000100110010110000110110011100000111101011011010000001111111100001011011111000100110000001000001011011011110010001	1784823.4000000008	-2.5136502099999997E8
70	1001101100100010100111000010011101110011101010100100101001000000010110110111101110111111001101000000001010100000001011101001001101000010101000100010001110101101000001000111100011011101001111110000001011110100110011010100100000001101	1716747.2000000002	-2.3209836790000004E8
71	1000110011100111010110111101111011101110000100101010010110001101100100100010011011100000010001101001111110000000011000010000101001000111011011001000110011100011110110100010000011001001010110011011010010110011001001001101110010000101	1812164.8	-2.593193792E8
72	1100001111000010000010010111010100001001110111100011011011110101110110000101101111000001100010101110100000111111000001000110101011101101100111011010111100110110100111010101110010011100111010000011011101100101011011100101111111001101	2090241.2000000007	-3.4725588859999996E8
73	0001011110011010000010110101000010110010011001010100010110000101011000000010000010000011100111011100101110010100110011111010110100001111000010011110011100011111000010010001111011010001111011011011100011000001110101101000001111001111	1812893.4000000004	-2.595330394E8
74	0010111010011111011111010011000111001110000101010110101111011110101011100010010011011111001110000000000101101101011110110011111010111010010101000001000010110010110010010100110011111111100000000000011010010011001011100111101001111000	1985841.5999999999	-3.1273894839999986E8
75	0100101011101011010010010111001010100110011110100001000010111101010011000000111101110001000010110010000010100011001001001110010111100111101011100101001011001110010100100010101100001110011111000100110011100101010011001011101111011100	1866935.4000000001	-2.7562594459999996E8
76	1101100110100010000110010100100010111100010100100000001010111100001010000011001010101100001111000100000010011000000001110101111011011101111110110001001000000001100101111110011011001000100001100110101000000000100111110001110011001111	1815744.0	-2.6036966889999995E8
77	1100100111000011010001010111010001111111010110010010010000000010011010011100101110010001010111001011000111110110000010110010111000000001011111101010110010111001111101011100100101001110100101001001110111100011111010001010000110001100	1973639.4000000006	-3.0882234949999994E8
78	0110000001100110011011101110001011011011001000001111101001100000100000000110000110100100110010110110001100111000100110100010111100011101111111100010110111001001100100110011000101010100001001100110110110011110000101111100101101010100	1898450.2000000002	-2.8523400759999996E8
79	1011011111100011101100001100110011101011111110000110110110010101010110111111111010100011010010101010001100001110100010011101011001100110111111000001101111000100101011010111010110001000111011100100000010001100111100010100001101100000	2058631.8000000005	-3.366145379E8
80	1111111111011100000100101101001111010010001000000101111111001100001001010111010110111100010100100110001100001000011110001110010110000110000101110000011110011101011101110100110111100000011011111001010101110110100100010010101010110001	1993663.4000000001	-3.152624286E8
81	0000100111111011110000100101101000000100110010010101010110111001111000001011011101000010110111101001111110100100000001110100101111101001110100110111110100111101100110100111101100000101010000010101011110110001001011101000010100101100	2005402.0000000005	-3.190686222E8
82	1000100100010111000010010010011011110000111000000001111001000010011111110110111110111001111100010010110101110110011000011011111110000101110001001100110011100010101000101110110101011000111100000000111110010000001100111110000100001111	1933981.2000000002	-2.962642004999999E8
83	0001010001111111100001011110111001000101000000111101001111111100100111011110101101101110010010000010110101110000000011011100000011101001010000111110011111010011101110101010010100011001011011011101011110010001001001101101100110101001	2021044.0	-3.241758609999999E8
84	0010010110001000101000101010101111100100101111110000001101010111001110000100101011101000000011010010000111110101001100010111111001010110011001010000010010001010010110001100001100011010110011001110110100101110110101100100110011010110	1853120.8	-2.7146619859999996E8
85	0100110001101101111111100011010001110101011011010011110010001011111110110101011110010100111011010000110001111111110010010001011000001010110100000100001010000011001011101101110010111011110011101111100011010110011010110011010011111111	2100623.0	-3.507871489000001E8
86	1000101011001111100111000000000010111001101010100000000000100001001111110000011011101000000011100101101000000111100100101100010110011111110011001101111110010000011001001010100110011000101110111101011011111111110110100000000100101100	1799938.8000000005	-2.557470406999999E8
87	1010011111110101100000000000000110011111100011010001011011011000111110011111110110000101001000011110110101110111101111000100011101111101111000101000011010111101111010100110001110010010101010000110101100001101010000000010000101110110	2069741.6000000006	-3.403358247000001E8
88	1110000000010100101111111010100110000110001110101001101010111111000110001000011100010111110100000000101100011011000010010111011101100101010001001011100111101001100110010101100011100110110011000001101000111101000010100100111001000110	1861699.5999999994	-2.7404557029999995E8
89	0101100001100110100011001010000101000010111000010110100101010111011100001000111011010000011100111100010011100011011110101011000010000111000000010000010110110011110100101101011101100111110010101110111011110111101001011000110111011101	1913034.4000000006	-2.897361724999999E8
90	0111111100011111101001010100010100110000111101100011100100101011011010000100100101100001100001001100101111001100000011010011010000101011000011010101100101100111101111000110001010111101111100011010011101111110101010110010000011001010	1957099.1999999995	-3.0355315919999987E8
91	1100100001000101000111101001100110101010100000111000011111001000000011110011111110001000110011001010000010101110110110101001001011010010001011111110011010100000101100100111110000111000110001000110000101110101011100011100011001001111	1854346.9999999998	-2.7183414490000004E8
92	0100001101010011111101110010110100110010000011010000110010111011000110111100110110101101101100110010010011111110011101010111000010001001101010011011101100101000111110100000000000111100111110101000011110101110100110001011100010111010	1996282.1999999997	-3.161094557999998E8
93	0100011010010011011001010011000110001111011100101111111000111100110010110011010000110010101101011111010001001001011110000010000100010010110001011100011101111011101000111101111100100111111101101000011011110100010100110011011100010111	2020266.800000001	-3.239211151E8
94	1010101110111010111000100000001011100101011000111010011011001101110011100000100110011011110010101010010011011000101111001011011011101111000011101100110000000000011011111001011100111000011000011110010110100111100100011100110001010001	1961560.6000000003	-3.049699850999999E8
95	1010010011111100010001101010001110100111111110111010100110000000010100010111000100110011001101100010010111110000111000101110111011110010111000100110101010110100111111011100000010110000111001111111001001111101011001011001101011010001	2093203.2000000007	-3.482616214E8
96	1100100000111010100100011011010010000010111101001110101001001101000111111011111010110100011111011101110101000011101100000010110110110111111000110101101111101000100010110000011101110110001110011110001011101110111111011011011101110000	2118493.6	-3.569075473999999E8
97	0100001011100001100101101000011111001101101101001000101000100110101101011110101011101101100101001010111010111010000010111100011001011111101100111000101111101010000011011010011111101100000101010010011000101000110001110011001010101000	2015545.8000000003	-3.223760141999999E8
98	0100011110111010011011010100111011001101000111000101100101100001001110111011100011010100101101111001010110110110101101100000110101101001111110010111100100111101011001100100100110001111000110101010010111110010000010111111010101110100	2094044.0000000002	-3.4854742929999995E8
99	1010010110111000011000000001110101110011101011110101000111111000101100110001010010011110011001100010000011100110111011010111111111111011111001010000010100011000101101100100111111110111101111010001100110100110011110101000111101100111	2147938.2	-3.671069559E8
