SOLUCIONES FiN 

0	0000000111111101011011001010011000110010010010010010001011001111110011110111000111101101110011000011011010110111101001011010001101100001000000010101100011000110110111000010011111110011000100100001101000001100111101011000100110001110	1076192.8	-6.505722806999998E8
1	0000101100100011001110111010010110011000011110100010001101010001011010101001001011000011110011111000000010000000010000111010100011011001101011110100001100010010010001010000111111000100011010000011010010010000011000110001111010011011	895139.0	-4.4250476879999983E8
2	0111000010101111111111010101101011010010000010101001001010101011101011000111011100101001101000101001011110001001101101101010001011001000111101111101111100000101100101010100110111110101011011111000010100101010110111000010110001111001	1155042.0000000002	-7.536802147999996E8
3	1000110100001101000010100100000010000110110011011111100110110111101000100001110010001010011000111100001000000001100011110000101100010011101100100100100001110101000010111010100111011010101101010100011000011100001001011011010100101001	984459.4	-5.401565727E8
4	0010000110101011000111001100011001010110010110110000101100101001110010000110100100110110101001011000111110010010000100010001101000010110100111010100000110110001011101001001001111000111000010000001101000010100101000110101101100100001	973959.9999999998	-5.28173081E8
5	0110010100100001001100110111000100010110110001011101100100100011000010000110000010000001001010001000111000001001110100100001001011011111111010101100100000111000110010001100101101000011100010110010011101011001110010110100100110000001	938939.2000000002	-4.8917481350000006E8
6	1010110011101011001011110101010010000110111110000111111001110100111101000110111111101011111111011100100011101101111001100011110011001000110111011011100100010110100001011110010001110001101010111111000000000111010111011011010101000010	1237915.8000000007	-8.702223899999998E8
7	1010010110010101110100001010111110011110110000011000000110010100000001010000001000000011011010100000010100010000000100010100111010000011000101100111010111010100100010001010001010111101011010010100010000001000011001000100100001101111	864150.8000000002	-4.1089897479999995E8
8	0111000110100100110001001001111000101011000100110000111111001001001010110100101111100001011111111111100101100010110001100100001010100001010000011000010010101000111101101010110111111000101001101010001011111001001010101101100011110110	1104011.4	-6.860840511000001E8
9	1011111000011000010010011111000001100010010010101101000001111011100011101010000001111001101110000110101010011100110010011110101011111100100011001001001100011001001011011000010010110000011100110100011111010000111000011100001110000001	1092763.2000000004	-6.716116776999998E8
10	0000100010010100000101001100100100111111010100000001111100000011110100110111001010011011001111000011000010101101001101001000100000011101100000101100010000011011100000001000100110111011001000001101000010111101101000010111010000100001	826520.3999999998	-3.740930777E8
11	0010100100110001101010000100101100010001000011000111100110101001000010001010010010001010110100101001110000011111101110110010001010000101010000011011001010000000100001000000010001101000101010000010100001011100100000111001010110111100	832130.0000000001	-3.794704042E8
12	0101011110110011010111110000110101001001011010010101001101100110100110000110101010111100110101000000100010110101101001111111000100111101011000011100110000100010001110110001110111111011010010001011101011101000001011110111111000000100	1140922.0000000002	-7.346587997999998E8
13	0111110100101101010001110110010100011001000101100001011000010010011001101101101101001001000101111100010101010011011010001011111001100110101100011101001101100100011111010010011100100110000100111100001001111001101010111010001001111001	1140277.4000000004	-7.337962335999995E8
14	0000000010110100010001001110000001010101001110001000000100100011000000001110000000000001000011001100010100011000101001111011101001100001110001001100100110010011111000010000001001111000111101100010011010000110001001010111010000110001	826408.8	-3.739866252E8
15	0001100110110011101100000011000111011110111101000001110011111011000100111100110111000011011010111110001100011001000011110110101000101000101011101100100110010001101101101000010100010011110011110010111010111010101001110010010000001110	1118535.8000000005	-7.050001622999997E8
16	0001011100110010010101101100111000000111010000110101110101110110100110011111000000101111011000000111110010011110011001111001010001110100110100100001111111110101010001101011011110100100001100111110011100001111001001111110101001011010	1194120.200000001	-8.075909998999997E8
17	1001110000010110111001010110110100110111011001001011101111111001001101001101111010011110111011101000011011001010100001110110111010111010010010011111101000001101110000110111001000011100101001110101011011011010001010010101111111101111	1260544.0000000002	-9.034990686999999E8
18	0101110010101100001100101001011000011011110001010101001101010110100001001100101001110010101101001100011111000100100000011110001001001010000101100010010100110100011001100001101011100001101000110000001001001001100010110011101011010111	969802.6000000003	-5.2346531490000015E8
19	0111011010000000010001011000100110011111001011001101001001011100001110001011100011001100110101100001100100011010101001111101001100101010110100110110011111101001100111100011100101101100011000111100011100010001111011011001001110101000	1161410.4000000001	-7.623389684E8
20	0010010110000100101000101000110110101000101110100010110110001001101000000111000011111000110000000110010010010110001001000001011010011001100011010011000000001011010000000101001000010101110111100010101110001001000001110000101100000110	848628.6	-3.955076293999999E8
21	1010001101110000010101101101100000000010110101110111100111010111100011110000100000111010001001110011010010101100100010110000011100000110100101011010001001111110110110111101111010011101000011100000100100101011101110010010000111101110	1147663.0000000007	-7.437096024999999E8
22	1010101010100011111001000110111010111001100011001000001110000000001110111111000101001011100101110100011110001101111011100001100000000011001111011001110101000110011110100101010011001000100101101000010100001010011110000100010100001011	1102730.6000000003	-6.844282891999999E8
23	1011100011011000010101001101001011001110100101000110110100011010110011100100010101110010011010100110101101010000010000111011101110010010010001101011001000001100110001111111100111000010010111110111111011001111011110011111000110010110	1190215.6000000006	-8.021206802999998E8
24	0001110101110111100101010011000011100101001101000001011101110010000100101100101001110001010101000111010010110100011010110001100011011101101011110111100101100011100110010110001110111001011110000100111100010000111101111100010000001111	1145274.0000000002	-7.404956889999995E8
25	0000001010100100010101100101101110110111111101110110101110110110100000100001110010001011000100000000100110100001111000011011111010110000111001011000000111110001000010001001001100111101111010110110000100100000110000011011011101111110	1027001.4000000003	-5.900866432999998E8
26	1100100101011000011110010101101001011000011110001001010101111000010111101000110010000100010101011110011010001110011101100111100101100101011010110110011111000010101111110001100110001001010100001111010010011000011101100010100001100110	1182071.0000000002	-7.907698844999999E8
27	1011110110111010101101000110100001110010100100110010110110000100101110100100100000010110001111100000100110000011000001011001100101111010011001010111110100110101111111011100000010010111111001000001101010110010111101111010111000011111	1181252.2000000007	-7.896330494999998E8
28	1111111000101110010111100110011011100101011110111100000011101111111111000011111100110100100111011001001000011111101011001101001010000110100010010111001001111110101010111111101100001101100111101101000010011111101010101100111000100011	1320139.000000001	-9.941259101999999E8
29	1111010100000011111101101111011100011111100101000100010001111110001000101001110111111001111110010111101011101110110110010110111110010111011100101101000010101010011100001111001101001010001000010110000010001100110101010100000110000111	1257958.0000000007	-8.996643739E8
30	1000010101100010000100110111001111101011010000000001011100000011000110111111101000011010010110100110100101101001100110011110101100110011001111011101110001011011100001111001110011101011110110101111011000011000111111011100111010101110	1208796.8000000005	-8.283192580000001E8
31	1110111100000100100111110100000101000111101101101010011100100110001100101110111101001111011100001011101011101100111001000100001010011010000011100000100010000111000101001111001100100001111100100100001010011110011111100000001000001001	1078237.8000000003	-6.531507392999998E8
32	0010000100000001110000011101101010110010010111100101011100100111001111110100010100111111000010000010010110110000001111100010100010001110100011110110001001110010110100111110100110101000010001000000001001000000110100100010110100100010	1041537.0000000001	-6.076525616E8
33	1001100001000011011001111100001010110010110010101100001010100011010000111101000010001110011101011000100100010001011011111011001100000100010001010110110100100111111100111011010110111000101101010010001111011010011010001100000100110110	1117925.2000000002	-7.041997956999997E8
34	1000000011111011000110011100011111111000011010010000011001100111001101000100011101101111110010100011011110001100000000001011101010110111001010110001011001100110100000101010010011010111100000111111101001100001001001011001100110001100	1051661.0	-6.200392289000003E8
35	0101011110110011010101110000110101001010111100101111101100001000100100111111111010001101110101011001101111111111000010111010011011000010011111100110111001111000011100101010100001111001010110000110000011101000001011110111111000000101	1240638.0000000002	-8.741926228000001E8
36	0111010011010000010101110111110100001001110110111000111001110011000110011011111011000001011101111010110010100110100001111001010101111010000111101100110011011111110001000010101001000110011011100000101000101101100001001101111100011111	1101935.2	-6.834011722999997E8
37	0010010000100100011110010100101001100111001101100101101100111101100111011011010110011100011011111011101010000001100110101000111010101000011101100110100000001101001011001101111001100000011010111100111111011111100100000111100100111000	1129080.0000000005	-7.188937088999999E8
38	0110010100110001011110010011000100000000011111111011100100100001100011100111111000111110010011000001000000011100101111010110101111010101000100100011001000011100111101100011111111111001110011101111100000001101011010011100100010011011	1143702.8000000003	-7.383856504999999E8
39	0010100010011001100100111010010101010010000011110100101010011100110110100011011000111011001010001001011000000000110011111010001001100001101010010101101011000110110110101100100101001010110010100110010110001111100000010000111100100111	1030945.1999999998	-5.948271114E8
40	0000100010110100010001001110000001010100001110000100010100100011000100000101011101110100011100110100010011000000010010001001000000001011000100111001110110010001001000000000001101000100111010010100011011111110100111001101101000011100	759883.0	-3.13151812E8
41	0001100100100001100110001111101100000110000100110011010101110100110100111000011001100000111000100001111000100100010110000001100000111110000010011101100100110000111000110010100110110110110000110110011010000101001001110101011111111111	988921.5999999997	-5.452900066999999E8
42	1010010000110000010000100001101010100011111000001000111000010111111100010011111110011010001101110101100100001101000001011001101101010111011001101011101000000010101010101111011111010110010101011110011110011011000000010111000011000001	1126595.0000000005	-7.156072280999999E8
43	0000001011011101001110001000110100010000000101010110010000111100001111110100010100111111000000000010010010110000001111100010100010001110100011010110001001001110001000011000011000000111011110110100100110101110001001110011111000111101	939841.3999999998	-4.901607933E8
44	1000001011011101001001111100110100000000000101001110010000010001001100101010000011101011101110000110101010011100110010010110101010111000100001000000001110001100100011001000000010000010110111010101011100000000011000011111001100101101	895570.6000000002	-4.429532306999999E8
45	0010110011000010001101111000111000100001110101010111100001111110011001011100100101000011110001100111111111010111101101011111010001100110100000011101110111101101010111000101110110101011111101011111011010010110000010011101101000100011	1256145.6000000003	-8.969819654999999E8
46	1001000000100100110010001101101000110101101010100110110110111001011011111001110000000100111000010011101110000100010110011001110011010101001011010110110010000000110101000100011101001110110010111000000100110010101000001011110101000001	986326.2000000001	-5.423011673E8
47	0011011101001100111001111101101110100111101110110100000111010001111101111110011001010011100101001100000101010001100011111101100011110101111001000000100100101101111010110011001001010110111011111001101101110101101000101101001001011110	1230725.2000000007	-8.597786691999998E8
48	0011001000100111000000010011001110011100101101100110111011000101111001011010110100110111110011101100011010100001010100110011100000111001110101000111101001111001101010100011111110100110111111111011101100100100010101001101111101100111	1181797.2000000002	-7.903895736999997E8
49	1100010110110101111001010101000011001110110111000110000001001101011100101011000111110001111011010010010000010110000001100100000001110010101011000000101101100110110010111100101000111001101110011100010000101000011000011100000001101111	1019368.6000000001	-5.809658146E8
50	0001001101110101010000100101000000101010110100110010000001011001101000110001100100101011000010101010001000010001100110110100001011110010100010011010111101011001101111001001100110110110110000010111000010101100011110101100111110001111	1073614.6	-6.473289419999999E8
51	0010000100101101101011001011000010000001011000011100101100000000110000110000001010000100110010010000111000100000100010111001101100011010100001011000111101110111000000000010100100000100010011011111010011001001011101100110010000100001	791433.1999999997	-3.413303087E8
52	0101011110101000010111111111001000100110010000000001100001101001100000111100111111011010010111000011101011100110010110011111001111111010010110110000011101011100001001110011010110000110001110100111110001111011001100101111001100100111	1211155.8000000005	-8.316753869999999E8
53	1001100111000000000010010001111111011100011101011000110101101100111001110001000110111100111101000000100010110111101100100101110010011011100100010110000001001010110010011101110101011101011000100100001011110011000110100010110010001000	1078023.2	-6.528799982E8
54	0011111101101000100111111101000100000100101101011010011111001111101111010011110111010110011100101000111101010010010111011011000110110111111110001110010110011111111110011000011010111110100000001011011101011100011110111011000100111010	1317520.8	-9.900533819000001E8
55	1101101111111100110001111100001101101111111000001001011001100001100101000001100101000001111001101010011101010000101000010000111101010001111100110100110011111111000111011111110010001100101101111010000110001110111001111010110111110000	1263778.0000000007	-9.083058940000001E8
56	1010110000111010011000110110100001001111111001110110001111010111101011011101111001010110101111100100110000110101001110001010010000010011111110001101011110010010110010111110111101011101110000111110001000011001111101100101110001100100	1246525.0000000007	-8.828093133E8
57	0111000011101100111000110001111101001111010111011010001011110001110011111001100111011011000101001100101010000010011110000100010110000010010001111010000010010101011100101011110001011111111101100000111010000110010000010101101010001000	1098650.2000000002	-6.791667422999998E8
58	1001111100111000111101001000011001110000011111000011010100010001011001001100011010110101000101000110001111111001101111101110001001010101110010011110010110000010100011010110000010100111111101011100100100110101101100001101111101011000	1149766.6000000003	-7.465453228999997E8
59	1110000011010110000110010101011001001001000001010110010100010100010110001110100110001000010000001110011001000110101100010110111001011100010010101001110001111010100011000000011110111111100101100100111111110011101000011111100110111110	1019983.4000000001	-5.816979824E8
60	0001000100001101111110000001000010000110111010010010010101000001100011110010001110100011110101010011100101110001011101011001010001001111110101000101101100110000001111010001100110000001111010000101101010100001000100100100101101000001	1052658.9999999995	-6.212670296000001E8
61	0010001000100111111001011100100110110011001001010100111110100010011011010001000000100100101111100010101101111000011000101100001011000101011001100001001101001000100110101110111001011010111100100011011001110000010010001010111000100100	1061603.2000000002	-6.323252680999998E8
62	1111001010010010101011101111100000000011100110010000110101101010101011110101011101111001100001101001010011110111101111100010000011011101000110000011111100111000100011110110110100100010111100010000011011111000111001000010011110010111	1210268.8000000005	-8.304126027999997E8
63	1110000110011110001011100000100001100111010001111011000010011010010111110110100111101001110011000011000010110111101001011010001101100101110111111010011000010010010011101001011001000110000011010101101001101110011110001110010111100111	1147822.6000000006	-7.439244149999999E8
64	1011110000010010110000111101010101100101011010010110010101010111011110110100010100011110010110100100000011010110010010100111101000000000110111011000111110001101110101010111100000110110110011110010100111000010111111110110001100111001	1153401.6000000003	-7.514579170999998E8
65	0001100111101101100111010001001001001110101111001110000000001010101100111010010101111101000011100010001001001000100000011010111001010110010000101110001011011110100111000101111001100010000001011010111010111010101001110010011000001110	1041117.6000000002	-6.071421221999999E8
66	1001111101110100011010110011001000111010001001111110010111010100000011110110111001010001111010100001111010100001001001001011101100010110011001110101000010001100010000111101111111101100100111111001110010100100100000011101111010010010	1127339.6000000006	-7.165910999999996E8
67	0101110101000001001000001100000110001000011000000101010100101110011110111110001010100010100101010100010010000000010010001001000001001011000100111001110000111010100010010101111011011001100010100100110101010001000011001110001101111111	886221.8	-4.332897308E8
68	0100010001100110010000000110011010000101101101010110110101001100000010101010001100101110110001011111010100111110110101101010101011111010010110000010111000000000100111111000000010110110100110000000101010100001110010101110001001110010	1097019.2000000002	-6.770695031999996E8
69	0100110100011000110001001101000111011001001011100100000111101111110111011011111001011111101001001010010101110111100000010011111011010000101010111010010110110111000011011011000001111100110111001110110101100101100000100111100110100000	1198660.0000000007	-8.139744769999998E8
70	0011011110001001111011111000001000001111000111101010010001000010100010010100111010011010111110010010101010110111011100110101100111101111100110110010000010000011111001110001011010111111011010011011011000010010110001011001101111001001	1168403.2000000004	-7.719033815000001E8
71	0000011110010001101011011010000101000110010110110011010110111111001000100001010101111111010010011001011110110111000100011001011000100011010110110000100100101011100111100111100101011101101010001110110110000011010010110110100010110111	1170836.8000000005	-7.752458101E8
72	0111011101110001011111011111101010111111011101001111101000100101110000000110110101010110101000001101111110001011001011001001001111110111110000010100001011000101011111000000011010101111110111011010111010001111000001011000100111010101	1187416.800000001	-7.982107484999996E8
73	0110010111010000001011011001010011001011011001010110011011010100010001010010010100000011100010101101110011010111101010010100001010011110100000000011000101010101100000111011001101010010000111101101001011111100011000111101110111010000	1090966.5999999999	-6.693141805999999E8
74	1101101010110110111001010101100001010111000101011011111001011111111110001100001111101011001111011110101111110110010110011100100001011000100010101100110001001110100111101110001011001000111011011010100111111001100000101100100100001111	1263751.000000001	-9.082657517E8
75	0001111011100000010011100001101111100001011010000010100011111100001000111000000110101101000010001101101111000010010101000010000011101100010100100010100110010101010000001110011100100100000011000000011011010001111101010001111000001010	930511.0000000003	-4.800126767000001E8
76	0001001011010110010100111111101110110011011101110101101000001110111100000011010111111011100001011101111010101001000010100010000101110100110000010110110101110000011101010110010101110001101000111100110111111101100111111110101010001010	1183931.6000000008	-7.933557000999994E8
77	1011001101011001110101110000100110110100110010010110101000011001000111110010100011001101110011111100010011100100000010000001000111100001111010100101111111011100010011011010111110010111011110110111001011101011010011110010001010000101	1152008.0000000007	-7.495726841999997E8
78	1001010110010010000001000101110101110000001001101000011110000001100000110100011000010100001010101111000100001000100000010110011001010011101011001100011111101011100100110110000010100100011000001111000010111101001001010111000000110001	981918.3999999997	-5.372440611E8
79	1100110000111011111000110101101010110100101010100110110110100111011100100010001000001110111000111001111001111001110101011011101011100001101000010010100101111110101111110000011110001011011101111100101110001110010110000010100000101111	1226228.8000000005	-8.532801445E8
80	1011100000110100010000110111110110101000010110011101110011111011001111110101011110010001010000011101011101010001001110100010000111110001111001001001000101011111010110001110110110000001010001101000001010001111100111101101010111100000	1158665.0000000002	-7.586000476999998E8
81	0001111010001011010110101011001010010001011010000010100000000010111010110001010100101111111100001011101000011110011001011110000001000101110011011010101110101000011111100111101010101001100100110010010100100101110100010011101110010001	1170602.0000000007	-7.74923131E8
82	0010100010110011000011001110111110101110010101110110110110011110000011110110101011101111110110101111011110111000011111111010011011000101100100011001000011001110001001011000001000000111011111110100100110101110001100101010111000111001	1197609.2000000007	-8.124947674999996E8
83	1011101111101010001001000101111111110100010101000100100011101011110101100100111001010001000010110011100011111000110101110000001110111010111000001010000111011010110100101001010110010100101000011001010000010001110100101101010101110001	1104563.5999999999	-6.867986103E8
84	0010100011011110100011001101011110101001001000110001010010000110110010001111100000010000101010100100010001100101000001100011111001111110100011111000111111101010010100010010010110010000000010110101010101010110111011000010100000111000	979690.4	-5.346968948000001E8
85	0100100110110010101110011111010000101101001100010100100000111001100011111111000101111110000010110011011110001100000000001111110111001100100000111001000101000001000100011001010011001001101000011100000100000101100001011110110011001001	984657.6	-5.403839150999999E8
86	0111101000001110100000000010010010010001001110101010000111110100000110100001000000111100010011000001001010011000100111100110001000100101000001100001100000111111011101010011111110000010110000010100101010010001110001011110000001011010	994807.2	-5.5209833E8
87	0101101000110001111111111110111000011101111110010111110111111110110010110011111010010001111000011001010001110000011110111000110011111111110101101100101100100110110111111101001000011010011101001001011111011000111010101100111100010011	1381905.0	-1.0926242841000004E9
88	1111110101010000011110010101110010101000100001011100110001110001010011111001011110110010110110011000001111110001000101001001111110000010011111000010000101000110111111111111011111100100111101001100001110111101110000001111110100111100	1320967.8000000007	-9.954167978000001E8
89	0010101101111011010001101111110000110100100010101000111010110010101010101100011000000101101111001000110001011000000001000000000010000001011100111101000010000101010001110110010001101000101011001010100001011100100001111001010110111101	970882.4	-5.246860995E8
90	0101001000111110011011100010100111100010111000111100000100011101110010111100000010101111100110011101001110100010100100111111110100110011000010010101010100101100111100111111011010100010011001110101110010111010001111010000000101000010	1220880.8000000003	-8.455828840000002E8
91	1100001001011010001101111111000010001011000111111100111101000111100001010011101011001010001100110101111001110011110101000110000000011000101001001101011001000010111011110010101010101101010101000101111100000001000001100010011111110110	1134528.8000000005	-7.261263233999994E8
92	0011001101101110000000010011011001011101110010011101011011000100111000111110110111010101101011001111111100001111011111101011111101001100000101001010001111111111101010011001010101000110000110001111001110101011001011110111011111000010	1270642.8000000005	-9.185516924E8
93	0001110000001011101110001110100010101010000111000011001000110010001001001000110111110001001100011001010001010010100000000011100011000001110101000111101001111101101010100011111110100110110110110101111011010000001111010001000111011010	1047818.7999999999	-6.153236140000002E8
94	0010101010111011010011000111100010000000100100000101011010100011111111011111110001100100100110000110110101001011101010001001000011100100010000010000000001110000100110010001100111001100001010111100011001000000110100100010110100100010	900815.2000000002	-4.484207609000001E8
95	1101011101000101011101111110010110101001010010111111010001010101111110010110000011110101010001010111001100111001110001011000101110100000011110100001100101110010000001110000010100000111100100000101000011000011101010101101111011010110	1091592.2000000004	-6.701138694000001E8
96	0000110100111111111011101010101101000110110101010000001001001110001000101110100111000001011010011100111100111001110100011010101101111001001001011111101000000011011111011001110011011101110111111101001000101110110001000101100110100110	1245867.4000000006	-8.818446866999998E8
97	1001100010000000000000010101111111011100011101001000110101101001011010010010001101101111100000101001001000011111011001011000000001000001000000010101100011000110110111100000000010110110101110000000101110100011010110100010110010001000	936282.3999999999	-4.8627737389999986E8
98	1001100110011000101101011101011011110000100011101011100111011001111111110101011101001110010111100001101111010110010010100111010100111010001011110001001001101111010011011011111010110111011100011001110001010000110101010010001111011110	1278058.6000000006	-9.296842095E8
99	1100000111101001011111000111000010110000011100100110100001001000011100001010000100010111111001001110001001101000111110110010001000001011000110001101000010000001010001011000110000110000111110100110101001000011000011000010110011111011	936593.8	-4.866165433999999E8
