SOLUCIONES INICIO 

0	10011000100111000110101101001011100011010001110110100011010100001011010011110001111111101010001100111010100110111101011110010110010000010010010110100010111001000001001110101101001100011011111000001001010010101111011000011011010011001	1055718.2	-7.138425252E8
1	00000010100000110011010100010111011100110100011110000111111011100110000111100001100010010101100110011001100011111100100001100000111010000010010001101100011000010100111000001101000100000010100000011011101100001100001001110010100111100	889390.9999999998	-4.9857855239999986E8
2	01010011110001100101111111010001100001011011011000101000111101001101000101111100101110000001110011000111000000010000010100101111010010110000001110110110010010101110100110011011010001001101110100011001010100111111001000100111100111000	976489.3999999992	-6.064980255999999E8
3	11111101011001000000101000101100000001011001001101000001010010111111111000101001000101100001101101001011111111010001101100101010100111001000110110100111010011000001110011101000100111100010111111100100001110011101110010001000010011011	1083328.1999999997	-7.533045754999999E8
4	11010100001000010111101101000000010010110000000111100000110111011111010111010001110000110111101100001001111101110101100101100011001011100010000010001010110001101001100010111001010011000001101101110000111011111101110000100101100111100	1008728.9999999993	-6.491237616999999E8
5	11101001100111101110110101010101001100011001101111011110111010000000110001101100101101110100011011100011110101000011100001001111011100000000101111100111111111000011010101000010011010101101100101001111011100011101110101100100110011001	1057055.1999999995	-7.157290815999999E8
6	11000110000000011010010000001000000001011001111111010011001101101011111010101011001100111101011010011110001111010110101110100111001000111010001000010111101001101100010111111111100101001001111110100001011111100011011000100001111100011	1116944.2	-8.027834870999998E8
7	00010011000111100111110110001010111000011000110011100100111000101010000011010000110101010101010011010011100101111101000000011011011000001110100100100011101111000000010010111000100000101100011101000111110101101111101111010000001000110	990049.1999999996	-6.242498601E8
8	10101010001100100011111011110011111110100110011101100000000001111110011000001000011100000100110101000100000011000010100111111011110110001001111100110001100101000000111001011001111110101101000001100100111111110101011100010100100010110	1042124.5999999997	-6.948038748999997E8
9	10011101001000010001010000000100010101100011110010111010010110011001001111100110000001100101010001111101111001011100110000010111001011110110000001110111010101110101101101000100010100011011111101101110100110110110000100011011011011001	1069814.1999999993	-7.338567564999998E8
10	01000000010010000001010101011011011111101110110111101001101001010110000101111100111110101110100011001110111100010110000110111011000110000000001111100000110001001010000100000101101001111001011001110000110010101000100010101111100001011	853503.1999999996	-4.571848905000001E8
11	11010110100011111011111010001011111101101110100001101110110101010010111001111010101101101101110110100101101101100100111011101101110010100110011000000011000111111011000100101110010001101000101000001001011001000010001011000001101011100	1070084.5999999996	-7.342435061E8
12	10000110011000000000011010111100101101011101101101010101101111101101110011011101011100011111110101001000010000011010011010110100010010110110001001110010111101101010100100010011010010010100101101011010001001111011110110001101001010110	958972.3999999998	-5.8394478E8
13	11110101100011110001001110001010111110011110000001000011110110110010011110001001111010010011000111111010110011111111101000000111001000011001010111110001111011100000100101001100000110011010010001011111101100001010111100100011111100110	1050856.1999999997	-7.070034814999999E8
14	00101001011100100100010111100111101010011111001001100101110000011111001110011110101010100001110110011111111010001011011011100010000001111101101101001010111000011101110100000000100111011010110100010010110011000010000001011001100010100	1058772.7999999996	-7.18156286E8
15	01001000111111000110010000010100010110111110101101101100100111110101111001111001100110000110011111001100101011100000101101011100111001111110101011011001010110001010010100111110011000110111110101010011010100000100110001100000011010010	1075037.7999999993	-7.413437293000001E8
16	00110000100010010001000100100011100101011111100110101101101100100010101011100111001110011001010011010010001110000111011111011111101001110011001101010000001100000011000010010010110100110101010011011101010111111100001010111010010111101	974777.7999999996	-6.042754279E8
17	00110000001000010110100111011001001101101011101000111100110010010110010110000011001000101110010010000110111000011000011010111111100011110000000101001101000110100110110010010101011011111100100101010100000001001101011001111101111111010	965958.5999999995	-5.928885096000001E8
18	11001110101000100011110011011000100100101110000111011111001111100000101110110101010001001101001011101001100010000010111011110111111001110000101000000011111011100110100001011001110001100110010100010110001010111100110011111010101101010	1021529.3999999996	-6.664491453000002E8
19	11011000011111011111000010111110100110000011011001000111111101010110001010010100101111011010110011100100110000110100110001101000111111110000001100100111000100000110001100110011011100010111001010010000001101011100011111000010010001111	988361.3999999999	-6.220262996E8
20	11100101011001000000111000011110011011001000110010100000011001100111011100100000110101111100100010111111111011111001111111110110101010011001100101100010110000101101011011001000110101111001110110100010011101010111101011010010111101000	1170372.3999999997	-8.846622459E8
21	11000010000110111110010110010001111111001100001010001100010011001101111101101001110101111010101000111111110001101110011110111100011101111111000111000100011101100001000111110001110110100100100100110111101111010101100001101011000111101	1191824.4	-9.186559893999999E8
22	01101010011010001000010110011110100000000111110101001000000110010110101010010101000101011111111001001101001001110100110000000110001101011001010101100010000011011110000010101000101111111011011100000101111000011001001101111011011001100	919301.7999999996	-5.344483883E8
23	11010010111000110111111101100000100000011101111101111000110000001000110111011001100111110001011101111000110101011100110110011111011101100011001011110111000000011010001110001110100010000111011110111100000111111010010011101101010110011	1112814.3999999997	-7.966201462999996E8
24	01000011101110100010100000001010011101010000011000011001100000010110001100110000011000010111011101100111110010111110101100001000111110010100101100000111010111100101001011110111010110101000011000000111011010011101001011101111001011010	1068542.3999999997	-7.320398422999998E8
25	11011001001010111101000000101011110100110010000010111011000000101010000010000011111100101010110110000110101100111011100010010001101011000101000110110110010011100001100100000000001101111110110011110100010100101000101011101110000000011	901140.1999999995	-5.125198507000001E8
26	10100001001100000001011101100000100011000101001011110111100010111010110011100010110010000011110100111101011111001111110001111110011110111011010110110101011010111100100010101100000000101011011100111111001101010001001100010110010110010	1135689.5999999999	-8.310582818999999E8
27	00011111001110001101011111011101101110010110001100111000101010101011001110001101111111010101001001011111001100101001010001011010101100111010110100010000111000101000110000111001011111101100101110101100100000110000001001110111110010101	1058343.1999999993	-7.175488260999997E8
28	01101101001110101100100011011110111101011010001100001101000111101111111000111101000111001000011101111000100011101010100011110010101111010011000001011001100110001001100111001110100001001100000000111001001000111000111010001101000001100	1023869.9999999997	-6.696417287999996E8
29	11000110010110000001101011100101101110011010011001110110110011011100100110101111101101011100100010011111000101000101111001011000100100111001001101110101000110101001011000111011001110111011010001010000001010100101100001001001001101001	1068890.9999999995	-7.325375098000001E8
30	10100110001100100010111011110111100000110111001011111000111111011001011000110100111111111000110010010011000101000101110001010100010011101101110000110111110000000101111000101011010110010101111010111000011011001111100001000000010011101	1082791.5999999996	-7.525274920999997E8
31	10000100011110100001011110010101010011101011100111000011111100000001011100111000111000001001110010000100100001011000110001101101011000110000001000000101000100101100000010101111101101010000001110000010010011010111100110001100001000011	826918.0	-4.276773491E8
32	01011101110100010100110000101111010101001001111001001010011100011101001000111011111010101000000111011010100110101001001011110010000001000000011000001010010100111100010010001101101111000111010000001110010001010110001111100100011101011	884969.9999999997	-4.933823816999999E8
33	10000000000110011011101100111011001110000111100111000101001101010100101100000001000100000100110100000011001101010010101010001111010101001000110111101111000001000000000000101001011011010011110100100011100001010100000001111010000101001	824633.3999999998	-4.251875275E8
34	10101100010011011000011100011001101011001011001100100010100101011010010011111001000101111110111011011011000011001000101101011011100101111100100110001110001111100010110011011101110101111000010111000000101111110110001001000000001000111	1108875.3999999997	-7.907637345000001E8
35	10010110010110101000011011111111101101011001101110011111101111011100101101101101101101001001111001011000101000101011001001110001000011011110010000010100100001101011100111101100011010111110111000110101110100111011011011000011101010101	1131094.7999999998	-8.240824479E8
36	11110001000010011110010010100100101110101111011000100101011101000010101001010011001000011100011000100101110110100000011111110000110110100101101100100101011010010010100100100011001111110010101010001000011100000101010001111001011010100	953558.1999999997	-5.770605999000002E8
37	00101101110000000101000010010110100111101011001110100101100011010100001111110001100111110000010000000001100101000110001100110101100001011010110110100011101111010101010010001101001010110101111110000010100011011100011101000101001100001	949425.3999999996	-5.718330110999999E8
38	10111011001010100010010000111010111011001100011000100010100111000001110110100100101111000011110011110001000001110011101011111000011110010001001011110110001001100011011010111101011001101000101010001010111010111100110110111101001010101	1113071.0	-7.970025323999999E8
39	10011001010000001000101111111101011011100010101111000000010001110111111010101100110010101110110100110100110101000110101001111000000111101011011001101110011110100000110110111011001010111110111001000011111010110110010000000111111011011	1132224.5999999996	-8.257950288000003E8
40	10000100101001010111111110000111110001011100001100110010101000110010000101000000100000100110111010010011000010100010001110110100010011110111000001011010110101001000000010111101100110000010110011111010101101011110011001011111100110110	977730.9999999998	-6.081129690999999E8
41	01010101111110100001110000111111000101110101010001101000011110010001110110010101011111011011010011110110001100011110100011110100001101100001010100011011100011000000111101000101101000110100111111000101000000001010011111011011010001101	1011897.1999999997	-6.533906585999997E8
42	00100001110001111000010101110000011101010111000010010010001110000011011010000011110100111110100000101010110110101110010000011110011010010001111010111010011001110001010111111101110011110010010110001000101001001011100001000001100001000	1078398.0	-7.461801635000002E8
43	00010001101101011010001111010001100011001001101000001110111001101011000010110101001000110001110101110111000001110011010110000010101110011110101110111100000010011000100011010101010110111000101100000011110110110001100011000001111110001	989391.0	-6.233821487E8
44	01100010011010101010000111100000001001100000100001001001110001011001111100111000101100110001010010101001010110110101111100010100010101110010110011000111001011100000010100001100011000100001111111001110011011010111001001111000101100101	933972.7999999996	-5.524979704000001E8
45	00101010001100000011010100111101001000111010000101010000110110110000110010101100011100011010001000111101010100100110110000100000111110000000010101000011001011000101000110100101011001010100000011001111111011000011001101001100111011011	873059.5999999999	-4.795191349000001E8
46	01000101001110111110001101010110101100010000000000110101100101011011000000011000111100010011011001100101011100011100110010011110111010101110110100110101111111010101000010110111100100110001000110110011011101100100010001110001010000101	1039044.1999999997	-6.90525283E8
47	01110001110101011011100111100111000011000011111100010111100100110110001110111100011010110010111001101001011100011100010001100101101011000101000110001010100000010000010101000011001101111100010110110001010100010111101100111011000110101	931802.3999999993	-5.498088855000001E8
48	01101111001100000100010110101011011101010110111100110110001101000111001011000100111011100010000000000011111001001101011011001010000001011100000110110100111111100001101100101101000010001111101111010000010100100000100011010100000000110	1022646.3999999994	-6.679718524999998E8
49	10000011110110100000111000100010000010110100001010111010101101010000111000011101101011011111111010111100100111011000100110101010010101001111011000011100101010000001101101101110100000111011001000110010000100010101100110001011000010011	1056477.5999999999	-7.149138798999997E8
50	10101100110011100100001101100010011011111001010001110000011001010000000001110101101100000101001110001001011101000000101010110100111011010010000010101110000111010110010011110100011011110101000111110001001100100011111000101010011110110	976788.9999999995	-6.068876247000002E8
51	00000110001110000000010110110001011111110010110101010110010000101101011110110100111001011100100101010000001100100110110010010000010111101000011111100110100111111110010000010001001010001110000011110101001001110110100101111000001100100	922781.3999999998	-5.387022837000002E8
52	01101111101111111101101000000100100011011101011101000011010011001100111000101101100100101110110100110011111011110001100010001011111110001000101110110001110011101100101001010110001111111111011111110101000101000001111101000101111011011	1098265.7999999993	-7.750967594999998E8
53	11010011011101011010001001101001101101101001111001111001110001000001011001010000100001010000100001010110100011000110101011100101101011101000100110100100100110100010110111010100110000011100001101100010010111111000001000111110000000010	1031413.7999999996	-6.799839289999999E8
54	11000100011110001011010010011100101011111101011111011100000001011010110110011100001001010010111000110001111100011101101100110111001110110001100111101111001101010001110011010111010111001011110110100000111101100010111001100001110000011	1151748.5999999999	-8.556700404000001E8
55	11111001000000011100011101110010011101110111000110011111100011001111011111001011101010111100101010001110110110100010011110010101110110100101011010110000000011001011010011101000011011000100101000111110010101010000101010111001000100010	1068576.9999999998	-7.320891976999998E8
56	11110111111010111110110010010001101101000111101001011000001110011110000111001011011101001010110101000100110011010000011111000100010111111100000100110100001000111001011111111001001100000001010111111000111101000101010010111000101110000	1137310.0	-8.335252884000001E8
57	10100111110110111001010100011111101111011100000001011100000011100000011110110110001100010111101000111010101000101111001010100010010110111110011110001011111000101011110111000111111011000101100011111000101011111011000010110001101100110	1108731.1999999997	-7.905495656999999E8
58	01111100100011111110001110010010000001001111110110000010111001110100010101100010100001001100101101011110100000100111111101111000000110000000001100001011001111010010010011010000000101110001011110101111101110011110111110101110010011111	993557.3999999996	-6.288841910000001E8
59	01100000100000101111001110000100010011100110101011000011100111000010101101010011110100001111101001100111010100101011000001010000010110101001001110110101101100000011111111010000100011011101001011011000000001001111110010111101111011100	1061632.5999999996	-7.222065372999997E8
60	11111011011010001101100110110001010100101100011101011101110001100100000111001100110101111001110111001011011100100110001110010101010111010010101011000010101001001010001100110101100010000011010010101101111010100110001001010100111100001	1008443.3999999996	-6.487397540999999E8
61	00111010010101111101100011111000001100110111110111001100111111000100000011100111001001001000010010001111011110000010101000001011101010011011000010000011000000000010011111000000101001001011001010010001101110111101101100110001111100101	930661.7999999996	-5.483983259000001E8
62	11110111011011010001101000111011001010110110011100110110101110010000100101010111000010010001110001111101100100111111111100111111001100011111111101101001100101000001101101001011100001100011100001100011011110010101110000111100101111110	1191415.2	-9.180014843000001E8
63	11001000100101101011101111111100011010000111100111110100100110001010100101011000110010010110101100011101100000100110110011111111001010111010000110001101010110101000110111010001101100000001000000000111001110101000111101001010101110110	1076041.1999999995	-7.427864855000001E8
64	01110000110000100000111110001111010010010110000110000001111011000100011110011101011001001001110001111000011110101001110001011101011111100111000100010010011011001110110100111101010011111110111100001010100011000010101010010101000110100	1091898.8	-7.657700690999998E8
65	11010010110001010110111111101110101001110101001010100011111001011010001101111110101001000111010100100110010001111001110010001110100011001100011110110100001011110001111101100111001000101011001000001110000110000101011100110101111001000	1097200.5999999996	-7.735324458999999E8
66	01001111111011001101100011100000010001010101100011101010011001110101111100100101010100001010010110011011101101010111101100000100011001010110101110111110111110111101000101100101001001101000000110101001110001001010110110010111101000011	1082318.3999999997	-7.518424749999998E8
67	11111001111011011110010100100111100001001111110000011110011111111011100011101000011001111101100101110000011111010111101101000101101101010100100111011001000010101000011111100111010101100000101000110000111000000011111011100100111010101	1125361.1999999997	-8.154188331E8
68	10100110110010010101000000101000111111111000000010000110001101100010011000110100001011101001101110101000011101111110001010100000100100100011101011100111100010000111011010010110110110110000001110010111011101111101100010000011111101000	988482.5999999996	-6.221856932E8
69	00100110000001010011101000010100011011100010110110110100101000100101100100111011100111110100001110110110111000110001100110000011100001001101101111010101000000001011001011000110010001111100110000101010100110011100010101110111101101110	952216.9999999995	-5.753615538E8
70	11101111110100100100111101111100001011010110111101101001000000010101010100101101011011011110001001001001001110000000110101100110010101100001101101011101111111101001100011101000100111011110111010111111110101011010000001110011000101101	1134284.5999999999	-8.289221092999996E8
71	10000010011001110010111100100101010011010101101101111100111001000111111111011100011110100010110011101000101100011011000000100100001011111011010110110110000011000100000000001101111001010000010111100111110001011001010111100110000010100	892588.5999999997	-5.023535556000001E8
72	01101111000101011011111010011100001011010000110110001111000011011001101011000111011111101101110101101001110011001111011010010010011101100111011100110110111000001100000010100101001010001011001000001011010011001111001110110101100110010	1020746.8	-6.653833937999998E8
73	11111011110100011101100001000110000111100011110110000001001010001010101000101101011100101101101110100010111100101011100110001001101010010101110011101001010111011111011100001001001111111110101101111010001010010100010101011101001001111	1080654.3999999994	-7.494365019999999E8
74	00111001010001001011000101011101101101100011001000000101011011010011101111011111111110101010001010110001000101111100011111110110110010010111001101010100000110001100110111001111111000000111011100000111100110010101000001100100010000001	1054051.9999999993	-7.114952720999998E8
75	00111100010101101011001100000110001010000011000100111001111100110000111101001000011000011000100100001001010010000101111000011110001111010101001111011110010110000001100101111111001000001010100000100000011110010101111010010110011101111	1046031.7999999998	-7.002498069E8
76	10101110001000110101011111010010000011010110000000000010111101110111100111011101111011011001101100001111000011001110100010101111011110101110010011100000110010111110000001101110010100000101101000111101010000001001011100110110010101000	987524.7999999992	-6.209256144000001E8
77	11110101101111111000111000010001000011010100001101100100100000001101010011000100110011001110010000110111110111110011111111100011101011111001011010011001100010010100000010110011011110001100110011110100001111010010010111011111110101001	1072364.0	-7.375066738999996E8
78	11111001001101001111010101101101001111010110011111101110111110111100010000000010001011000111110000100101001101100100100100111111110010111110110100100111010001000011010010110001000001010101101010101000001110000111001110000010001111000	1065769.7999999998	-7.280860367999997E8
79	01000100100001011101101011100100001110001111110101001111100111010011100111101010011111101010010110110000110000110111010010001110011101100110101110000111011001001110001010110111010110011000011110000011101111001111101001110010111101011	1077563.7999999996	-7.449780327E8
80	10101000100110011000011111000010101110001010010010010110111000111100010010000100000010011001011100011001010111000011000101010101010000101001011001101011010011000110011110000111010110100110000000000001111110101010110101100101111100000	920409.7999999997	-5.3580121270000005E8
81	10110011110011001010110110011000101110001101000010111011001101011010001001000010101111111011110001000000111010000001101011000101110111110100011101100001000110111110101100000111101101010010111100111011001011011101101000100111101100011	1005372.5999999995	-6.446184207000002E8
82	10000011110101110000101001001111101000001001000000111010000010100010011010000001000101010111110101111010001000111110011000111011010010101011010101011100100000011101100001101101001111001000010101111110011111110111111100001101100011110	1039400.1999999997	-6.910190123999997E8
83	01010101100001111100010100001010010011110011101111001110111100101101001000001101101010101010100110110111101110011010100010100111001001110111010001100100010001001000110101101011100111001010101010001001111101110101010110100011110010010	1058559.9999999998	-7.178552312999996E8
84	11100100000110010100001110011001001100100110000100111010011100110110101111111011001010000100001001011110110010111001101100110100010100101000000001000001001110001011000000011001101011000100111011001000000001011010111001110110110110001	890136.5999999994	-4.9945740130000013E8
85	10001000101010111101001101101111110101010101010011000011001111111100111111011111010111111101110011010100000011010001000011110000110101011111010100101010011001011100011011100100010000100000010111111111100110111111001011011101010000000	1070934.5999999999	-7.354595238999997E8
86	10000110111100110100110101011110010000100010010111100000010101010010001110010110110111111101110011000011100111110101100001111110101010110111101101110101010111101100001011011011011010111100011010101101000101101010010111100110101111110	1170456.7999999993	-8.847947956999997E8
87	11011000100000100101011110011000101001001010000100010101100101100001111000111100010010000111011110010111100111001100000100001000101110011100101001111000011100011001011110110000100001010000110100101101101000101111100011001111110001010	1018455.3999999994	-6.622675466999999E8
88	01000010000010000101101111111000000001100011001000010111011010110001011010100001111101000010011011111111010111001010101000110110001000011110110110111111011110000010110010101010110101101101111011000000101010110010111000011101001010101	1073456.5999999996	-7.390733877999995E8
89	11011010101001111010101010010101111110000001100100001110110001000101101011001000111111100101111001110100001111100110010111100000011110100001000001100110010001101101110100100010110101100010011001110111101111000100110111111011010010001	1055889.7999999996	-7.140845920999999E8
90	10001001111111000010010000110000101011110001010101111010011111110101011110001001011111011101100001001010110001011010111101110001101000100011111111111100100011010111000010001100001101110100111001001110011000101110101110101011110010001	1065136.9999999998	-7.271852325999999E8
91	00001101010100011111110111111001000001110111111111101001011111011101010110111111001010010111111010011001111110110111111011110101010010001010010111111010111111010111011000110111111110110101110000011010111011001001100011001001010011110	1285550.7999999998	-1.0746953237000003E9
92	11101001011001101011000110001011001101011010001000000111110110101001100001110011111010110010001000011001010000011010011010101001000110000000001110000100110110111101101000001011001011111110010111101001110110000000100011100101001110110	914913.1999999995	-5.291075623E8
93	00110100110010000101111011111000011111111000010011000101000000010001000110011100010000101100011000001111011000000100000101001100101101111011101111000100101101000111000010000000001001010100010110100000111101010110000111101000001110000	839875.5999999997	-4.419362579E8
94	00101100101101110101111101100110100010100111110111001011010010110100010011000110010110101100001001010001010100010101101111001011100111011001110011100001100101100011101011101111100011110100100010111011110111111111001001111110011001000	1163527.5999999996	-8.739507560999999E8
95	00001010001111101111100001110000001110011000010000101111001010111010100001110110000111100100110111101100100101100110100101011001101101000100001011010100001000111101000001001100101100111011111000111001011111110111111001100111110111101	977830.9999999994	-6.082429393000002E8
96	11110010101010001010110111111111111110100111011010011011000011000011010001110110111011110100101111001010010010011101000110101111110011001110101111111000011000000110101000110101011010110001001110001001111010010101001100101110111101111	1093993.5999999994	-7.688323253999999E8
97	10001101010100100100000101011110011000110011111101001000111011001010011001010001010100110000101110100010000011110101010110111010000010001101000100000110010111101100111111111010011101011101001010001010010101001100111001100110000110001	1098248.5999999999	-7.750714501000001E8
98	10111011111111101011111011111010010000101100100000010011010101100100011000101101101110111100010100110001110100101010001100100000101100010000000101111101101101101101101111000011000111001001011011000101111011110100111001100101101101101	1080770.7999999996	-7.496047291999996E8
99	11100001010011100010111111110000111110011111001011110101100110101111000011001101001100110011110100101011001010111111010100000001000111000111111010000110001110101101001100110101111000001001011000111010011100011010101100111110110111011	1115729.4	-8.009681586999997E8
