SOLUCIONES INICIO 

0	0111011101001000000000001100110100001101111100110001110011100001101110101110000010010110001100101001111111100100011001101111011001010110010101001111000011001001000000001100110010111111111000100101110011111010100001101011011111010010	1058959.8000000005	-5.782548503000002E8
1	1011111100011000001010111101010011101101010110111011000110101101011010110010010011000110101111100001111010110001011010011001011111111001110001101010001101111101010101111010101001100110001001010001101111011101101110100111101001010111	1297979.4000000004	-8.824132867E8
2	1010100011000011011100011110010101110111000000111010100001100101101010000110010001111101100100001000110111001001101011011101010100001001001110011001101100100101001011110010010011010011010001010101100100111010100110110001101010111100	1146272.2000000004	-6.819384512999998E8
3	0111101110010100110110001100101010100000100010001000011110001011001100100011010100101010011111001010001111100111010111101011110100010001011111100011001011000001111110111101001100000001001011100110101000111101110011000111101111111000	1252918.2000000002	-8.201735223E8
4	1111101000011000110010100111111110001111010000010010100010001101100110110111101001000100111100110101011110101010101100100010011001110010010100111011001110001000001001011010010000001111010111110101010110110010011000110000001001000100	1095879.8	-6.210546971E8
5	1110010110110100001110100100101100100011000000011100110111111000000010010011010000011010011000101110011001111101110100011111111100011111101110110110100000010000000010000010000000010100001111101111110100011100001100110110110000110111	1062287.5999999996	-5.820499248E8
6	1110101111011000010011011001110010111100010100000110011100001000110010100111011111001100111111111101101010100011011011110000010010111001110100110010000100101000010111100011001000000001111010011000100000010000000000101000110110001010	1101411.2000000002	-6.275987451999999E8
7	0010001100010111011101101101111000001111100111101011110000101001110000110011100001010010001101010110110011110011010011001110101000001101101110010011001100000010100010010101010011011011110000110011001011100011111001001111010010100011	1116475.4	-6.455942303000001E8
8	0100000011110011111001011010101110001001011010000000001011010110000010111010110000001001010011001110010111000010011000011011001011001101001101011001001011110000010011000100101111110010001111000001011000110101011110101101111011010110	1023459.0	-5.385411118999999E8
9	1011110111100100000100011000010001011100111100000010010101111000011001011010011111010111010001111111111111110101011111011010100111001000100001100000100000000001010000000010100110001110110111010010010111111010010000001011100100010010	986467.3999999997	-4.9866263729999983E8
10	1110110100001101110000111110110111111010110011100100001010001110000101001110000000001100010001000110001100100100001001001000010111011110011001001011000000111111111110000010001101111101101101000111010111001111101001010100111011010110	1090165.6000000006	-6.143303842E8
11	1110111011111110100100000111000110101101100000001101110110100111111000000110011111101000001110000111010100100110100110110010110110000001001001010000011001010111101010010011100010010000010101101110010010110100110100100001010110110110	1073385.4000000001	-5.947959974E8
12	1000001001110111010111110001110011010110101011001000101010101111110010111110011111111001001001110101000000110111001100110001101000010100110100110101101010001010100010101101000110100011011110000010001111101011111000101101011110100010	1145183.3999999994	-6.805928157999997E8
13	1101010011001111000011101001011101111110010100111101110001111100110100000101010011110011001001011001110011110111001111110001001111001001000101101110010011101110011110100101000111101011010100011010010111111100000111010111101010110000	1282924.000000001	-8.613653212E8
14	1110011001011111111000001111000000011100111011011100011111101101001101001101111001011000001000101001000010011011110001100101011010011111011100010110000000001110010010111110101111011011100011100010000110100100000110011110001100000011	1160059.6	-6.990922760999999E8
15	1010100000110001000001100110011000000010010001111000101000100111010100110110111011111010110010111110100001111001011011101111110100101111110000111001110001101011011000111000110100101110000011001111010111100011110011010110111110100110	1200677.3999999997	-7.508658482999997E8
16	1001111100011010110001010111110101010100010010111011001010110001111011010110001001000111011101011101110101010101001011001001111010100111001110001100001010100010110010010110001100111101000101101100011001101010110111100010101100000101	1162589.6000000003	-7.022630071999998E8
17	1100001111101101110110111101111000101011110101010111110101010000111100101011100001011100011010111010111111111001001110001110110001010110010110110001000011000111011001110100100001110011100010010101101011100110000000011001111101110110	1244050.6000000003	-8.081932448999996E8
18	1000011010010111110100011011100111010011011100001011111100111101111010100001000110111000100110110100100000001110101101011001110010000010110110100000000010000111101110001010010111001100001100000101110110010011001011000010111101100010	1052548.9999999998	-5.709786625000001E8
19	0010100001100100111011001101001011110001000001100011000000111000010101010101000011001111111001001001011111011111001110100101101011000000110010111100101100101000111111001010111111011111100111001011110011100111010001001101110101000111	1224574.5999999996	-7.821904860999998E8
20	0000001100000111110001001001100101111111001000000111100100011110111110101111111100111010011010011101111011100000001010110001000011111000111010110101001100101000000110110011000011010100011100000001000011001000010010001101111101000100	1082350.6	-6.051935551E8
21	1110111111011000001001110101101100010000101001000110011100111001010110110010111001100001010111100111111010000100100100110110100101000000001011100101110010100100110110110111011001010001001101001000101000001010110001101001000010000111	1142766.8	-6.776111936999997E8
22	1011011011101100001000111100010011101111100011100000001111000001110001101010010010000011000101100001101110110101011111101101001111101100000101111011110100100101101010000100101101111000101100101011000011111010001111101000110010001111	1176461.0000000002	-7.197757639999999E8
23	0011111000011111001100111011000000001101000110010110000001001000001111001001110101000100000100000111000101011101111010000000010111111001111000110100000100000010110110110101110011100001010001011000111110100001101010001101110000010111	1083215.0	-6.062006880000002E8
24	0111110101110110011111010001100111010010100100011101101010010101110010111111011111101111101111011101000011000110101110001110001100101011101110010001101000110111000010111111110100011111001010111010111011111110100000100100010000110110	1308960.6000000003	-8.979259566999999E8
25	0001011001110101110111011101011000101101101011011000101000110101110001010011001110000111010001100101101111000000110000000001110110011101011010011010001101101111010001001111010010011111110100000111101011111001011010111110100110111110	1170383.800000001	-7.120765938000001E8
26	1110010101110010110010101001100001100000010110010001110010001111111111101110001010111111101010011000011110010100001111111001010101101000000010011111111000001001110010110110010110010110101110100000101101100110010100000010001010001110	1137829.8	-6.715399672999997E8
27	1000110010100111101100001001110010100111010111101001011111011110001110001100101000101010000001100011001100000100101011010100110100011100110110100101000000110010110010011011001110111001010000110100001001111101100000000111011000000100	1044228.9999999999	-5.616044814000001E8
28	1100000110010111101000001101010010110101011110001110000110110011000110101000011101011011101101110010010111100011100011000011111010110000100001001000100110011111100101010101101101110010101001001011110011100001100101000000100110100100	1100210.2000000004	-6.261749302000002E8
29	1010111000011001100110011001000110110111110010111111110010010100110010101000111000110001100101001010111110011011111010101101000110110010100100100111000100100010100111010101001100011110110110011010100000011010000111101011111110101001	1203521.2	-7.545599799999999E8
30	1010110010000100001100010101101111101100110010101111000000111101111000110110110101111111111010010011111001001111111000101111101100000010011100100010101011100000001010101011011000101111100101011011011011011100100111011001110010110011	1231597.0000000002	-7.915173235999997E8
31	0001001100111000100000001100010110001000010000010111111001001110001110000101101101010010101010011010010110111011111101011100100001000011010100110000100000010011110110111010111000001100111010110011100110101010101011010100100001111111	1122999.6000000003	-6.534669506999998E8
32	1111010111101100100110110111110010100011001110110001000100111000111101111101101100011100000110100000111001000011100001011000101001100001100101000101001111101100001101111111010000001110110101101100001110011011001011010011001110011111	1227312.8000000005	-7.858208169000001E8
33	0111001000010100001011010000010011010000100000011010101001011101111011001010011100101000011100011111011101100111100100111111101110000110011110010111000000111101110111010010010010000111000100110111010110111110011011100000001001110001	1168996.8000000003	-7.103252564999995E8
34	0010101010100111011111000001010111110100110110101110010011000101101110100001110011100111101011110001111101010001001111010111001011010110110000001000111100110100010010010011101111000001111100110001001001010001111110101101110010010101	1156012.6000000003	-6.940348920000001E8
35	1111111100000011101100110010000110011101101110111011110001110101111101011110100010010010000100100110000001100000101001001111001010011111010110011010110011000110001101010001101011110100101101001111011101110011001101010110111011111001	1172536.4000000004	-7.147988763000001E8
36	1000110001000000000010100001000110010111100011010001010010001001011010100100100000111101111100110010001100100010010000100110111001100010101110101111010100010100011000100001101011001000111110000001100111110001111001010000110111100100	936156.4	-4.468870114999999E8
37	0011101011001110111000110101001010000011101010110011010010100000000110110110110000000000110011100001011110110011011010111010100010011000001001010111110000101011011110011011100010100110111111110100111101010110010100110000101000011110	1182515.4000000006	-7.274870019999995E8
38	1111011000011100100010010110101001011110011011011010011001010100000100111000001100011101111001101110000100100010100110100010101100101010000100100001010100110110011111001001110111011111001100010010000111101011000100110110100010000000	1077417.8000000003	-5.994615436999999E8
39	0111101000111010011110111010100001000110101110011001010011110001000100110011011100100111100101001100000001101111001001010010100001010100100011010000001001110011110101110100100100101110011100000011111110010110011011011011011110111000	1092474.2000000002	-6.170426972E8
40	0000100111011111011110011100000001101011011111010011011111010010000110011110100000001011110101010100110111101111111010010011010111110001111110001100111101110110110110000101110011001101001011011111110111001001010101011001001011010010	1293325.7999999996	-8.758803932E8
41	1100111010111011111010010001001100000100011100010100000101000111001011000010111011000010100111100001111010100111111000000010101111010001110101010100100001010010101011110110000100001111001001111110010000001101011110010100110011111000	1148035.2000000002	-6.841199536999999E8
42	1100101100010100001101111100100111110000101101110001101111100101010000110000001000100010101011101000101110111001111001110100100101010110110101110100011100001001110101011010011101001001011011000001010111011010000100111111001101011110	1179682.2	-7.238733518999999E8
43	1010110101000100111111110000011111111111100100100101101000011101011011101001001110101010111101001101011111111011101111011111001101011111000101110100010111100001101100101101101101011100001000001010101000101000100011101110111111001011	1351340.8	-9.590612015000001E8
44	0011101101100110000110000100001110000101100110100101110110010001011011100011110111011010011100011111001011011011110010011000011011111111110001001100100100001101111010011100111001111110100011011001000101110011100000000000111001000000	1183015.3999999997	-7.281256866999999E8
45	0010011101001111011100110011111111110111110001000001100100010000111110010011011001011101110001101111100100110100111110011110011111110110011001010110100010010010110110001100100111110101110000111001110101100100010101001011111101001000	1226020.3999999997	-7.841063157999997E8
46	1110001010111010101110111110101101010110101010010000000111111010001100110011111000100010001100001011011110011101101111011001111111101111111111001010101010100011000010010100000100000010111010011110101000000011011010001101011101100110	1225071.9999999995	-7.828493510999998E8
47	0000110010010001110010111111100100010100101111100000011011110011001100101001100000111010001011011000000001101011101100100100011111100010101101011111110000110101000111100001011111101000010101101110011100110010001111110011000110111101	1142031.4000000004	-6.767049612999998E8
48	1100010110110001010000001000001101000000100111001100010010100111000011111010110110100100110111100101101000111000111101000110110001001111101011010001010100001110001110110101101101101111111110011111110000101000001110100001111101001000	1162690.2000000002	-7.02389246E8
49	0100110110110110100110011101000110110011011101001001111111100111010011100111001000011111100011010100110100101101001000101000100001000110111101010110100001100100000111011101111001011001100111101101001101001001010100111011111000010111	1189338.0	-7.362259409999996E8
50	1110110101100010110011110011011001101001110101011001110011001100100100111010011100000001000100100001000101010111010110001101001111110011010110010100000001100010011000111011010010011101001111011111000010000100000000011011100100100100	1111478.2000000002	-6.395963742000002E8
51	0100101110100111111000000000101010000010101001100000101101010101101010100110011111101001101111000100001101011111011101110000011100111011100010000101011100001000110001001001011111101010010110010111111010101000110100100100100101001011	1062435.7999999996	-5.822192807E8
52	1011001010111011101111001111101011011110011000100010100010110111110001101001000111010011010000001110001101111100011101010100101010101111011101000001100000100100110111110100111110111011110001100111011100001100111011010111111011000101	1272240.0	-8.465827433999997E8
53	0011001011110001110100010111100111111110101101110110011110101101011000111110111001110000111011100110011111010000111111011111111100101110001100100000101110101000011111111011010110000110111001011011110101010000001101101101010000011010	1412052.1999999997	-1.0501478802000003E9
54	0110011001100101111110001101110110001000101100111101101111100111101011101011110111000101010110111111100000000100101000000001000001000011001101110001111000110111101111111100000010000101101000101011011011000011111000010001010101110011	1207402.1999999997	-7.596159666000001E8
55	0010111100000111110011010100100000011011010011100011110110001101111010111000110101001010111101101100111100000101011010011100101010100110011100011000100010010001010111010001001101010101100000101001100100110110011001101101111010010001	1110646.4000000001	-6.386008439999998E8
56	0010110110111111010010110111000100001000111101001011101111111010001000011010011010101011010101110011000011011001110001000110101101000110010010101010000110101011001011100101100111111100101100000010101010101011100110101101000010011110	1184923.8000000003	-7.305658578999997E8
57	0101010010100000011011110001110010110011000111000110000100111010111100100000110110000010011011001010100000100011100010100001010110011100011110101010100010100100001111001011111100100010011111001001000001101011011010001000110011000010	1072985.0000000002	-5.943336646000001E8
58	1011001001110010000101101100111110100010100001010110000111110010001001000001110011010110011101101111000100011000110110111101001011110101001110000100000011011011011011001111001011001000011011001010000111001110000001100010100000111000	1176219.4000000004	-7.194688744000001E8
59	1110010010101011010001011000101010000110100110011100100010111110000000101100010001100010000000000011101100001000111101001000101100010100111000000010011000110010100001111101101101101001001001110011011110010000111010001101000010000010	985298.7999999999	-4.9742797920000005E8
60	0111101010101001011001011101011100010101101101010011001110101111011100010110111100011111100001101111001011000110100100101000010010011000111001100000000010001110110111010010100110001111111111010011011100111010000010001111101100100100	1118795.8	-6.483886631999997E8
61	1101101010011101111011011001010111010001110001100101110110001011001010001101010100000111100010110100001110100011111000001001001101111000100101001001010011011011110100010010110110111010011111101111100110000011101101101001101010010010	1103950.8000000003	-6.306144472000002E8
62	0111011010011000010111011011111101001001010101101100100001111111111011110100101011101100010100111101010001101001000101010111110101101110100110111111111001000001000011101111000111010101001111000001100001111111011111100100111111010010	1310340.2	-8.998842708E8
63	0111001101100010111101101001011111101110100111101111111101001100110010111111011110111001010101101101011111011001010110111000001110111011111010101110000100000001101000101011010010011001001100111111010101111101110111101010111001111010	1307089.8000000003	-8.952734680999997E8
64	1011111001100001110010010001100100101111111010100101111110001111101011011000011001001110001000001101111101111100111100001001011001001011011011101000111110100110111100011000111001111100101000110110110101111111010000110011011011101100	1244086.2000000002	-8.082412586999998E8
65	0101101111111010100001011000110001011101010001100001111111101011010100110001010111001011101011000001010001001010011001001000000011001010110011010010101001101000110000000100111010010100001111000101110000111000110100011010110100011100	928976.2	-4.397290814999998E8
66	1100011011011110000001100000111101110101001111001110111011010111000100000110000101111101101111010011010101000000001101011000011101011111011010000101101010001010000000111001000110101101101000011110010011101010000011000101101111101100	1092950.2	-6.176027482E8
67	1000110000100010100111001010001011001110000011000001101000111001110101000001010001011001010101010111100001111010000110001011111000110111011101000110101001100111011110010101000000110010100010110101000111011101110010110000001010110101	1134622.0000000005	-6.676099102999996E8
68	1100110110010100001011001100100001110010000100011011101101010001111111000100000000000110000001110001001010110111001011010111010010011110000111111010001101111100011111011100101111101001011000010000011000000111000011011111100000100100	1193540.6000000008	-7.416350813E8
69	0001101010011100000101101100101011110100000000110000101000010001110011000110000111101111110010010001000001011110110001000100011011100110010001011011111011001110000111101001111110000000111010101011110110010110010101001010010110010001	1096988.2000000002	-6.223631880000001E8
70	0110100111001100101001001111100111010100110100111100110110111110011110011001100001101011100011111010000111010111011111100111001101100011000111110000000000011000100111100000110000111000110111111000101010001100010010011110101101110111	1152979.0	-6.902560659999998E8
71	1110111010000100001101011010001110000000110001000110000111010100101001010001110110111010001010111111010110111110001010111110010001000010110100011111011110011101011110001010111101100011011011110011011001101001011110011101110110101010	1233163.8000000003	-7.936058011999999E8
72	0100010100111101010000101000011010000110000011010111011110000111010000110000000000110000010101010111001110100101000011011110111100010001001100100011100001111000111110011010111111111101111010010000100101101100000101101010010011101011	1134879.5999999999	-6.679249559999999E8
73	0000001001000001011000001110010011110110001100001001011000000001111000111000001000001010011011011110111101111111000001111111001011100111111000111011001011001010110100011000101010101001010101001001101011000010101110110111000010111111	1109845.0000000002	-6.376422189000001E8
74	0011000000001110110101001110110111111101001011110001011011010110011010101011011001000111010000100001011110101110110110011001100010100011100000001011101010001010110100000001000010110000010011000011011001000100000010001001010010010111	980718.3999999997	-4.9260281919999987E8
75	0000101010110011101101010101100010011111010001100110000010001111100001110111110010001101000111101000001100011100100111110000111101100001100000110011111100011001000001111100100000111011011010100010100111010100000011000100100100000101	1091323.8	-6.156904112E8
76	0100110000001010110101011010011110000010111001100010010010000011110000011100000110011001000100010000100111000000110110011101011000110001100000000001101111011100000001000101101100101110101100111011010100110000010111001001111110100010	932916.2000000002	-4.436496782E8
77	0010000000111110100011000100001000110010111110111001010100110110000010011101101111011110100100111101001000001010010001100100101100010100110110011100000010111001000001010110010001010000011001101101100000100011011100111001000001111100	978141.2000000002	-4.8989817760000026E8
78	0001011101100000101001111000100101011011000001010011001011011111001011110111000100011100001111101110100111010101010010100010011110111001011100000010101111110100011000101010111000010110110100010010011011101001101101110101110000000000	1145875.6	-6.814482256999999E8
79	1010010110000000011010100110011000001001001011101100100010111101100001100100010110100110001101100110000010010000011101100000010000101011100110011111011001011010001000001001111001001110110000010101100111011010001111101011011101001111	986569.1999999997	-4.9877030040000015E8
80	1011011111100011010001011010101000110011011110111111101100000001000011111000100110010011010100001010100101011001011100010001111100000110011011010010100101111011100111001111000110000010011010010110010010101100001010101010110100010011	1189945.2000000007	-7.370061918000001E8
81	0111111111110101000100100000101111110010010001101001111010010001001111010110101011000010001000110100001011111000101010010111101011110011010110110110011001001100101010011110100111010100001001011110110111101010100011101011001010011110	1223637.8	-7.809504386999998E8
82	0111010100111110001001101100100111000000000000111101000000110001111100010011010100001001100011001000010001111100110100100011001010100001111101101000101110000010101101110000101111100010101100010001011010110001100000111001101111000001	1045191.7999999998	-5.626853789E8
83	0100100100100111000000110111001111010101001000010110001010101001011110101010000111110011001101111010001111101111101110110110010000100110010110010100101101001111101001110010110001100110111101001000100000111000001000011011000000001011	1161661.4	-7.010988679E8
84	1011110100101000011001000100110101010101011010011110000101111001010001010001110010101010101001100011111100100001001110010101111111110010110011101010101011010100111000101101001101011101010101010101100010110010100101111111010000101110	1197884.2000000002	-7.472461905999997E8
85	0001000010101011000010001111011111111100111001100010111011111000111101101111011011100000110111111000100001001111000010101111111010100011000001000111011100010100101110110010111000101011111010001010000000101011110000000000110101010110	1163271.1999999997	-7.031186428E8
86	0111010001010111110010101100100000111110011000000000000110110001001101010011010001110000101001100100000011111000001010010110001111100010001000110111000000100101110111001011111110000100010100000100101101110001111101000010111010010100	1033174.3999999998	-5.492690601999998E8
87	1010110001111011111101101100010100001000101100011011010100000111110001101111001101111010101101111001100101101001010011100110101100011010111101100011101110001110101011000101110111110011101000010010001001101010101101110011000111010011	1233729.0000000007	-7.943597911999999E8
88	0110110101001011010011110111100110000010111011111101111010001011010101010001111100000011010100010001000111001111110001101000110000101000111110100001110001011000011101100100110111110101101000011000010110001011110100101110000101001001	1144104.1999999997	-6.792604453E8
89	1100101000100001010111110101100111111001011011000101001101100010110000100010010011101111010001011001101011011001011100001100100110000000010111010110010000101100110111101010001100000000101101110100100100110101010111010001110100001001	1110948.2	-6.389618550999999E8
90	0000000001000011001001100011011111001100111111001100100000111000001100111101101100011100100100001110101101111001111010010101100011001100001101101010100100001000100000111011110010010001011011010000010111110110110100100001011100000101	1075087.8	-5.967633836999999E8
91	0000001111111011100101000101100011111100000100101000111000011001100110110010111010000001000101101011110010110111111000101110000101010010001101011000101101110111110011111001110100101010011001001101110100111001110100100011011000101010	1205896.2000000002	-7.576520955999997E8
92	0111000000100101100111110010000111010001110011010010111011011111101100100111011110001111110101100001111110011010110000011101101100000000101010100111110101110001011100110111001001010001011101110110011110111010100101000000101101100100	1253150.0000000002	-8.204878868000001E8
93	1110110101000000110001000011000000001000001100101111100111100011001111010001111100110110101010000111010000011111110110111111110111100000101110110101101010100111010110010010011100101001011000101100110110111110000111110010110000111101	1207008.8000000005	-7.591027681999997E8
94	0010110100111101101001111001000101011101011011101110001001000100111100011010110111100010100100011011011010010100111001100000101110010000010111000001010010001010110110011101011000000111011110000000010000000010000100100101000110100010	1075042.6	-5.967112032000002E8
95	0101010110110000101101001011010000111000001001100001001111001111111111000110001011101000101000101101110100011111111001101100010110011111100111000010101000100111110000100011101110000000010111111011100000111001011110100101000100001001	1109155.7999999998	-6.368183893000001E8
96	0000010010100110101010010101111001101010111011000101010110110010111001111100111101000110111010110100011000000010011010101000110101000111000010100100000101100000110011100011001001010100111110111111001000111011101110000110111100000000	1033160.6000000001	-5.492537143E8
97	1010110001001000111110101010110000101011001101100110110100001001101111001000010110011101001100010101111110010010100011000100010000010111100010110101111010111011011101000101011100010110001011010101111010001111110000110101010101001110	1160887.2	-7.001286170999998E8
98	0000010010101111111000010100100011101010110001111101101111011000010001110100101001110101111010001111100100110111000100110011010110011110001111100101110000110011101000000000100101000001001011001111101111001000000111110101000100110110	1061478.9999999998	-5.811267796999999E8
99	1111111100101010111001101110010001100110111000110000001101111000101111011011001110110011010111000101011101110011100000101000000000101100101101100100000101000000000010010011110001111000001111001100001011101110111101000000011100111101	1033710.9999999999	-5.498647780999999E8
