SOLUCIONES INICIO 

0	010010100101001100011111010000010101000001100000010011000101110000100000100010101000110000110100000011100011100001101011110101111000010101000110001101101010100000001111011101001011011011100001100010010110111101001100010010110110010101	1454358.9999999998	-3.863892389000001E8
1	101101110010111100010011001001000100000000010100110010110011001000011111001000100010011011100010001001010000100011001100011000111001010000001101011011001111110000010100101100110010010001110110010100011110000110110111100111011101001100	1443719.6	-3.805848610999999E8
2	000101111001011001111110111011000000011000111100011101111111011001000011110010100110001110101110110000010011101001101100110000000110110110101000011111100011111100011000100110110011001101101110001010010101100111001111110111011101100100	1674932.5999999994	-5.166199735000001E8
3	110100111010101101010110001111011110010111001000000001000101110000101001111010111011110100101101000000110100110011111011101111001101001110001111010011010011000110111100011101101001011000011110110011100101111000010001111001000011011111	1735135.5999999996	-5.554447807E8
4	110110001000011100000111111011010010101100011010001101110100011100011111110011111110011101100011001101000111111000001010100001101000110110110100000100100111001001100001100111010101100111101111000000000111010110100001011010101010000110	1571690.2	-4.5331318200000006E8
5	101110111100010010000100110010100011100011101111111000111011011101001000111101100010100010101100111001110000101001000101101001010010011000110111011001011001100111001000110011001001111000010000111011111110000101101010000100010011000110	1545205.5999999999	-4.377400268000001E8
6	001010010011111111111100010100011011110010001011100100110101010011010110100101011000110000010011111000100110000001011010110010110111011110110110110110010011010101111111101100101111100110100010111011110110001001010100100011111001100001	1773637.799999999	-5.810120890000001E8
7	101101010011101011101101000101110110101111000011110011011110111110010000111010010100011101100101110101010010011110010000010011001101011100100001011101000001100011101010011010110111110101100111111101111111010111001010100110110010000011	1720748.6000000003	-5.460386719999999E8
8	100100110111101101001110000101000111000111000010001001000100100110100111000100001000111001111100010111011111011001111011110111111001111111000001001101010000101111110101010011101100111101100000100001000010011111000101111011010111011010	1696256.3999999997	-5.302107021999999E8
9	000011000001011000011100101001010011000001001110000000011011110101101110011010000011011000001001010100100101111011000001110000100011011011010111101110011001010100100100100111001000011001001101000001011111000101111011101011101111111111	1544137.9999999998	-4.3711782609999996E8
10	000110101011100100101010100010111100100111111101001101101110100111000100100100110010001101011010001011100010011010110101101100001000010111100001011100110110011011101100100001101001111000011001001000100110001010111011101000101110011101	1562753.1999999995	-4.480278221999999E8
11	001001101011101000000000110100110000011000011100101000010101101001000110100100110011001100101111001101000011001000000101001010100110110011101001100101101010011110110100111001100111000110010010111011011001000101010101101011010001101100	1478032.3999999997	-3.994618693000001E8
12	100100000010101011010101011010011000110010101010101100001111101010000001000000010111000111000000110111011001011100101000101010101111000001011001111100000000101111110100100001011000110011010001011010111100111101111001110010000111000011	1462328.7999999998	-3.9076595170000017E8
13	100010010011001110011000111000101101010111001001100011110001110110110101000011111110111100000111000110000000111111001100000100000101100000000110100011001110001100000111101001011110100101011101110101000100101101000011001110110000111111	1511885.6	-4.185340065999999E8
14	101111110001110001101010111101110100110111010010101101111110010101101010111001001011100101100101010100001010000000001110110000110000110110111111000010011110010110111110100011011011101101001000100011001101011001010011011011100101100010	1681529.399999999	-5.208055388000001E8
15	100110111011011111010100000000101100011010001011101011000010000110010100001101000101001100110110101001100011000111110110000110000110110000111010111101111110111000011111110000100011110101011110001011000110000101011100111010011111001010	1658790.1999999997	-5.0644896060000014E8
16	000100000011011110000010100100000011000010011110011011100011101100110111000011110111011110000100110101100100001110001100101110100100011010011010100000100111111100101011110110001101111110010010001001010001000011010100111000110111000100	1565966.5999999994	-4.499246572E8
17	011010101001100011110010100000000000011011110101101101100101111001000101100000111010011000101001011001000011010111000000010100100001111100000111010100010001011110010000001111010101000000101110101110011110000111111000010010110010100011	1429596.8	-3.729478046E8
18	010001100101010111100000110111110000001110101101111110110000001111100000111111000011100110011001100001011010110010100011000100000000001111111000100101101111110000001000101100111100011100111010000101111101010110000011010011101001100110	1525117.3999999997	-4.2610928830000013E8
19	010110011011111001011010111001100110000111010000011001110100111001000110000001000011010010010001000010100110001111111110010011001100011010010000101010000111010001110111100010100010000101101001010000101000000101100101010010110011010010	1469086.7999999996	-3.944966364E8
20	100110101000111101001110101100000010011100001000001111001101110001001011100100111101010110010010000110000101011100110000100001000000111100111100111010010000010100110011111111011110010000111000100001001101111111111011100111001010101000	1600759.9999999993	-4.7071998020000017E8
21	010011100010101100010110000110000000010011011101010010000101001000111100100001101001000111000010011110000000110111010101011110111110101011010001101010010011100110110111100010010110101101110010010011100110100011110100111101111000010001	1575512.1999999993	-4.555832273E8
22	100101110011000001111110101100001111111100001100000010100100000110100101100100010001010100101111010000110101000001101000111000110111001000111110111101010010111001111111011010111010000101000010000111001110110010010111110001001111010111	1684076.3999999997	-5.2242624330000013E8
23	000101101100001000111000110000101011001101111101101001110000011000001110000110010011110110111000100010000111000001101111001001011001001110011111110110010010011001101001111011010011000001010110111001110000111111101101001110111010011001	1659436.2000000002	-5.0685401780000013E8
24	101010111101101000011101101011011000001101011110101100000101110010110011001001010100001000011010110010011110101001101011010110001001000110101110010011110101101111101110110000101000101101001000101010101101010001010011101101101100101100	1639344.5999999992	-4.9433079559999996E8
25	110001101100001101011111110000100010010100001100111101110000110111111100000001101001010101000011101111101001000011110111011110011010110000110011100101100001100010001111101010100010101000111101101010110001000101100101100000001000010011	1628674.4	-4.877437201E8
26	101101110111101011100000100011011100110011101001010000100000011100110010001100101110110001001100000101110101110001111110001011000000001100001110111000111110000001101101111101110101000100011100101111111100110111101010011000101110010010	1664787.4	-5.102158847000001E8
27	000011111010111100100010010110110110011010111100000101001010000000011110000011011101101111011000100101110000001011101101101101010010100010010001111110100011001000110001000100100110100010011011011110000110011111101101001111010101100011	1524443.7999999996	-4.2572200970000005E8
28	010110001000001101111100010110010011010111110001001001101011100101001011010110110010001101001001111110101110101101001100100000101101101000110100001000010001001000110010010000100000111001100110100110101101001010011010001000001010001100	1364933.9999999995	-3.3896983790000004E8
29	011100101000011110010001001010010001011100001001011011000101110111110101111110111100010111100110001100001011111101101000000011101011000001100001111000110011011001010101101110100010100001111000111011110100101110110101110000100100101010	1662441.5999999994	-5.087407504000002E8
30	101101101011000001101010011010001000101011001001000111010010010110000011010000101001010011001101001010001110110110010111100110100111001001111100000100111110100001000111111001000010100011111111111010100101010111111101001010011011100011	1656761.9999999995	-5.051781004000001E8
31	001101011101010100111100101110000011011010001110010101000111001000011011010010100100100000111010000000011011100101010011111000011000110110110111111010110101100101101001011000101000101101100101111111111100010000010111001010001000011101	1593624.2	-4.6641671310000014E8
32	010111101010010000001000000111000111010010110011011011100111100001011101100001011110010100111110110100011100001100111000011101100000100001010101101010100000101101000001101110110011110000011101001111101001000011011111111001000100010011	1548737.0	-4.398008708000001E8
33	000000001001111001111111110101111000010111010100100001010011100010111101000110000100100110100111011001010111010110011110010101001001011101011001001000001101110001110001001100000000000000001111100001110101001010100010111101011110110011	1520083.9999999998	-4.232196334000001E8
34	101101100011110010000010011000001001011100100010010010101011001100100110101101010101010010010100101000110000011100001001100100000110010000100100110010011100111111001100001100101100000101001110011011110100111001100100010000100001011100	1363733.4000000001	-3.383544284000001E8
35	001010111000110110100101000100100100100101111101101111010110110101100111010000110000001000111010011010010110011011001111111100101110100010000011110011111111011010000100000000111110011100001100010001100011101010001110000001010001110010	1502685.2	-4.133066805000001E8
36	100101010001001010111100110110011011101011010111100011001011000111001000110000111101011100111011111010100000000110001010001111001001111101110100010110011111001110001101011011101010011110110101011001010111111000111101101010101010001010	1723642.5999999994	-5.479242557000002E8
37	110110100111011001110100011010011100000011001100101011001001011000100011000100101101111000010011100110010111100000111110110010010110000001011111001110100110001100010111111110011011100111100011110010110101010111110011100101000011010111	1748379.9999999995	-5.641748647E8
38	101111011101100100010001111110101000000000101100000010110001001101011111110001000101011010111010100000000111100001101000100110011101000100010110111110110111101010011110010101100110011100000111000111001000100101010000111101000011111101	1581455.9999999995	-4.5912434850000006E8
39	110100101001010101100111000001110110101100110000011010011000010111100000110001101001010101001101101110101111101111010101010101000100001011001010011001000110101110111000110101110100100000011111001110000111000011110111010100010001010100	1568377.8000000003	-4.51350629E8
40	001000111100011001101001010101000010010001101010101110000011111000001010100110001110110101000101011000101010001000001011001100011110001100101100100110001101100100110011010110011100110010010111000011011111111110100000110010101100001100	1485296.3999999997	-4.035168430000001E8
41	001100001000000100100100011100111100001001001101111001110101100010011111010111110110110110110111101000001011001110000001110101010001011000100111001100010110011101011000001001110100010111000110001101101011000011100001110111101000001101	1486388.0000000002	-4.0412803979999995E8
42	010111111010011111001100000111111110010010010000010010111010101000011010100100100110010101011101100010100110010011000100101001111111011000111111000110101110010011011011010111100001101101011101101111100010000101001001000101101101110011	1717712.9999999995	-5.440642057999998E8
43	010101100011110100101000000000000100111100010001100000000010100011001000011100101011001111001111101000001111111110100011011010101011011111101001100110100010010101110010100101100101010100010110001000110010010111101110100001000010110011	1510107.4000000006	-4.175212852000001E8
44	001001111010110110110100011010100101010101010010000000110010011001111100001010101000011100111100010110010000101000010000010000010000000101000011110001100111110001011011001010010001000011010110000101000110001111110100101010100011001110	1365052.8	-3.3903092779999995E8
45	101000110011111110011011011110110010000101110001100111001100111010100100110010010001100101100001100001011000010101001010111001110010001100100001101100100100010111010000010010001011000010111000111010010110000101011111110101010110100100	1440937.199999999	-3.790741339E8
46	001010111111100100101100011111100010110000011011101110101011000110101000001100011011100011001111000100101001101111100001111111011001001100111111101001100000100101001110100000011101111111101111110011010110010111101100000001001011100000	1660836.9999999998	-5.0773288850000006E8
47	010011101110001100000111110001000001111000111101110110001110001110100011010110001010101010001011111011111010011101100010100110010101100000000010101000000011110101010100001001101100111010001000111011110101001000101100000010010010111101	1441060.9999999998	-3.791412883000001E8
48	100100101000110100110111110100000000100110101010010010110001101101011010111111000111011000000111001100000011110110100001101101000010100000001100010011000110000000001111001001001000011110101111001001000111001001000100101011111110000011	1413966.9999999998	-3.645862812E8
49	000001111100000111010011000111101000101100000111001000111111100011001100000100000000010001000000001110001100000101101001111110111101101110011011100001001000101100010010001111001100000111001011111110011001000010110011000110110111110111	1513724.2	-4.195825756999999E8
50	011100011010000001000110100101100111011111110101111000000000010010101000001111000111100111101101110000001111000000010000110110100100100000100101011001011110101010100100100111101110001100100101001000111011001101010001111111011101111100	1491677.5999999996	-4.0709585870000005E8
51	111101001010100111001010000100001110111101000001100111010100000101000000110001100001111011000000010110010001001110110100111111000110100100111001010011010011011110000100111011101101000101011011010111111110111100011101110110000100000111	1622405.8	-4.8389439860000014E8
52	010110101000111010001100111101001001111001000010110000011000000010101000110000010011010100010001000001110011110100011111001010011000110010011101011000011100011111110100100100010110111010101000111000011101110011110100100100000111101100	1478019.5999999994	-3.994548395999999E8
53	001100100101100110110000010011111011111101110001011000111001000001101001101110110010111010011111001011011110110110011011000011110000111010011010101000110111011000001111010001000010100001001101110000110011111011010000111011111010011011	1679173.3999999997	-5.193086354000002E8
54	110110001010001011010101010110101011011110101101010010110110010101011110001101010100001010011111111100001111101111110001000010010101100101010011100100100101110110100110010011011111110100000010100001101001110010001101011000010111110000	1620262.1999999995	-4.8258164719999987E8
55	011010110001001111010100100000001100111101110001101111101110111011111101101000001010101110110010011100101011110101001100100100110001000100010000100001101100101011010100101010011110100101000010110111010011111100101001000101001100111011	1567851.9999999998	-4.510393965000002E8
56	110000011101001000010101100101101101111001010000111001000000101001011100110101010001101101000101001000101110100101011000011010110010101011000011101001111001100010000010011000010111111111111111111111001000000101011010100001011000110001	1493722.3999999994	-4.082459622000001E8
57	001101001001010110001001000000010110101111001010000001100010110110001101110101101110000010111011101101101101000010110101011011001100000001111011111100010111011101101101010100100110011011101101101110100000001000111000101010000100010100	1599178.5999999996	-4.6976480870000005E8
58	110100111101000100110001011110110101010000111000101101110001110000011001010010010100000110100101101110011101111001100111100001010110110100011100101011010001111111011010101101011101001100011110001111110110100111011010101110110010101100	1726600.2	-5.498547554E8
59	000100001000110010010111000001111100011111101101101111110111101111001111001001100001011000001100000010100110100101110100010010101101110011101011001000001101011101100110110011000011011000010111001110111000111001100000000001001101101101	1601841.7999999989	-4.713742382000001E8
60	001111011101001010110000010110001000010001110001011011010101111010100011101001010010111111001011111100111010110010101111100010000100111010110001111010111111011100101010010110110000110101000111111101101011110000100001111100101010110100	1718569.1999999997	-5.446208821999999E8
61	001111011011000010110010000111101010011101001111001001010111111010001111000011010000100011110100010011101000100100111110010001101101010110001101110111100011110100000010101000110001111010001101111010010101100010101101110101110101100001	1594779.3999999997	-4.6711214430000013E8
62	010011101101111101100010001010011010101000011111010101100000011111010010001010010000000011101011101111001000110001101111111011101101110001111001100011011001101100001001000111011011010000101100100110000101110110001001101100101011111101	1640256.3999999997	-4.948956664E8
63	100001010001001111011100110010010000001111100001101110001001101011100011101011110011001101110001100110100001110001101010100001111001010000010001110110101100010011011100111000101111100111000010011110001000111010011011010011111101010010	1571139.2	-4.5298652509999996E8
64	010101111100110011010100101010000000111011101010110101101100100100101101001001001110101110100101000011110101011001010111100111111111000100110001100100101000011011100111101101100110001001001101011111011110010101000101000100100100111001	1699674.7999999996	-5.3240586819999987E8
65	111101111101000001110101011010110101001000011110010100010010100001011000111101000011011110111000010101000100101011011111010101101100101100001110111010110100110011101001110110101111010011100010000100110101100111001100100010011010100010	1682982.3999999992	-5.2172985540000015E8
66	010001010010000100000110110100100011001101111100100001010001111101101111001101111010010011011100101011001000011010101010010110110101110011110111111001011101100011101100110000110010100100110100111100100001010101111100000000010100111111	1619569.2000000002	-4.821576568E8
67	000101011011001101111011110001001101111011101001011010011101110101001000100010100010100101110000010011101011001000111100001011101000001110100100010011110000110000110001111111111101100000111101101001110010100100111111001100111101011110	1668689.6	-5.126742748000003E8
68	101001001101000100110101011110100001111010100111110000010000011000000010100101111011001110111100001000011101111001101101111101001110001100111001010101011000110010011010111110010111000001100110101111100101100110011001101001010000001111	1694592.8	-5.291441514000001E8
69	000100011001001001011101110101100111101001101010110011000011001001010100101010011011110100011101011001111010101100100011011001001100111010100011100101010011101111000110011001100101110100001100111000001010011110011101000101101000111010	1598787.2	-4.6952843790000004E8
70	111101101010001010011101010001000001010000001100111011001110110000001000011100111110111100001001010101001011010001010110010000000101011011111010000101011100000001101100010011011101110010000101000011000110001011001100010101001011110010	1433306.9999999995	-3.7494662880000013E8
71	111101001110101010110110001001001110100000010101000010101111011001110010000001011101101000111000011001111001001011001011101011101100101100010011001110001001000111011111010101111011001101111100000001100101101001000100010010011010010111	1627992.3999999997	-4.8732414100000006E8
72	000111001010010001110000001001000101001011010101111001010100001010010000001111111000110000100100111100101000100100111000001110010000111100111010011011111101001110110100000100101111011100000110001111111101110001001101001110111000011010	1481587.5999999999	-4.014440666000001E8
73	001111010101010111011010001111110001111101100101101110100101111110110011000010011111011110101101010011001101010100000011100100111111000110001111001001100011100111001110111010000011111000011100111001000100100101000011010111110001111101	1786813.9999999993	-5.898937815000001E8
74	111000110100100110000010110100101011001100110010101011100111010111110110011000001000001000111110000110001111110100011011011001000010001010001111101100100001100110100010001110100010001010000101110110110101011100101101111110010010000010	1522352.6	-4.245209030000001E8
75	111000101011110111100101010000111011100100101010000111111111110011001011001001100101010101000100100000001110000110101010001011101010010000110000100111110101001010000111010001001100101111010110000000000011110110000010110011001001000010	1437123.4000000001	-3.770083914E8
76	100001100011001000101100000000110011001000100111001110100101000000101000110010011010111110010000111000110010011001001010000111011100111011110100001010000101010011100101111011110111010100001110000101001110001111111001110110001000001110	1520669.2	-4.235552043E8
77	010110001100110111100100001100011100010011100101110100101001011100000110011101111101100000011100000010101110111000010011011001100110010011000010110110100011110000111010001110111110110011110000101000011000110010110010110101000001010010	1543221.6	-4.3658429830000025E8
78	100001110000110011110010110101100011011010000111011001100000101111011011110101100100111100101001110110011110000100101100101000100001011100101100011011011000000100111110010000000001011101100011100000100110001100010111101001111100100101	1518619.1999999995	-4.223805101999999E8
79	100110001001001010010101010010111100110011000111011010011100111010111011000110010110011100100100111010000010001101111101011000100000110101110101010111110000111100010110011100100001011010001000000010000111111001100111000100010100111011	1574719.0	-4.551117277000001E8
80	101111100000010010100000111100000111100111010110110100000111101000001100001110111100001111111111101010010010110010000011010100110010100000110000101101101111001110101110001010101110110100111001100111111100110110000100110111101111001101	1646387.5999999996	-4.9870283699999994E8
81	111001010101111101011110010101100111101111000110011111101110100000011111111111101010001111010101010000010101100110010001101011111001110000110110000110001101110101100000000111110010100110010100110110010110010111001111101000111001000100	1653519.3999999994	-5.031497504999998E8
82	101111100100100111110101101111001000001101111011110111101101100001100100000011100000110111001101000000001001011011011000000100010110100110111111110011011001011000000001000110001001100101001001000001011010000101001010111011101100101000	1483072.7999999996	-4.022733512E8
83	100100100010001111011111001110111000000111010011111011000111101011010111100111110100000011011100110000101110010101100010000100000001110110110111101101011110001111010000011111111001010010001101010010101110110100000001100111010010010000	1618714.5999999996	-4.8163488979999995E8
84	001000101110010100111101010000011010000001111000101111100110000111101001111010011010001101001000100000011011010010100110011010011101000000100001101100100011011110110010111000011001001111000011111111000000000111010100101110111110101000	1505253.1999999995	-4.147624127E8
85	111010111100101110001100100110100001101011101100101110000000110100100111000101111111001010000011100100100010001011011100001100110001011010010010110100110010010100110000111100010000101101110100101100010000010010110001011110000001000111	1466038.8000000003	-3.928118182E8
86	101110001111011111000111000001000101111110011010101110001001110001111011100110001011101111110010000011010011001010101111110110011011100110111010000010100101000001100100011101001101010001100011111010001001011010001010111100110011111110	1660611.999999999	-5.0759155470000005E8
87	001110010011111100010010001011101000010001111100110011001110011000000111111100111100011010000101011111110111111111010111001111101001001011110100001111000101010111101010000011010011010011010000111000010100110001000010001110000000010101	1636482.6	-4.925596493999999E8
88	100110101001001100100001110110110110110000011001000011110111000000110101000000001100111010001011001101001110000111110000100111100100011101100011101101100110010110011000010010001111001000101100111101110110011010001111000111110111101101	1559744.1999999995	-4.4625526729999995E8
89	010111000110101000001111111100011000100110010101110110011001000001010110000100011111001000111100111001001001001001011011011101110111000100100000011100110111100010101101111111111011111101101001100011001001111100010100100111001011001001	1719427.9999999995	-5.451792239000001E8
90	010011010010100100011111110100100000001100011101111001110111111111000001011011111100000000111110101010001010100100000001000111110110011111111110011111001011001011011011110000010010101101111001101111101100100110101010001101000000010110	1689957.8	-5.2617794640000015E8
91	111000001010010110100101010011011110000010110111111100000110011000110110010100010111010011101011100111001101101011010001011000111011000101001111001100101000011111101100100001111000111111011111000001000001100101011011000110000011101101	1593821.1999999995	-4.665353414E8
92	111111000100011000000011001001011000010000110001011010110111000111011000100010000000111000010111111000111100001110110011101110010111110001101110011110001011011001100011000010111001000110001010110011111001010000010010010000111100011001	1541640.999999999	-4.356646929000003E8
93	010100100101000010001101100010111110100111100111011010011010001100110110001101100001001100100101111110110100101010110110010101010110001011101000101111001010010010011101100101100011000010010100010011011111011101010110001010010000100111	1595261.2	-4.674023308000001E8
94	001000011111101100011000100000000000011100011010101000101010101001111110110111000100000101111100101110010111010100111001001001011011001101101100000100110000000001011111000001000001001110111010000000101101010010100110111101000100000101	1412145.9999999998	-3.636182319999999E8
95	001110111101111111110010101110010100100010110000010111001100111100000110101100111100111100000001110101010000001110011011111011001100111000100001011100001010010101001100000100001010110001110110010011010101111111111111101100001100011100	1561818.1999999997	-4.474764966E8
96	101011111000001000000011000000101000101110111110000001010101111110111011000101001001010100001010000010001101111100101111110001110010101111000100011100100101111011110001111101000101111001001010000111010100101100011001110000100001100111	1629302.1999999995	-4.881300493000001E8
97	101011100111111100011011111111100011010111000010101010100111101001001101000000011100001001010001110001111100010110001010110010101111011011111110001100010111100110011100101010000101010000011100101111010110110111001010100110011010111010	1736784.7999999996	-5.565279701999999E8
98	101000010110101001111000010001101101111111111110111100101011010101011101110010111010100000111001000110101100101111110001011101100010011100011111111111110101011100001011000011000101011111011100001001100101111100001100101100010000111000	1764662.3999999997	-5.750006226E8
99	001111010000000101010000011001001101111001100100011001001101001110011010000010110110010100101111100010001110101100101100010111010011011010101110001101010111011011111111101010000110110000001110110000011111011010110011101101110000001100	1705990.1999999993	-5.3647327570000005E8
