SOLUCIONES FIN 

0	0000000010000000000000000000000000000000000000000000000000000000100000000000000001000000000000000000010000000000000000000000000000000000000000000000000000000000000000000000000000000000000000000000000000000000000000010000000000000000000	36938.4	22.0
1	0000000000000000000010000000000000000000000000000000000000000000000000000000010000010000100000000000000000000000000000000000000000000000000000000000000000000000000000000000000000000000010000000000000000000000100000000000000000000000000	42161.2	27.799999999999997
2	0000000000100000000000000000000000000000000000000000000000000000001000000000010000001000000000000000000000000000000000000000000000000000000000000000000000000000000000000000000000001000100000000000000000000000000000000000000000000000000	38797.6	27.599999999999998
3	0000000000000000000000000000000000000000000000000000000000010000000000000001000000000000000000000000000000000000000000000000000000000000000000000000000000000000000000000000000100010000001000000000000100000000000000000000000000000011000	37813.0	36.9
4	0000000000001000000000000000000000000000000000000000000000000000000000000000000000000000000000000000000000000000000000000100000000000000000000000000000000000100000000000000000000010000000000000000000000000000000000000000100000000000000	42127.8	21.9
5	0000001000000000000000000000000000000000000000000000000000000000000000000000000000000000000010000000000000000000010000000000000000000000000000000000000000100000000000000000000000000000000000000000000000000000000000000000000000000000000	41892.0	17.7
6	0000000000000000000000000000000000000000000000000000000000000000000000000000000000000000000000000000000000000000000000000000000000000000000000000000000000000000000000000000000000000000000000000000000010000000000000000000000000001000000	11751.6	8.8
7	0010000000000000000000000000000000000000001000000000000000000000000000000000000000000000000000000000100000000000000000000000000000000000000000000000000000000000000000000000000000000000000100000000000000000000010000000000000000000000000	41614.8	22.7
8	0000000000000000000000000000000000000000000000000000000000000000000000000000000000000000000000000000000000000000000000000000000000000000000000000000000001001000000000000000000000000000000000001000000000000000000000000000000000000000000	31025.2	13.100000000000001
9	0000000000000001000000000010000000000100000000000000000000100000000000000000000000000000000000000000000000000000000000000000000000000000000000000000000000000000000000000000000000000010000000000000001000000000000000000000000000000000000	42144.2	28.099999999999998
10	0000000000000000000000000000000000000100000000000000000000000000000000000000000000000000010000000000000000000000000000000000000000000000000000000000000000000000000000000000000000000000000001000000101010001000000000000000000000000100000	40414.0	36.0
11	0000000000000000000000000000000000000000000000000000000000000000000001000000000000000000000000000000000000000000000000000000000000000000000000001000000000010000000000000000000000000000000000000000000000000000000000010000000000000000000	38285.0	16.9
12	0000000000000000000000000010100000000000000000001000000000000000000000001000000000000000000000000000000000000000000000000000000000000000000000000000000000000000000000000000000000000001000000000000010000000000000000000000000000010000000	39774.8	31.900000000000002
13	0000000000000000000000000100000000000000000000010000000000000000000000000000000000000000000000000000000000000000000000000000000000000000000000000000000010000000000000000000000000000000000000000000000000000110000000000000000000000000000	36901.600000000006	21.799999999999997
14	0000000000000000000000001000000000000000000000000000000000000001000000000000000001000000000001000000000000000000000000000000000000000000000000000000000000000000000000000000000000000000000000000000000000000000000000000000000000000000010	39095.8	22.9
15	0000000000100000000000000000000000000100000000000000000000000000000000000000001000000000000000000000000001000000000000000000000000000000000000000000000000000000000000000000000000000000000100000000000000000000000000000000000000000000000	40535.0	23.0
16	0010000001000000000000000000000000000000000000000000000000001000000000000001000000000000000000000000000000000000000000000000000000000000000000000000000000000000000000000000001001000000000000000000000000000000000000000000000000000000000	40095.200000000004	28.2
17	0000000000000010000000000000000000000010000000000000000000000000101000000000000000000000000000000000000000000000000000000000100000000000000000000000000000000000000000000000000000000000000000000000000000000000000000000000000000000000000	40587.4	21.6
18	0000000000000000000000000000000000000000000000000000000000000000000001000000000000000000000000001000000000000000000000000000000000000100000000000000000000000000000000000000000000000000000000000000000000000000000000000000000000000000000	29281.8	8.8
19	0000000000000000000000000000000000000100000000000000000000000100000000000000000000000000000000000000000000000000000000000000000000000000000000000000000000000010000000000000000000000000000000000000000000000000000000100000000000000100000	38004.399999999994	22.4
20	0000000000000000000000000000000000000010000001000000000000000000000000100000000000010000000000000000000000000000000000000000000000000000000000000000000000000000000000000000000000001010000000000000000000000000000000000000100000000000000	40146.6	32.0
21	0000000010000000000000100000001000000000100000000000000000000000000000000000000000000000000000000000000000000000000000000000000000000000000000000000000000000000000000000000000100000000000100000000000000000000000000000000000000000001000	41804.2	32.2
22	0000010000000000000000000000010000000000000000000000000000000000000000000000000000000000000000000000000000000000000000000000000000000000000000000000000000000000000000000000000000000010000100000100000000000000000000000010000000100000000	37152.8	31.599999999999994
23	0000000000001000000100000000000000000000000000000000000001000000000000000000000000000000000000000000000000000000000000000000000000000000000000000000000000000000000000000000000000000000000000000000000010000000000000000001000000000100000	42727.6	26.8
24	1000000000000000000000000000000000000000100000000000000000000000000000000000000000000000000000000000000100000000000000000000000000000000000000000000000000000000000000000000000000000000000000100000001000000000000000000001000000000000000	42285.0	27.599999999999998
25	0000000000000011000000000000000000000000000000000000000000000000000000000000000000000000000000010000000000000000000001000000000000000000000000000000000000000000000000000000000000000000000000010000000000000000000000000000000000000000000	41595.0	22.5
26	0000000000000000000000000000000010000000000000000000000000000000000000000000000000011000000000000001000000000000000000000000000000000000000000000000000000000000000000000000000000000000000000000000000000000000000000000000000001000000001	42895.799999999996	25.9
27	0000000100000000000000000000000000000000000000000000000000000000000100000000000000100010000000100000000000000000000000000000000000000000000000000000000000000000000000000000000000000000000000000000000000000000000000000000000000000000000	37692.8	16.9
28	0000000000000000000000000000000000000000000000000000000000000000000000000000000000000000000000000000000000010000010000000000000000000000000000000000000010000000000000000000000000000000000000000000000000000100000000000000000000000000000	42761.59999999999	17.4
29	0000000000000000001000100000000000000000000000000000000000000010100000000000000000000000000000000000000000000000000000000000000000000000000000000000000000000000000000000000000000000000000000000000000000000000010000000000100000000000000	41820.600000000006	27.199999999999996
30	0000010000010000000000000000000000000000000000000000000000000000000000000000000000000000000000000000000000000001000000000000000000000000000000000000000000000000000000000000000000000000000000000000000000000000000000000000000010000000000	33322.6	17.599999999999998
31	0000000000000000000000000000000000000100000000000000000000000100000000000000000000000000000000000000000000000000000000000000000000000000000000000000000000000000000000000000000000000000000000000000000000000000000000000000000000000000000	12650.0	8.899999999999999
32	0000000000000000000000000000000000000000000000000000000000000000000001000000000000000000000000000000000000000000000000000000000000000000000100000000000000000000100000000000000000000000000000000000000000000000010000000000000000000000000	42203.0	18.1
33	0001000000000000000000000000000000000000000000001000000000000000000000000000001000000000000010000000010000000000000000000000000000000000000000000000000000000000000000000000000000000000000000000000000000000000000000000000000000000000000	39836.8	22.599999999999998
34	0000000000000000000000000000000000000000000000010010000100000000000010100000000000000000000000000000000000000000000000000000000000000000000000000000000000000000000000000000000000001000000000000000000100001000000000000000000000000000000	42824.2	35.3
35	0000000000000000000000000000000000000000000000000000000000000000000000000000000000000000000000000000000000000000000000000010000000000000000000000000000000000000000000000000000000100000000000000000000010100000000000000000000000000000000	33591.0	17.5
36	0000000000000000000000100000000000000000000000000000000000000001000010000000000000000000000000000000000000000000000000000000000000000000000000000010000000000000000000000000000000000000000000000000000000000100000000000000000000000000000	38199.2	21.799999999999997
37	0001000000000000000000000000000000000000000000000000000000000000000000001000000000000000000000000000000000000000000000000000000001000000000000000000000000000000000000000000000000000000000001000000000000000000000010100000000000000000000	42572.799999999996	27.4
38	0000000000010000000000000000000000000000000000010000000000000000000000000000000001000000000000000000000000000000000000000000000000000000000000000000000000000000000000000000000010000000001000000011000000000000000000000100000000000000000	42599.6	36.3
39	0000000000000000000000000000000100000000000000000000000000000000000000000000000000000010100000000000000000000000000000000000000000000000000000000000000000000000000000000000000000000000000000001000000000000000010000000000000000010100000	42564.4	30.7
40	0000000000000010000000000000010000000000000000000000000000000000000000000000000000000000000000000000000000000000000000000000000000000001000000000000000001000000000000000000000000000000000000000000000000000100000000000000000000000000000	41313.6	20.700000000000003
41	0000000001000000000000000000000000000000000000000000000000000000000000000000000100000000000000000000000000000000000000000000000000000000000000001000000000000000000000000000000010000000000000100000000100000000000000000000000000000000000	39053.8	26.3
42	0000000000000000000000010000000000000000000000110000000000000000000000000000000000001000000000000000000000000000000000000000000000000000000000000000000000000000000000000000000000000000010100000000000000000000000000000000100000000000000	41298.00000000001	31.799999999999997
43	0000000000000000000000000000000010000000100000000010000000000000000000000000000000000000000001000000000000000000000000000000000000000100000000000000000000000000000000000000000000000000000000000000000000000000000000000000000000000000000	43018.4	22.2
44	0000010000000000000000000000000000010000000000000000000000000000000000000000000000001000000000000000000000000010000000000000000000000000000000000000000000000000000000000000000000000010000000000000000000000000000000000000000000000100000	43188.0	27.2
45	0000100000000000000100000000000010000010000000000000000000000000000000000000000000000000000000000000000000000000000000000000010000000000000000000000000000000000000000000000000000000000000000000000000000000000000000000000000000000000000	39784.2	21.499999999999996
46	0000000100000000000000000000000000000000100000000000000000000000000000000000000000000000000100000000000001000000000000000000000000000000000000000000000000000000000000000000000000000000000000000000000000000000000000100000000000000000000	39436.2	22.700000000000003
47	0000000000000010000100001000000000000000000000000000000000000000000100000000000000000000010000000000000000000000000000000000000000000000000000000000000000000000000000000000000000000000000000000000000000000000000001000000000000000000000	40794.0	26.099999999999998
48	0001000000000000000000000001000000001000000000000000000000000000000000000001000000000000000000000000000000000000000000000000000000000000000000000000000000000000000000000000000000000000001100000000000000000000000000100000000000000000000	42166.6	31.699999999999996
49	0000000000000000000000000000000000000100000000000000000000000000000000000000000000000000000000000000000000000000000000000000000000010000000000000000000000000000010000000000000000000000000000000000000000000000000000000000000000000010000	39991.0	17.9
50	0000000000000000000000000000000000000000000000000000000000000000000000000000110100000000000000000000000000000000000000000000000000000000000000000000000000000000100000000000000000000000000000000000000000100000000000000000000000000000000	38266.6	22.2
51	0000000000000000000000000000000000000000000000000000000000000000100000000000000000000000000000000000000000000000000000000000100000000000000000000000001000000000000000000000000000000000000000100000000000000000000000000000000000000000000	41053.6	17.1
52	0000000000000000000000000100000000000000000000000001000000000000000000000000000000000000000000000000000000000000000000000000000000000000000000000000000000000000000000000000000000100000000000000000000000000001000100000000010000000000000	40314.600000000006	27.1
53	0000000000000000000000000000000000000000000001000000000000000100000000000000000000000000000000000000000000000000000010000000000000000000000000000000000000000010000000000000000000000000000000000000000000000000000000000000000000000000000	42835.2	16.9
54	0000000000000000000000000000000000000000000000000000000000000000000000000000000000000000000000000000000000100000000000000000000000000000000000000000000010000000000000000000000000000000000000000000000000000000000000000000000000001000000	31016.6	12.7
55	0010000000000000000000000000000000000000000000000000000000000000000000000000000000000000000000000000000000000000000000000001000000000000000000000000000000000000000000000000000000000000000000000000000000000000000000000000000000010000000	26203.6	13.399999999999999
56	0001000000000000000000000000000100000000000000000000000000000000000000000000000000000000000000000000000000000000000000000000000000000000000000000000000000000000000000000000000000000000000000001000010000000000000000010010000000000000001	41636.2	31.6
57	0000000000000000010000000000000000000001000000000000000000001000000000000000000000000000000000000000000000000000001000000000000000000000000000000000000000000000000000000000000000000000000000000000000000000000000001000000000000000000000	42090.6	21.900000000000002
58	0000000000000000000000000000000000000000000010001000000000000000000000000000000000000000000001000000000000000000000000000000000000000000000000000000000000100000000000000000000000000000000000000000000000000000000000000000000000000000000	37641.0	17.5
59	0000000000000000000000000000000000000000001000000000000000000000000000000000000000000000000000000000000001000000000000000000000000000000000000000001000000000000000000000000000001000000000000000000000000000000000000000000000000000000000	42264.4	17.900000000000002
60	0000100000000000000000000000000000000100000000000100000000010000000000000000000000000000010000000000000000000000000000000000000000000000000000000000000000000000000000000000000000000000000100000000000000000000000000000000000000000010000	43014.2	31.700000000000003
61	0000000000010000000000000000000000000000000000000000000000010000000000000000000000000000000000000000000000000000000000000000000000000000000000000000000000000000000000000000000000000001000010000000110000000000000000010000000000000010000	41698.799999999996	36.5
62	0000000000000000000000000000001100000000000000100000000000000000000000000000000000000000000000000000000000000001000000000000000000000000000000000000000000000000000000000000000000000000000011000000000000000000000000000000000000000000000	42609.200000000004	27.0
63	0000000000000000000000000000000000000000000000000000000000000000000000000000000000000000000000000000000000000000000000000000000000000000000000000000000000000000000000100000000000000000000000000000000000000000000001000000000000000000000	39981.799999999996	8.1
64	0000000000000000000000010000000000000000000000000000000010000010000000000000000000000000000000000100000000000000000000000000000000000000000000000000000000000000000000000000000000000000000000000000000000000000000001000000000000100000000	39162.0	26.200000000000003
65	0001000000000000000000000000000000000000000000000000000000000000000000000000000000100000000000000000000000000000000000000000000000100000000000000000000000000000000000000000000000000000000000000000000000000000000000000000000000000001001	39256.4	17.599999999999998
66	0000000000000000000000000001000010100000000000000000100000000000000000000000000001000000000000000100000000000000000000000000000000000000000000000000000000000000000000000000000000000000000000000000000000000000000000000000000000000000000	41741.4	26.4
67	0000000000000000000000000000010000000000100000000000100001000000000100000000000000000000000000000000000000000000000000000000000000000000000000000000000000000000000000000000000000000000000010000000000000000000000000000010000000000000000	43187.00000000001	32.300000000000004
68	0000000000000000000000000000000000000000000000000001000100000000000000000000000000000000000000010000000000000000000000000000000000000000000000000000000001000000000000000000000000000000000000000000000000000000000000000000100000000000000	35966.0	22.200000000000003
69	0000000000000000000000000000000000000000000000000000000100010000000000000000001000000000000000000000000000000000000000000000000000000000000000000000000000000000000000000000000000000000000000000000000000010000000000000000001000010000100	39915.6	31.4
70	0000000000000000000000000000000000000100000000000000000000000000100000000000000000000000000000000000000000000000000000000000001000000000000000001000000000000000000000000000000000000000000000000000000000000000000000000000010000000000000	40936.200000000004	21.7
71	0000000000000000000000000000000000000000000000100000000000000000000000000000000001100010000000000000000000000000000001000000000000000000000000000000000000000000000000000000000000000000000000000000000000000000000000000000000000000000000	42641.600000000006	16.799999999999997
72	0000000000000000000000000000000000010000000000000000000000100000000000000000000000000000000000000000000000000000000000000000000000000000000000000000000000000000000000000000000000010000000010000000001000001000000000000000000000010000000	37992.0	31.5
73	0000000000000000000000000000001000000000000000000000000000000000000000000000000000000001000000000000000000100000000000000000000000000000000000000000000000000000000000000000001000000000000000000000101000000000000000000000000000000000000	42343.4	26.8
74	0000000000010000000000000000000000000000000000000000000000000000000000000000000000000000000000000000000000000000000000000000000000000000000000000000000000000000000000000001000000000000000000000000000000000000000000000000000000000000000	41109.0	9.0
75	0000000000000000000000000000000000001000000000001000000000001000000000000000000000000000000100000000000000000000000000000000000000000000000000000000000000000000000000000000000000000000000000000000000010000000000000000000000000000010000	39506.799999999996	26.799999999999997
76	0000000000000000000000000000000000000000000000000000000000000000000000000000000000000000000000000000000000000000001000000000000000000000000000000000000000000000000000000000000000000001000001000000010000000000000000000000001000000000010	43084.8	27.0
77	0000000000000000000000100000000000000000000000000000000000000000000000000000000000000000000000000000001000000000000000001000000000000000000000000000000000000000000000000000000000000000000000000000000000000000000000000000000000000000000	36024.4	13.799999999999999
78	0000000000000000000000000000000001000000000000000000000000100000000000000000000000000000000000010000000000000000000000000000000000000000000000000000000000000000010000000000000000000000000000000000000000000000000000010000000000000000000	40134.2	22.5
79	0000000000000000000000001000000010000000000000000000000000000000000000000000000000000000000000000000100000000000100000000000000000000000000000000000000000000000000000000000000000000000000000000000000000000000000000000000000000000000000	42904.4	17.700000000000003
80	0000000000000000000000000000000000000000000000000000000000000100000000000000000000000000000000000000000000000000000000000000000000000000001000000000100000000000000000000000000000000000000000000000000000000000000000000000000000000000000	35999.399999999994	12.799999999999999
81	0000000000000000000000000000000000000000000000000000000010000000000000000000000000000000000000100000000000000000000000000000001000000000000000000000000000000000000000000000000000000000000000000000000000000000000000000000000000000000000	30819.8	13.5
82	0000000000000000000000000000000000000000000000000000000000100000000000000000100000000000000000000000000000000000000000000000000000000000000000000000000000000000000000000000000000000000000000000000010000000000000000110000000000000000000	31478.399999999998	22.6
83	0000000001000000000010000000000000000000000000000000000000000000000000000000000000010000000000000000000000000000000010000000000000000000000000000000000000000000000000000000000000000000000000000000000000000000000000000000000000000000000	37795.4	17.2
84	0000000000000000000000010000000000000000000001000010000000000000000000000001000000000000000000000000000000000000000000000000000000000000000000000000000000000000000000000000000000000000010000000000000000000000001000000000000000000100000	41970.99999999999	32.2
85	0001000100000000000000000000010000000000000000010000000000000000000000000000000000010000000000000000000000000000000000000000000000000000000000000000000000000000000000000000000010000000000000000000000000000000000010000000000000000000000	39804.600000000006	32.1
86	0000000000100000000000000000000010000000000000000000000000000000000000010000000000000000010000000000000000000000000000000000000000000000000000000000000000000000000000000000000000000000000000000000000000000000000001000000000010000000000	40423.6	25.7
87	0000001000000000000000000000000000000000010000000001000000000000000000000100000000000000001000000000000000000000000000000000000000000000000000000000000000000000000000000000000000000000000000000000000000000000000000100000000000000000000	41820.6	22.6
88	0000000000000000000000000000000000000010000000000000000000000010001000000000000000000000000000010000000000000000000000000000000000000000000000000000000000000000000000000000000000000000000000000000000000000000000000001010000000000000000	39265.0	27.599999999999998
89	0000000000000000000000000000000000000000000000000000000001000000000000000010000000000000000000000000000000000000000000000010000000000000000000000000000000000000000000000000000000000000000000000000000000000000000000000000000000000100000	35711.4	17.8
90	0000000000000000000000000000100000000000000000000000000000000010000000000000000001000000010000000000000000000000000000000000000000000000000000000000000000100000000000000000000000000000000000000000000000000000000000000000000000000000000	38977.4	22.099999999999998
91	0000000000000000000001000000000000000000000000000000000000000000000000000100000000100000000000000000000000000000000000010000000000000000000000000000000000000000000000000000000000000000000000000000000000000000000000010000000000000000000	41961.2	18.0
92	0000000000010000000000000000010000000000000000000000000000000000000100000000000000000000000000000000000000000000000000000000000000000000000000000000000000000000000000000000000000000000000000000000000010000000000000000000000000010000010	37753.200000000004	27.0
93	0000000000000000000000001000000000000000000000000000000000000000000000000000000000000000000000000000000000000000000000000000000000000000000000000000000000000000000000000000000000000000001010000000000000000100100000010000000000000000110	42366.4	35.3
94	0000000000000000000000000000000000000100000000000100000000000000010000000000000000000000000000000000000000000000000000000000100000000000000000000000000000000000000000000000000000000000000000000000000000000000000000000000000000000000000	33800.0	16.4
95	0000000100000000000000000000000000000000000000000000000010000010000000000000000000000000000000000000000000000000000000000000000000000000000000000000000000000000000000000000000000000000000000000100000001000000000000000000000000000100000	36821.399999999994	27.0
96	0000000000000000000000000000000010000000000000000000000000000000000000000000000000000000010000000000000000000000000000000000000000000000000000000000000000000000000100000000000001000000000000000000000000000000000000000000000000000000000	35475.4	17.599999999999998
97	0000000000000000000000000000000000000000000000000000000000000000000000000000000000000000000000000000000000000000000000000000000000000000000000000000000000000000000010000000000000000000000000000000000000000000000000000000000000001000000	39276.0	8.8
98	0000000000100000000000001000000000000000000000000000100000000000000000000000000000010000000000000000000000000000000000000000000000000000000000000000000000000000000000000000000000000000000000000000000000100000000100000000000000000000000	36714.4	27.3
99	0000000000000000000000000000000000000000000000000000000000000000000000000000000000000000000000000000000000000010000000000000000000000000000000000000000000001000000000000000000000000010000000000000000000000000000000010000000000010000000	40809.4	22.099999999999998
