SOLUCIONES INICIO 

0	10010001011000110001000111011001111000100110001100000101010000110111110000001010000101010101001001100111001110011111011111011001101100001011000110100011010101000000011101010001110010110111001011001010001111010000010100010111110010001001	1152970.3999999997	477.30000000000007
1	11010011111100110111101010111010101100001001101101100100100101100000000111011011011111010110100001010111111010111110100011110101110101100110111010100100111011001111011010011111010100001001000111001001011111111001101010100011011000000111	1438026.4000000001	573.6999999999998
2	00100000001000110001101110100001111010111011111001101000111110000000000111010111010111110110001101101101101011011001010010100111001101101111011100101110110101101011110100111110101101101100001001001001101000001101001111101011010111110010	1384447.7999999998	560.9999999999999
3	11000001110000101011010011100111100010100001001011100000111101100001010111111000011011101100111011111000000000000001101100111111010101100111101000010101000001011000111001111111011000010010010100010110000110010010111110110001111010110010	1242370.5999999994	506.6
4	11010110011110100111000100001101101111010111101010000001100110111010001110010110010001100011101101000010010100000110101111111001101100011000110011111100010001011110100111001010001110000010101001001100111101111000111001110110011001011110	1263238.0000000002	537.6
5	11001111011001010011100011011000011000100000000100100011100001110111101100001011010000001101010100010100010100111110110000011111111011011011101001111110111101010101010100110001100011010110001001101110101111100100001001000001000111001110	1239328.6	513.0
6	00100100010011101110000000011110111100111010110111100010010001010001011110100001111010110001001000110011111111001100111011000101110110000010011111101101101110110000001000110000111111010100110111100101100011111111100001100100010001101111	1238579.2000000004	537.8999999999997
7	00111100000100111101011001011110010001110001101110110001010010000011001100100000111101001100101100011010100100011000001000010001111101010000100001000111000010010111100011100101100111110001011110011000001011100110100101000010100000000100	1039515.0000000001	453.3999999999999
8	11100010000101101011011011010111100011001101001010011010000011111111000010100010011010111001011111010100100001100010010000010011101000011110011100000110011100011001011101111010101010001100000110000010010001011000000110011110111001111010	1220419.7999999998	487.09999999999985
9	00000010010010010010001010001110100101100111111100001000000111000110100111000011000011000111000011010010100001110100101010101110001100011110101001001011000100011111000010000011000110011001101000010001100110101000000000101001010101110000	997443.7999999998	417.90000000000003
10	11110001110010110010111000011011100001110110101100001011011001101010010111111001111101010111011101010101111100110110101101000110000110000110000001110001101000001110100100000110010100000001100010000000100000000001000101001001101110110110	1124078.5999999999	474.9000000000001
11	00111011010101111101111011101100111011100000011011010110000010101111000110011111011101101101111111000001010110100101010010010101101011101111110110111011011011110001001111010101001111000001011000100011011100100001000100011011111000010101	1380026.0000000002	567.5999999999998
12	10011010000101011100110010101110111111000110010100010001110100101010001100011111011001000001100111101101000100110100110001101111100001001100001101110111010101100010011111101010100100101011101110011001010110111010110110000000101110110011	1329667.9999999998	525.0999999999999
13	01011100100001111101100101011011100100000110110001001011110011101111011000101111010100000111111111000001000110001001110111000001111011101101001100011101000010110111100011010011010111000100010000001111001011010010000111000010110001111011	1204926.0	521.4000000000002
14	00010011000010110011110001111101011001110101000101010000101110010010111111111000010011001000011100001101000101010111111110010000011100111101111101101100110010010100011111011001011110000001111000001001001011100101011001011001010101101010	1284645.3999999997	531.3
15	10010101000001000101000111000011101001100101011000000000100100101110110000101101110101001001010001101110101000111010101111010100101001101111011001100110000010010011110110110000010001011011100000011110101010000001110101101001001111110110	1178591.5999999996	482.0000000000001
16	01010010001111010000010110111100100111011010110010100101101101001110111001111100000010100011011101010010011101111001010110110110110111110010110011100110111101110001111101011100110000000111101111101010010111110001100100101010100101100101	1414732.9999999998	561.8999999999997
17	11010010001010110000111000000110000000010101010111010100110010011010111110001010011010110010010101100110100010110000111011101010000101100001111101001000011011101000000010011100110001011101010101100100011011100000001100100001100001011000	1067548.4000000001	450.1999999999999
18	01101111100001000010100000111011111011010100101010101010001100000001001101111011101011101000111100010110001111100100111000111110101000000000101010101001111000011111100100100010011001000011000100100110010000001100000001111011111111101010	1143857.5999999996	496.2
19	10000010011011101100110111011011011001011010011000111010001111100110100000111101110111110101100011111001011111100111000100010011100110100001110101110011101100100111101101011001111011000000111111100000010100010101011010101100010100110000	1332354.3999999997	546.0999999999998
20	00101011011100000111111000101011101101110110010101101101000100111110111110010010100000101111101000011010110010100010101101011001110001000111000110001101011101010011111110010101010100011100000100100110110100000010001100001101110101101101	1273496.7999999998	524.5999999999999
21	11111000101100100100010011110101110110000001001001100010101001101000110111001100110010001001110111111001100011001101111011001101110001110110000011100011001000001111000011010011111001000010110011000001011101100100111101111111101101011010	1230079.4	531.5000000000001
22	10111101011110001010001100100111000100000000000001110100111111111111010110110100110001110101111001000110111000111001000101001010100010111110011000100010100010110010011010010010101011111011010011101100001101101010000001111100010111011000	1193543.8	513.5
23	01010110011111011000101101000001011001000011011001000101100001011101011011001001100100111111010011011011101010011011111010001011011111100111101010000101111110000010100010000110110000100000011100101001000001010101101101010100110110111010	1187233.2000000002	509.1
24	01110000100011010001011010011001000101011010101100100100110100111110111000101010110001110100100111100101011111001100001011010100101001010110111010111011011100100110110010101010001011001010001111100100100010000001101101111011001110100101	1275048.2000000002	518.7
25	10010110111011101101000101011110110100001101000111110010100100111110110011110111000101111101110000111000000101000011100101011001100100000001000100111001100010111110010001000000111110110100001010101101111111001011000010010011001000111010	1096505.8	516.8000000000001
26	10011011010111010110100110101011110011000110110110011001110100110011111010011011110000001010111100001101100100101001101101001101010011001001001110100011001100011110001111000101101101010010000010110000111100111010001001111111111100101101	1257902.0000000005	557.5999999999999
27	11111110110010100111001000100101100100101111110100101111100111111011000001101010000101101111001101110110100110010011011011101010010000010000100101010010001101101111110000101101000101111111110010110010111010011011100101110011100001101100	1267344.6	556.3000000000001
28	00001110001001001011110010111111110011110110111010000101011011000001101111101010011111101010111010110100101000010011110010100001001100111110011101100100011101100010001001101010110110011101001100111110110001100111100000110100110010010111	1249188.1999999997	552.3999999999999
29	01110011101101011101001011011100101110110110011011001100110111111111010001100111111111000110111010001010111010011101110110011111101100111001101111010101110111111100101011100001010000111000010001111011110001011011110011010000101010001001	1414253.6	610.3000000000004
30	00010110110101000010111110101011011101010000011010111001011000100101001101101101111111010010011101000001111000000100101111011110011111001100101101110001011101111010100011111101111001000001110111111011011100010010010010001001110111010111	1347425.8000000003	567.5999999999999
31	11010001011100101000100111011010101010001001110111000111100011000010001101000100010110100010111100111111000010000110000000101110010100001000011000100001010000011010101010110111110100110101100000100011001010111000111100100000011010101110	1074354.0	469.3999999999999
32	10100110000011101100100100110001001110110100111100011101010000010000111110100000111101001100000111010011010010101011110000110100110010010000011001000010101111101000000111001111101000111110101101100111010010101110110110011101001110010000	1194647.1999999997	500.99999999999983
33	01111101011001011000011011100110100000000100010101011000011110011001111101101000100010101000000001010100000011010011000110001110110010111011101011000100001001011010110000111111110001110000000001001101000010010001000000001101011110011101	1129915.9999999998	458.9000000000001
34	11100111000110010101110010011111010011000111000111100101110001101010100010000100110100110001001100000110001001000010010001101111011001001010101111110110100000101010010100110111000110111000100010101100101110010011100101111101101101101011	1205720.5999999999	517.6000000000003
35	01100000110111111110101110101000011111011000110111111001010000001100000000001001111101100011011101001011101000000110000111010010000110001111001100000110110110110001001011001001110011000011101101010101100001110101011111111000111010100001	1160025.8	509.69999999999976
36	10001001111111110011100001000111110100111111001100101011110001101010101000011011110111000011001011000110010111100000001111011001111000111011111100111100000101000000111010000010010111010111111000111001010011011100011100010101010010011010	1254797.1999999997	542.7
37	10101100011001111011001000100000000111101010101000100011101000011001111011100000111001110100101101111010011111001100110111011110101000101011011011110000000111100001111011011110100101110000101011110110111001001100000100011110010011110011	1384660.2000000004	539.8
38	01010000111000000100000010100011111000101101110100101011011100100010100101011010101001010110001001010011000110010100101000000111000110001000111110011000001101001110010110101010100100001111100100001100110110001101001110111110100100110111	1164610.3999999997	474.5
39	11110110110001001101010111010101010111001110001100001101001000001110001000100100011111001011110010011100110010101111100111010110111111011010101011110101001101001001010100010101011011001110110000101110010100111100110111110001001111001011	1309253.0	558.5
40	00010011101100010010000000101001101011101000011101011100000011011001010001101010100001010010101100001100000100000111111011011010000100001000110001110110000011101001010110101111010010111011110111000010111100010010000100111110100100001010	1142744.4000000001	467.90000000000003
41	11110011100100001100110011100110100010100001000111000111011001100001010100100110010111100001011000100100111010001100100110101111110110100101010011010111000100111111100100101011111100011001001101001110010000001000000010010100010001000110	1148355.0000000002	483.49999999999994
42	00100110100010011011100001110011111011011000111101001101111011101111110111010010011100011101100000001110110111000000001100101101111001001011101110111001000111101000101010101110101101001110010011011000111110101001001011110000101011000001	1338573.4	548.5
43	01000110000110011000110111001101110011111011011111101100011000011000101100101110110100000001000001111100000010010110011101100001001110010001000010010100100110110111101000110011101111010011110110100101100000000100011101100101000000011000	1126392.7999999996	478.3999999999999
44	00101101010110001101010000101111010110111110101011001000101011110011110011000011000110010011010000000110110101000110011010100110001111111010110101011000100000100010001011011101011100110100010010001101000100011000010001111001111000000111	1194831.4000000006	497.49999999999994
45	11010111011110100101001111000010100111110001001011011100001011100011010111111111010110001110101011100011001110001000000000000100101010011101110001101001100110101011111010000011111000110010011001001000011000011001001010001010001110011100	1160268.9999999998	514.0
46	10011010100110001001001111111010000100001100111001010110000001101101101100110100100101010011010110101001101110001011011011011011001001000001000010010110110100001101001100101001101101110110000101100101010001000111110011110101101101100010	1132336.4	504.5000000000001
47	10011010100101000001001010111101101000111011010010111001100010101111011110011001011010110010010110111110111101010010010101111011000110011101101110000110000100011001001000010110010110011011110111111010011011011000000010001110111110010100	1240290.2	541.8999999999999
48	00111110100100111111110111111111110010011001101010001110111011001011001111101011110111110000111100101111100011111100001110000100001100000001111011111000011001000101111001011110011001001001000001011011001100011101101010110111001000011000	1363417.1999999993	575.6999999999999
49	00111100101010001110101010000000001100100100101101100010000100000111011010100110100010001100111000111010110011001101101100000010110010010111010110111010111010001110011010000011111100011110101010110100011111000010100001111111001011101010	1181065.6	506.50000000000006
50	11010101000010110110100110000000101110101010101100100000111010100100111101111001000101010001000011101010011101111101001010111001110000010010000100100101001001001000010111001011111010100100001101011000000010111000011110101110001111110100	1183961.9999999998	481.90000000000003
51	10011110011001010001101110001101001110000011010101111000101110011100000110000111001000101011000000010111110011010111101011100110101001100111100001100001010010001000100001101011101110010100111010001010110000100001011000001011000100100001	1133274.0000000005	465.00000000000006
52	10101110001110010011011000100001011110000100010011101010010001001011010000010101110101011000011000111100011111100100110111010100001101000000000100101010010111001000110001011110110011011110110001010111000001001011001101001001100000000100	1131505.2	470.4999999999999
53	01101001111000110101010001000100011000010110100010101110000101011001110000000001011111111100000110001111110100011111011101100110000010101100001111001001111101100001101101011011010001011101111110101000101101000111100101100001010001001010	1273438.7999999998	507.79999999999995
54	00111001000010000010100000010000110101101101101110000101101101101111111100001111001100001001111010100011111101010010011011100100001101001110001100101110111010000000011010111111011111001011100111101010101010010000001011011001001011010111	1300640.8000000003	522.4999999999998
55	10110110011111011011111111110110110101000111110100111000100100100100001011011001110011000100011101101100100110011111000010100011110001110000110010000011010010101110000101011000100100111110110101011001111111100010001101100011010001001011	1203221.6	544.3
56	01011111110101011100110000111100110001101011100001000001011011110111101100001101000011111111101000010000001101110100010100100100011101100111001000001110100101101001110101111001001000110101001111100010101010010110101100010111101010011001	1246315.8	529.3
57	01001101101111001101101101010001111011110111000001110011000011100110010000101010111100011001001100110111101110011001011101000010001001000111110110101000011011110010011101100011001011000111110101100101101101000110011010011100000101011001	1263318.7999999998	536.6999999999999
58	00111101110110101110001011000111000001100110101011010111011101010110001011110110010010100100001010010100001111001110001111101001010010000100011101010000010100101101001000111000010001111011001101000001110111011110100101001010110111000100	1157863.9999999995	515.3
59	00111001000000101110000101001110110000100111011101100000110111011010101010100000010011010111001001000101000110101111110101101101000001000011001000100110001001111110010100110010010110011110111010100100010000110100101010011101101010000011	1138002.0	477.0999999999999
60	10010111111000100010001001100111110011011101110111101111001010011110010110000010010100010011001111111000001110011101010010111101110011010011001010010010001101010111011001011011001111101000101000010100110000010011101110101011001110011001	1321904.5999999994	538.3
61	11000111001000000111110110010011101110111010011110100011101010111000101101001011110001011000011100011111000101010010011001001010110100001011100101001110011001010010100111101011000011011111001101110100000010111000110011000100111000101101	1244832.8000000003	528.3999999999999
62	10011100100101011011101011010000011001001000111001101010111001010110100001101110110111111111011000110111111101100100010111111001011010101001001010101001100001111010000100111100100100010111101110011001010110101101101100000001011101000111	1290834.7999999996	549.1999999999998
63	10011110100000100000011010001101100101001100110110010010100111110100011001100101000011100101001110101100010100000111110100011101000010110110101100011011000111010101101110111100001100111110111011001000001001111010000001101110010000111101	1255247.0000000005	506.30000000000007
64	00011000111001100100011001010100100011011100010001111010011000101100100001110101100111010110111001001001011011001001100011101010000011000110110001111100110100101011001101111101100110101000100101011101001011100110101000000011000010001111	1242571.9999999998	496.9
65	01010101000011111111100011110001111111010011000000100100011001110110001011100010010001101111000010100110011110010110100001010001101001100101010011110011010011011011011011011000101010110100001101100110000000101011000001111001110111110001	1252192.2	518.1
66	01010110101010110111001010011111000100010111111101000011101101001100110011100000111111010111001011110010110100110111101111100010011101000010011011000100001110000001011000100010000100110110101100000011011011010000111011111010001100011000	1210892.3999999997	510.2000000000001
67	00010001101110010100010010010011001111001100111001010101101110010101001101100100011010101101011011100000100001000001111011011001110010101101000001110100001100100001101111111111100001111010010100100100000011111101101011101101111111101001	1304123.7999999993	520.6
68	11010001101010001110100110111001000010011000100110111001000011011010000101010111011111100010001101100110001110000011110010101010111000001011101000010011000011011111111010110001101001101000000101010101010100000001111111000100001001110100	1172116.7999999996	489.19999999999993
69	00001100000011111010111110101011011111011000011011011000100101000110101100001011011011100101110101011101011010101111000100101111100101111001101001000001011001100000010100011001010110011111100000111001110110110010100000000001101101101001	1177152.2000000002	510.09999999999997
70	10011000110010111101001111101010010011010001100000101000010111001111101110001010001110110110001110110100001001010100010000100010101010000111101110101011110000100111000011000100010011010011101011001010110010010100001000001011101011010110	1097113.2	484.8999999999998
71	10010101000010000100011111110110000101000001001010000000110010111111100000011101111001001011000001101101100101100100110110110101111101100000101100100111110110001001100010001101001110111111101101100100111010111010000101011010101111011010	1160783.3999999997	513.5000000000001
72	01011111111000011110111100011000110000110001110001100011101111111011011111101101010001010010011000110010000101010111010010100001101001110011111000000101100110011000111101110010110010010110001011000111100010000110111001010101110010101001	1276927.4000000001	538.2999999999998
73	00001101101101010100010000010100001110011001000111000000011010000111111100000101111100001111010001110010011101010111010111111101111010000100011011111010011110001101001101110111101011111110000011101011111111010001100110110010001101001011	1365018.6000000003	540.5999999999999
74	10101001000110000010100010011100011011101011101100110111000000100011000011001000011101111101011101101101101000101000010010100100110011011011010011000001010001000000111101010001010101101000110110100110010101110010000001000110010100111100	1084691.5999999994	460.2
75	00100001111010100011100000000111010001111111001110110010011111101111010000011010010011000001000011000001101011101000101101000111010001001011100000010111010101111000001110110101111010011010010000101110111011010101111101010001011010010000	1225592.2	504.2
76	10101110000101010111111010110100000101000100111100001101100011100111101101000000010101100111011100010101100001101100101100010110011110000100011110111111000010010001001001001000000000101100100101100100011000011101000111100110110000010111	1097341.1999999997	482.7999999999999
77	10110100000101110110100111010010110110101001111101100111010011001111010001101010011000100110101101001110111000010010001110010110100101011000010001001100011000010010011110110100000111010010000010110000011010101001000000010001001000100011	1143585.0000000002	464.8
78	00100011001001000010100101011000011010010011101011001100111010100101101010111000110110101000000011000110110000110010111110001000000110100011101001111110001010010100001011110011011111000101011110001000100111001001011100111011011011010010	1191318.3999999997	497.00000000000006
79	11100001000111000110100000100001101000001110001011100011110100110100101101001010110101110000101110110100010001110100000001110111000111011100100011011010100101011010110111010011001100111110110011100001000001000000101101000010111001000111	1189453.7999999998	486.8
80	01110000100110011101110010001000111100110101010110000111011010011001111100101100001100010000011001011010100110000111111111001000010101001001000000001011100100111101100100100001000010100111110001000000001100111111000111010111111000000101	1060089.5999999999	476.70000000000005
81	11001111101001101101110011111110010011001111100100001001100000010100000111111001101011001101010101111000100010110001100110110101011100110001010101000011111011101010000100100001010001110100010110010100011000101000110000110000000101011000	1106523.5999999996	480.7
82	10001001011111011010001010000111111111000111101011010111001001010100001110101010011000110101111100111100000110100010001001100011010110111001101111110110111111001101100110000000110100001101010010000111101001110101010001110010101110100011	1206854.6000000003	536.0999999999998
83	11110001111011010010001110110101111100101110000010100101011010111100000111111001111001010111111001011011111001100100111010100011000000110110111100110011000010000110111110101000100111000111000001010001100100100110001001011101111000101101	1295885.7999999996	535.3999999999999
84	00010110000100011100001001110111011111001110010101010001110100001011100111010000001001001010000001011011100010111100001110001000111111011000101101101101000111011011111010101000001111010110000111111000111110000010001111000001100010100100	1228590.6	495.3999999999998
85	00101010110001110010111101010101100010010011001001010101011110000111011010110010111101001111110111100100010010011110011000001111100010110101000010100010011110110100110001100011001110110101011011110011101000010010001101010101000001110001	1168210.6	516.4999999999999
86	01000001110001111000000111010110110111110010010001000010001101110111010010011101011101101110000111001111000101001110100000101010101011010001000111011011000000101100011101111000110110010000001010001010010110101101101110001000011100111101	1236364.1999999997	498.0
87	11011111110110111111100010101101110010111010100001001110000011111111111001011010011100111010110110011000100100111001001000000111100110101111110000000001111001010010101100101000100101110000000100101101110100101111100101001001001000000111	1212562.6000000006	532.5999999999999
88	10010011111000100101011101101111010101001000001001100111111111100100010011000101001010011010101111001010001000011011010011110111000101011010010010101010111111011100001001110010100100101001100100011011010000001101100011111011111000111101	1260744.2	529.2999999999998
89	01010001000101001010001010011010110000001101011111011110100111010001101000101110110101100011101000001000110100101001010000101100001110101111110111010100011000100011100111001000001011010100101100001101110111000110010001100111111100011100	1168343.3999999997	496.1000000000001
90	11011110100010111100111011011100010100001100111111001111110011011100000110010000110000001110100011010001010110000111000010100101101010010011100000111110100011010000110011110011001110111001001000100110100111001100000001010111110000000011	1188286.8000000003	499.29999999999984
91	10111101001001010001001000011001110101101100111111010011111101010001100111010111111011101100111100110100010011110001111000001001001110111010111100001010010001010110111010110001110110100001100110100000100111010100010010110110100110001010	1260793.8	541.7
92	11100101011110010110110011000101100001001001111010101001001110001100110001011010111111010001100001000110001101101111111100100110110110000110010100100001101001011010101000110011100011011010110111111000000100001010001011101101110101101001	1229529.7999999998	517.3
93	01001000010100000011100101110100001110000101110100010111000100001101001011000000101111011000110111001011100001010010001100101100110101000011000010000101001110101100000100111001101110010001001111010000101000101000001110110000101110111010	1033090.2	447.0999999999999
94	10011001111110011001110100001110100010100111000010111111000100011010011010000111010000101101110110010000110010111001111110001100010010001001100010110111111101010110000000001111000100000111111001001100011011011000100101111101101011000111	1180117.0	521.8000000000003
95	10001111011001100100111111010011011111001111100001001000011110100001011010010000111001110011100110001111001011011111111101101111010100000010110110000010001011101111000001111101011100101001100011100100010101101111110101101111111011110010	1342444.1999999997	576.1999999999997
96	00010011100110111100010010110001001010101110001011110111101000110000100011000111111000011010000110011011100100010100001110010111110110001001111101111011101110111010010101010111000000101010000001110100111001010001101100100111100000011110	1279022.9999999995	516.1
97	11000010011000100010001011111101000010001100011101111011110011000110011010001110001001111110000010010110101011000101100000001101110001001101011101111110011110001110000111010110111110101100110010010011100110100111001100100110100110010001	1269166.7999999993	517.1
98	00111111001000010101100111010101101101110110101111000000111101111001111001010100011101100111000100111101000000101001111110000110010010110001010111111110010011110101110110111100010100001101001100001111101110000010010101001000001001001110	1331709.9999999998	533.6000000000001
99	00100100111011000000111111101010011000010010111110101111101100010111110100110000010010111011100000101000111110110000000100111101100011010010000110111010110111111011011100110101111100111011000100111111000111100000111011001101011110111011	1359888.5999999996	566.3999999999997
