SOLUCIONES FIN 

0	0000100000000000010000000000000000000001010010000000000000000010000000000000010000000000000000000000000000000000000000000100000000000000000000000000000010000000000000000000000000000000000000000010000010000000001000000000000100000000000	82859.80000000002	59.3
1	0000000000000000000000000000000000000000000000000000000000000000000000000000000100000000000000000000000000000000000000000000000000000000001000000000000000000000000000000000000000000000000000000000000000000000000000000000001000000000000	24115.0	13.0
2	0000000000001000000000000000000000000010000000000000000000000010000000001000000000000000000000000000000000000000000000000000000000100000000000000000000000000000010000000000000000000000000000000000000000000000000000010000100000000000000	56116.399999999994	36.300000000000004
3	1000000000000000000000000000001000000000000000100000000000000000000000000000000000000000000000000000000000000010000000000000000000000000000000000000000100000000000000000000000000000000000000000000000000000100000000000000000000000000000	54603.59999999999	27.299999999999997
4	0000001101001000100010111101101100010011010010111110111000100000010000001001010001001111010001000010010011000000001010100111110000000110110101001010111011001001010001000010000001011101111001101110011000010101000010011011011101101111111	827546.0	458.7000000000001
5	0000010000000010000000000000010000000000100000000000000000100000000001001100000010000000010000000000000000000000000000000000000000000000000001000000000000000000001000000000000000000000000000000000001000100000000000000000000000000000000	98153.00000000001	63.89999999999999
6	0000000000010001000000000000000000000000000000000000000000000000000000000000000000000100000000100000000000000000001000010100000001000000000000000000000000000000001000000000000000000000000010000000000000000000000000000000000000000010000	96413.40000000001	49.699999999999996
7	1010000011000000000000000001010000000000000000000000000001000100000000000000000100000000000000000000000000000000000000000000000000000000000000100000010000000000000000000100000000010000000000000010001010000010000000110000001001000000000	150853.39999999997	94.1
8	0000000000000000001000000000000000000011000000000010000000000010001000000000000000000010000000000000000000000001010000000000000000100000000000000000000000010000000100000000000000000001000000000000000000000000000000000000000000000000000	119938.4	55.7
9	1010101101110110100111011001111111111101110110110010100000101000000001011001010101011010111110111010010101111111100000111110111010100111100111100101010100100011110111000111011100100111010111000110011010001000111101001010011001111111000	1192996.800000001	589.0999999999999
10	0000100000001000000000000000010000000000000000000000000000000000000000000000000000000000000000000000000000000000000000000000000000000000000000000000000010000000000000000000000000000000000000000000000000100000000000000000000000000000000	36204.200000000004	22.5
11	0000000000010000000000000001000000000000000001000000000000000000001001000000000100000010000000000000000000000000000000000000000000000000000000000000000000000000000000000000000000000000000000000000000000000000000000000000000000000000000	37839.0	30.5
12	0000000000000000000000000000110010000000000000000000000000000000000000000000010000000000100000000000000010001010010000000001000000100000000000001000000000000000100000000000001000000000100000000000000000000000000000000000000000000000000	136889.59999999998	66.6
13	0000000000000000000000000000000000000000000000000000000000000000000000000000000010000000000000000000000000000000000000000000000000010000000000000001000000000000000000000000000000000000010100000010000000000000000000000000000000000100000	46979.399999999994	31.0
14	1000000001000000000000000000000000000000000000000000010000000001000000000000000000000000000000000000000000000000000000010000000000000010000000001000000000000000000000000000000000000000000000000000000000000000000000000000000000000000000	59294.200000000004	31.399999999999995
15	0000000000000000000000000000000000000000000000000000000000000000000000000000000000000000000000000000000000000000000001000000000000000000000000000000000100000000000000000000000000000000000000000000000010000000000000000000000000000000000	28615.399999999998	13.7
16	0001000100101001100010001110011001110111101010011001100001111000011001011101110010010100010100101110000110110110101110100110000100000011100001010100001000011101110000100101001111001001101000001001001011110011111011111110011000010100000	890991.0000000001	471.89999999999986
17	0000000000000000000000000000000000001000000000000010000100001000000000000000001000000000000000000000000000000100000000000000000010000100000001001000000000000000000000000001000000000000010000000000000000000000000000000000000000000000000	151020.40000000005	53.0
18	0100110010100010111111001111111111010100001010100011001011101011101000010110011111011010001111011011011000111111111011111000001101101011111101000110110011110010001010011000100010011010010011011101111110001010111010110001111011001010110	1137350.6	583.5999999999999
19	0000000000000000000000000100000010000000000010000001000000000000001000000001000001000000000000000000000000000000000000000000000000000100000000000000000000010010000100000000000100000000000010000000000000000000000000000000000000001000000	103325.59999999999	62.9
20	0000000001000000000000000000000000000000000000000000001000101000000000000000000000000000000000000000000000000000000010000000000000000000000000000000000000000001000000010000000000000000100000000000000000001000000100000000000000000000000	88371.0	43.300000000000004
21	1011011110000100101111011111011100100110100111001001010000110010111001101001110110001110010110001111001111011101000110110001111101101011101000011111010110110001010111011111110101010110011100111010100001111010001111101111111001000111011	1263095.4000000006	596.1999999999997
22	0000000000000000000000000000000000000000000000000000000000000000000000100000000000100000000000000000000000000000000000000000000000000000000000000000000000101000000000000000000000000000000000000000000000000000000000000000000000000000000	39035.0	12.2
23	0010000110001101110111000011001011101000101100101110110101010000000111011001100010110001001011000111110001111101111000011001111010001011111001010111111000110011000010100101100100001000000111101111100000110111001000001101000010001111010	1067685.0000000002	495.09999999999997
24	0000000000000000000000000000000000000000000000000000000000000000000000000000000000000000000000000000000000000000010000000000000000000000000000000000000000000100000000000000000100100000000000000000000000001000000000100000000000000000000	41920.2	26.199999999999996
25	0001000000000000000000000000000000000000000000000000000000010000000000000000000000010000001000000000000000000010000000000000000000000000000000000000000000000010000000000000000000000000000000000000000000000000100000000000000010000100000	68152.4	39.400000000000006
26	1101001011010000011010011001010111010000110100011001101001101110101100011010010111110101111101111011001010000011010101011001110111110111100110101010011100101100101001110000010011111011110110000101000110100011101010001111011010100010000	1040032.3999999999	534.9
27	0000001010000000000000000000000011000000000000000000000000000000000000000000000010000000000000000000000000000000000000000000000000000000000000000010000000000000000000000000000000000000000000000000000000001000000001000000000000000000000	50325.2	35.1
28	0000111000000101110000111010001010101001111010100000000101110000010110111110011000011110000010111100100011101100011000011011011111011110110000001101000011010100010100100000011010001101011101000111010111101111011011011100100010000010011	896189.3999999997	486.3
29	1000000100010001010100010001100111111010101010001010000000001010001010110000100101101101010111001111110111110000001001100001100010000100000010111110000010011011100100000000011101010101111100000110100001100000101010101010001100100101101	760579.5999999999	418.00000000000006
30	0000000000000000000000000000000000000000000000000000000000000000000000000000000000000000000000001000000000000000000000000010000000000000000000000000000000000000000000000000000100000000000000000001000000000001000000000000000000000000000	33632.6	22.4
31	0000000000000000000000000000000010000100000000010001000000010000000000000000000000000000000001000000000100000000100010000000000000000000000000000000000000000001000000000000000001000010000001000000010000100000000000000000000000000010000	105969.40000000002	71.0
32	1010000000000000000000000100000000000000000000000000000000000000100000000000000000000000000000000000000000000000000000000000000000000000000000000000000000000000000000000000000000100000000000100000000001000000000000000000000000000000000	34490.0	31.799999999999997
33	0010111001011100001100111111111010001010000010100000111000011001010000011100100011000011011001101011111110110100000111111110101110110100000111110110110100101111010010011001001110011011101000010100011101101110100101000010000111010101010	1044478.2	524.2999999999997
34	0000000000001001000100000000001000000010000000000000000000000010000000000000100010000000010000010100000000000100000000000000000010000100000001000000000000000000000000000001000000000000000000010001000000000001000000000000000100000010000	185584.00000000006	90.49999999999999
35	0000000000000000100011100000000000000000100001000000000000000000010000000010100001010000000000000000000000000000000000000001000000000000000000000000100010000000010000000000000000000000000100000000100000000000000000000000000000010010000	131220.2	84.59999999999998
36	1111110000111101100110001101100111011011110100100000110000100111100101001000000000111100001111011001001000110010000101000110110011100001110010001111000110111011100101110101111001000000110110011100010011100111011101111010010110001010000	1051807.2	506.8
37	0000001001101111001001011001101011010011111110010100110000010001010101111101000100001110010110010101101101100000100110000011100110101110001001011000011010000011100110000111000111110111100011111000000001100111100110010111110101011011000	926761.7999999999	497.00000000000006
38	1010001101101001000110101001001100011010100110110001110100110111000000101011011100000100110101000011111111100110101010100001101001111101001111111100111101011100010110110101111011101011010011100011011111101111010110111011100101001110000	1203989.8000000007	572.9000000000001
39	0000000011010000000000000001000010000001000000000000000000100000000010000001000010000000000000100000000000001000010000010000000000000000000000000000000000000000000000010000000000000000000100000000100100000000000100000100000100000000000	160391.2	94.99999999999997
40	1010001000000010000011110010011000011100011011001001000001111110001100010101010011111110000110010000010001001111111001011101000100110100101111100100110000010110000100100010111001111010010111111110101000001000101110100000000101110000011	909439.1999999998	461.99999999999994
41	1111011100101001000111110000111100110110011001101010100110111000010110101111000010110001001010000111110001100101101000011001111000001011111001010011001100010101001011011010000101000111000100000101010111000001000111111000011110110011101	1033166.4	503.59999999999997
42	0110000101001111001001010100100001111110101110101110000111011110100010100111101011110101100111100000000000110001011010000110100010001001010110101010100001000101110111000001100110100001100111111010001000101100110010100100100010000100010	882170.2000000001	461.59999999999997
43	0000000000000010000000000000000000000000000000000000000000000000000000000000100000000000000000000000000001000000000000000000000000000000000000000000000000000000000000000000000000000000000000000000110000000000000000000000000000000001000	35320.0	27.799999999999997
44	1001100001100010010110110111010010110001010100011011101100101110110111100111110101000011101000011001010011110010000100100011101111101111000101111111110101100110101110000100001110000001011101000111100110110100011011111110011001001100110	1018711.4000000001	550.8999999999999
45	0000000000000000000000000000000000000000000000000000000000000000000000000000000000010000000000000000000000000000000000000000000000000000000000000000000000000000000010000000000000000000000000000000000000000000000000000000000000000000000	39262.2	9.1
46	0000010000000000100000000000000000100000000000000001000010100000000000000000000000000000010000001000000000000100001000000000000000000000000000000000000000000000000000000000000000001000010100000000000000000000000000000010000000100000000	103845.80000000002	68.39999999999999
47	0000000000000010000000000000000000000000000001000000000000000000000000000000000000000000000000000000000000000000000000000000000000000000000000000000000000000010000100000000000000000000000000000000000000000000000000000000000000000000000	39247.8	17.3
48	0000000000000000000000000000000010000000000000000000000000000000000000000000000000000000000000000000000000000000000000001000000000000000000000000000000000000000000100000000000000000000000000000000000000000000000000000000000000000000000	33103.8	13.2
49	1111011110101110010010001011100011010110110000010110101101010100010100101011010011111001111000111011000110111101100110101100101101111111011000011110011100100000111100100100010101101111111101111010001111100001000100110010001110010000010	1060203.6000000006	554.4
50	0110010000100101001000011110110010100001011010110101011101111001000010110111011010110111100011101101101101111011001101100001010011001100000110011001111101111000001111111110100110010010001011001001110010001111000111101001111010001111011	1155239.4	546.2
51	1111100010000110010101100010000100111110100001000111000110100000101100000101010000110110010001101110110011001101110110100100111000000100011101010011101000011110010011010000110010100010010100101100100101101100111011011010100100100010101	972823.4	463.5000000000001
52	0000000000000000000000000000001000000000000000000000000000000001000000101100000000000000000000000000000000000000100000000000000000001000000000000000000000000000000000000000000000000000001000100100000000000000000000000000000000001100000	72793.0	54.50000000000001
53	1110101101100111111010101100010011110110101000111000100110111000010000011011101000110001010110010110000100100111001001111010000000110100000111110110101011011100010010111000010110001000000101011001100010111011100001010100011110011001011	1013997.7999999999	492.90000000000003
54	0001100110101100111100100100111011100000101011100000100011101100011101011011101100101110101101101010011010001000101101100011110011001111010100000010011101010100010001001011000101000101110000110101101111111111010000000001101001100010111	947165.2	504.69999999999993
55	1010111000011000101011100011001000111000010111100000010111010000010110101101111100001011101011010000010101100000010010100100100100010001010100001101001010011101000111001101111011111000100000001011001010101110110101011101110010100000000	948821.7999999999	466.9
56	1111011010111000100111111101110111011111001100000011000010011011001011001111011110001110000011110011100101100101101000001111001111111000110011100010000010111011001011100011000101110110111010100010100110011111110001100101110100111010100	1095159.0000000002	574.3
57	0100010000000010000001000000001000011000000000000001001000000000100000000000000001001000000000000000100000000000000000000000000000000010010000000010000000000010000000010000000000000000000000000000000100000000000000000000001010000100000	187029.19999999998	97.6
58	0111111011101010111111010010011100110011101010001011110101110111101110011100001111101110101111101010001001010100100001101100110100110110011010010110101101001001111101011011011111011000111110101011111001111111100010010000110101000011111	1181562.6000000003	606.7
59	0000000010110100110100000101100000011011111010011111101111001110111000110111000110111111000110011010100001011101101001010000110010010110100011100011000110111011001010101011100001111111110110100100011101101100100101110000101101100011001	1056877.0	523.1999999999999
60	1111100010111000100111111101111111110101010001111110111111010111110010111111110010000111100011111101111111001110110110101110111001011010111000011110011100110100011101110001101010001011101011100101111110110000110011100110110011110110010	1256020.8000000012	648.4
61	1110011100100000010000101111100110101000000001010010000001100101000110101010011011001011000011010000000000101101111101011010010011101111011000011110011100110100011101010101000110111110011110000100100000010001011001000000000111100011010	942528.7999999998	459.9999999999999
62	1000100100000001001001000000100010001000000000001000000000000110001000100000000000000000000000001000000000000001000000000000000100001100000001010000000000000000000000000000000000000000001000000000000000000000000000000000000000000000000	170660.99999999997	98.99999999999999
63	0110010100100101011101101011000010010110011001011100111101010100000000111110100110100111111100001000111110110111010111111101011111001001001100100011111100101111100000010010101100100001000111100111000010110100100110011011101010011001101	1060024.2000000002	531.5000000000001
64	1111000010101011001010010001011010001100110111011000111010001101111101101010100111110100100011100000001111100010101011000110011111100001011000110000111000011010101110111100110001000001100001100011111011101010000011011110000011011100100	1055719.2000000002	513.5
65	0000000000000000000000010000000000000000000000000010000000000000000000000000000000000000000001001010000010000000000000001000000000000000000000000000000000000000000100000000000100000000101000000000000001000000001000000000000110000000000	112790.80000000002	66.7
66	0010000000000000000000000000000000000000000001000000000000000000000000000000000000000000000000000000000000000000000000001000000000001000000000000000000000000000000000000000000000000000000001000000000000000000000000000000000000000000000	42326.8	22.799999999999997
67	0000000000000001000000000000000000000010000001000000000000000000000000000000000000000000000000100000000000000000000000000000000000001000000000000000000001010000000000010000000000000001000000000000000000001000000000100000010000000000000	118655.0	52.199999999999996
68	0000000000000000000000000000000000000000000000010000000000100000000000000000010000000000000000000000000000000000000000000000000010000000000000000001000000010000000000000000000000000000000000000010000001000000000000000000000000000000000	63282.799999999996	35.1
69	1110000001101100100000111110101111100001101011101011011011010110010011011101101000100100001111101110001100110110111101110000110101010000111001000000000111010101000110100111100110110110010110000100100000010001011001001001100111100011010	1015374.9999999998	498.99999999999983
70	0000000000000001000000000000100000000000000000000000100000010000000000010000000000000000000000000000000000000000000000000001000000000000000000000000000010000000000000000000000001000010000000000000000001000000000001000000000000000000000	68658.4	48.1
71	1100010101100110010011111010100010101001011000111000011100110100101011110100000010011101100110010001001100010011110101010110001000001000100110010001000110001101001111110001010101101010010100100100111001011101010010011010101111001001100	944847.4	482.90000000000015
72	0001000000000000000000000000000000000000000000000000000001000000010000000000000001000000000000000000000000000000000000000000000000000000000000000001000000000000000000000000000000000000000000000100000000000000000000000000000000000000000	40954.6	25.799999999999997
73	0000000000000000000000100000000000000000000000000000000000000000000000000000100000000000000000000001000000000000010000000000000000000000000000000000000000000000000000000000000000000000000000000000000000000000000000000000000000010000000	41671.4	21.7
74	0000000000000000000000100000000000000000000000000000000000000000000000000000000000000000100000000000100000000000000000100000000000000000000000000000000000000100000000000000000000000000000000000000000000000000000000000000000000000000000	51615.6	22.1
75	0000000000000000000100000000000000000000000001000000000000000000000000000000000000000000010000000000000000000000000000000000000000000001000000000000000000000000000000000000000010000000000000000000000000010100000000000000000000000000000	47233.0	31.100000000000005
76	0000000010000000000000000000000000000000000000000000000000000000000001000000000000000000000000100000000000000000000000000000000000001000000001100000000100000001000000000000001000000000000000000000000010000100000000000000000001000000000	100910.00000000001	54.300000000000004
77	0100101101110101111100100010110000001100101001011100110101011111000001101111101101101001110101111010000100000111010010010010010111110011100110001000000111110001100101011001100101101110000010011111011101111010001101111010010100011000101	1007129.7999999997	524.9999999999999
78	1010010100000000000000000100000000000000000000000000000000000000000010000000000000000001000100000000000000000000000100000000000100001010000000100001000000000000000000000000010000010000001110000000000000000000000000010010100000000000000	181104.00000000003	92.99999999999997
79	0000000000000000000000000000000000000100000000000000000000000000000000000000000000000000000000000000000000000000000000000000000000000000000100100000000000000000000000001000000000000000000000000000000000000000000000001010000000000000000	70063.79999999999	27.199999999999996
80	0101110110011011100000100101000111100001111000110011100110010101110000101011101100011010101111000101101100001011101111100000100010111110011111000000000100101001100100111101011011001111111010011110010101101110001011100110100010011010110	1062641.6	529.9
81	0000000000000001000001000000000000000000000000000000101000000000000000100000000100000000101000000000000101000000000000000000000000000000000000000000000000000010000000000000000000000000000000000000000000000000000000000000000000010000000	83839.20000000001	53.5
82	0010000110001101110111000110100001111101010111111001010101100010010000000000100010100011010100000010001100001010110101000100100111100100111001101101011110000000000111100101100100001000000111101111100000110111001000001101000010001111010	932906.2	444.50000000000006
83	1111100001011000110110000010101010001010101011010100010101011101011110001111000011110001001010000111110001100101101000011001011000001011111001010011111000011010100000100111011010100111010111110110111011101100000010001010100011110000010	996794.0000000003	498.40000000000003
84	0001000000000000000000000000000000000000000000000000000000000000000000000000000000000000000000000000000000000000000000000000000000000000000000000000000000000000000000010000000000000000000000000000000000000000000000000000000000000000000	39355.0	8.8
85	0110111000010110111101010111000100001110111100001101001110110110100001110000011010111100001101101100100011000011010110011010001110001101000111101111110111000111001001101111000111101001110111110001101110010011101001011001101101100001111	1106810.6000000003	552.9999999999998
86	1101111000001111101101100100011000001001110011110010100100110110110110111111110000000000010011000010011110101001000101011011100000000110110101001010111011001000111010001101010110000101000011001101110110101010000111000111011001111101100	1015995.2	515.9000000000001
87	0110101001000110111101011001100110011010111110001001100000101000010011111001001010111011110001100100110010111010010100001110110010110000111110001011001011001100110111111000011111111001101011101111001101011010100001110000010111100011011	1087265.2000000004	542.6999999999998
88	0000000000000000000000000000000000000000000000000000000000000000000000000010000000000000000000000000010000000000000000000010000100000001000000000000000000000000000000000000000000000000000000000000000000000000000000000000000000000000000	56182.2	20.900000000000002
89	1111011010010000111101101000101011010111111010111100100101101110101110001101111011101111011001000001000011111001011011011100000101000000111111000011001101110100011110001101100111100011101001110011100010011111110001100101111100110010101	1106020.4000000006	576.8999999999996
90	0000000000000100000000000000000000000000000000000000000000000000000001000000000000000000010001000000100000000000010000000000000000100000000000000000100000000000000000000000000000000000000000000000000000000000000000000000000000000000100	78917.2	39.50000000000001
91	1101100111011000010000000010110100101010111010011011100110100000111100011000111010010101110101111000111000011011000110001110001000000011100111110100100111010010010010000010000111110010010000011000110000101000010011011001001110000110100	844303.9999999999	459.5999999999999
92	1100011010010000111101101000101010010111111010110110111111010100111011001011100100100110000101010110101010001110011001111110101011111111011111001000011010111101001100010010010111100010001001010010110100001011011011010101110010111000001	1095876.2000000002	542.5999999999999
93	0010001101101111011001001001101011010001110110010000110000010011010101111110011100011110000010111100110011101100011000011011011111011110110000101101111100001101100111110001101111000011111011000110000010000111001101110101110101011011000	1114421.2	550.1
94	1000101010100101010011001001101100000000110000000001011101110100100110010100000110100010110111011111110101111001010011100001000001100001001010101000010011001000110000001111000011101000010111101011110000101111011111100110111001110110111	917219.3999999998	480.29999999999995
95	0000100101111101001001000110011000100000011111111000100100010010111100110100000011011011001110010001100110110010011100001110100101110100011011101001010101000100000000111000101011110111100010100010011001110101100000111101011010001100101	923267.2000000001	479.7
96	0000000000000000000000000000000000000000000000000000000000000000000000000000000000000000000001000000000000000000000000000000000000000001000000000000000001000000000000000000000000000000100000000000000000000000000001000000000000000000000	42298.799999999996	21.200000000000003
97	0000000000000000000000000000000000000000000010001000000000010000000000000000000000000000000000000000000000000000001000000000001000000000000100000000000000000001000000000000000100000000000000000001000000000000000000000000000000000000000	75286.6	39.7
98	0000000000000000000000000000000000000000000000000000000000000000000000000000000000000000000000000000000000000001000000000000000000000000000000000100000000000000000000000000000000000000000000000000000000000000000000000000000000001000000	30694.800000000003	13.600000000000001
99	1001001010011001101011111100000100000011111111011010001100010111011110011100001111111110101111101010001001010100100001101100110100110110001010011110101101101001000001100110101100101000101000001001111111100011110101100010111000011001011	1033426.6	531.1999999999998
