SOLUCIONES FIN 

0	010110111100100001001010001011101001010010001011110101010010001100100011000000010100010001001011111100001100110101101110001100100001001110000001001000010000111010001110101010001010011000111000001000010100100100000011110010010010010110	1311652.7999999993	421.5999999999999
1	011001010110010110010000111100100001111001011011100100110001110001001011001100110000111100001100111011101101100100100110111010101101100111111100000011011101001100010010111101000000000101101001010101010110101001010001110110100100000100	1530379.0	487.8
2	100000000000000000100000100001000000000000000000000000000000000010000000100000000000000000000000000000000000000000000000100000000000000000100000000000000000000000000000000000000000000010000000000000000000000000000000000000000000000000	109956.6	40.4
3	010000000011000000000000000000010100000000010000000000000000000000000000000000001000000000100000000010000100000100001000000000000000000000000000000000000000000000001000001000100000000000000000000000000000000000100000000100000000000000	241559.59999999998	75.99999999999999
4	111101011000010011111101011001101101011101010000010100001111101001010000110010101100110110000011000110010001011010101101011011101001001011111100000000011111001001011000111000000110010111001010001101100000011111000001101111111000110111	1489678.3999999992	516.5999999999999
5	001000000000000000000000000000000000000000000000000000000000000000000000000000000000000000100000000001000000000000000000000000000000000000000000000000000000000000000000000000000000000000000000001001000000000000000000000000000000000000	58806.6	21.9
6	000000000000000000000000000000000000000000000000000000000000000000000000000000000001000000000000000000000000000000000000000000000000000000000000000000000000000000010000000000000000000000000000000000000000000000000000000000000000100000	36294.8	12.9
7	000000000000000000001000000010000000000000000100000000000000000000000010000000000000000000000000000000000000000000000000000000100000000000000000000000000000000000000000000000000000000000000000000000000000000000000000001000000000000000	67946.2	26.8
8	110010001011010111110100001010010111000000000101010110010111100010001010011101001011111000010100101111111010110110001010111011000011100111000111111000010111100000100011000001100110111001001010011000011100000001001011111001000101111110	1470091.3999999994	496.79999999999995
9	101110100111111110110110011110111010001101101110101101110110011000000100100001001000111010110101010001110101000101110010111000001110001011000001111000111001111011011001100000110111011010011001001110011111011010001001110010001111001001	1556507.1999999997	536.7999999999998
10	000000000000100000000000000000000000000000000000000000000000000000100000000000000000000000000000001000000000000000000000000000000000000000000000000000000000000000000000000000000000000000000000000000000000000000000001000100100000010000	68035.6	30.9
11	000000000000000000000000000000000000000000000000000000000000000000000000000000000000000000001000000000000000000000000000000000000000000000000000000000000000000000000000000000100000000000000000000000000000000000000000000001000000000000	30812.2	13.6
12	011100001000101000111110110101010110001101001010100010101000001011111111011110011110011000110100101011111011011111100101101100010011001000001110100001101010111001011100000011111111111100111110011001111110110001011110010110001101101111	1633300.9999999998	576.3999999999999
13	000000000000000001000000000000000000000010000000000000000000000000000000010000000000000000000010000000000001000100000000000000000000000000010000000000000000010000001000001000000000000000000000000011000011000100000000000000001010000000	247208.60000000006	73.3
14	000000000000000000000000000000000000001000010000000000000000001000000000000000000000001000000000000000000000000100000000000000000100010000000000000000000000000000000000010000000000000000000000000000000000000000001000000000000000000000	137257.0	38.49999999999999
15	100000000000000100000000000000000010000000001000000000000000000000100000000000000000000000000000000000000100000000000000000000000000000000000000000000000000000000000000000000000000000000000000000000000000000000000000100000000000000000	79739.6	32.4
16	000000000000000000000000000000000000000000000000000000000000000000000000000000000000000000000001000000000000000000000000000000000000000000000000000000000000000000100000000000000000000000000000000000000000000000100000000000000000000000	38218.8	13.6
17	000000000000000000000000000000000000000000000000000000000000000000000000000000000000000000000000000000000000000000100000000000001000000000000000000000000000000000000000000000000000000000000000000000000000000000000000000000000000000000	35326.0	8.3
18	010010000001111101010011011001101100000111011100101000101000110010111100110010000001001010111111011001011110011110100101001110010000101001111101100010010111000111110011011001000010101110100111101001001000101001110100000110100101101011	1516801.1999999997	505.09999999999985
19	000000010000000000000100000000000000000000000000000000000000000000010000000000000000000000000000000000000010000000000000000000000000001000000000000000000000000000000000010000000000000000000000000000000000000000000010000000000000000000	108148.6	31.500000000000004
20	011110011100001111000101111010011100001000110110001000000111110111001110100111100101000100101010011000011011001100001110111001110001111111010010101101100111011000000001111000001000111101000111100010011110010100000011111000001010110000	1517372.5999999999	497.3
21	011100011110010100011111011101101101010100111001111111001001111100111000111111011111111100111011011011110110111100101111111111011111010010001010101010011110010110100101101000011001001110011110111011101000010011001111011011101001011111	1883202.1999999993	634.6000000000001
22	001000000000110000001000000000100000000000000001000000001000000000000101000000001000000000000000000000000000000000000000010000000100010000000000000100001000000000000010000100001010000000000000001000100000000100100000000100000100000000	324719.8	110.9
23	000000010000000000000100000000000000000000000000100000000000000000000000000000000000000000000000000010000000000000000010001000000000000000000000000000000000000000000000000000000000000000000000000000000000000000000000001100000000000000	92490.6	35.2
24	000000001000000000000001000100000000001000000000000000000000000000000010000000010000000000000000000000000010000000000000000000000000000000000000000000000000000000000000000000000000000000000000001000000000000000000000001000000000000000	108294.4	40.49999999999999
25	000000000000000000000000100000000000000000000000000000000000000000000000000000000000000000000000000000000000000000010000000000000000000000000000000000000000000000100000000000000000000000000000000000000001000000000010000000000000000000	66329.0	21.8
26	100110011101111011010110000011100110011110100011101111110010011011001011100011011011100011111010110111100001011111000100101101101010110110011101111011111010111011100111100011000100110010011101110110001101011111001001101111111001011111	1837834.7999999998	607.8
27	001000100000100000001000000000000000000000000000000100000000000001000000000000000000000000000000000001000000000000000000010000000000000010000000000000000000000000000000000000000000010000000000000000000000100000001000100000000000000000	144872.8	57.1
28	000000000000010000000000000000000000000000000000000000000001000000000010000100100000000000000000100000100001000000000000100000000010000000000000000000000000000000010000000000000000000000010000000000000000000100000000000000000001000000	174784.0	62.3
29	000000000000000000000000000000000000000000000000000000000000000000000000000000000000000000000000000000000000000000000000000000000000000000000000000000000000000000100000000000000000000000000100000000000000100000000000000000000000000000	35310.0	13.4
30	000001101000111110010001011100110011110100110101101010000110101100001011010010010000110011110011011011101000111100100001010110011010001001100001111001110001110100001100101110010110010100000100101001000011010001000011000010011001011010	1447391.399999999	454.3999999999999
31	010000000000000000000000000000000000000000000000000000000000000000000000000000000000000000000000000000000000000000000000000001000000000000000000000000000000000000000000000000000000000000100000000000000000000000000000000000000000000000	34967.0	13.5
32	011111101001111110011000001111000011100000001110110011110101000011111011011101001011001111011111000001000001111111011100110001010001110100100010111011101101001001111011111011110000100111001111000101111110101011001110001110110010011010	1745682.1999999997	572.4999999999998
33	111011000000001001000011101010111010001000000001101111111000001011000010110101100111111000000000110010011001111101011101101111101010001100010000001110000001111011100000000100110111101001110001010101010000011001101111101101001000111111	1395549.8	485.10000000000014
34	101110100111111001111011001110100000010010110011001001111000100010100110011011000010101110111100101110101010100111010010001011000111000001100111010010100101111111000100111011000110011000000110111100100100111001101000011111001011000101	1561508.5999999994	516.9999999999999
35	011110110111010010000111010010000001111110001000001001100001101101000001000011010000101101011000110100010110100010001101100010001010000010110111110110110101101110100101100001001001000111110101000111100000010100011101011101110010001010	1399861.4	459.2999999999998
36	101111011111011001111101111101000001101110101111101110010110100001000011001011110111111110010010101011000101100110011011111110111111011000011010001011110101011100011111010011111111110001011110101001101010111101111000011101001011100110	1877053.2	621.8000000000001
37	000100000000000000000000001000000000000000000000000000000000000000000000000000100000000001100000000011000000000000000000000000011000000000000000000000000010000000000000000000000000000000000000100000000110001000001000000001000000000000	191005.60000000003	71.5
38	101011111010011010110000001110010000001101111011011100000111100011011001100111111101011101011101100100110101110001001101011111010110010111111001011110110000111100100110010111001100001011011110110100011111100111101010111010011010001101	1746288.1999999997	583.1999999999998
39	000000000000000000000000000000000000000000000000000000000000000000000000000000000000000000000000000000000000000000000000000000000000000000000000000000000000000000000000000010000000000000000000000000000000000000000000000000000000000000	36620.0	4.3
40	000000000000000001000000000000000000000000000000000000000000000000000000000000000000000000000000000000000000000000000000000000000000000000000000000000001000000000000000000000000000000000000000000000000000000000000000001000000000000000	37055.4	13.0
41	011111101001100111010100000110110110001001001001101011111011100100001101111100110010101000110111100010111101100100100110101010101100100111111110000011011101001100010010111101000000000101101001010111010111110101011000101000111111011010	1645754.8000000003	539.4999999999999
42	011101101011100101001111101100110110111000101100101011000110111010010110110100010100000011001101011111010110101110011100101111000000001110010100111100011101000011011111011100100010110101001110001010100101010110111011000011011010010000	1651299.5999999994	538.2999999999998
43	101011111010011010110000001110010000001101111011011100000111100011011001100111111101011000010000110100101101111111011001001011010010111000110000110000000010010010011011000011001011101010110011000111100110101001111011110011000101001001	1508138.9999999995	516.4000000000001
44	010110111100101001110110001010110010110010010110111000001111010000100110101011011000011001000011011011111101100101010011101000011000010100110101111110100001000011111101100001101101111110010110101110001011010001111110000011000010010001	1549224.9999999995	524.8999999999997
45	000001101110011000101111011111101011010001000010100100101001111011111011010010110110000100011010110101001011110000011010111101010000100000110000111101100110100110000100111101110011000100110001111110101111110111110001000011110110101100	1575025.5999999996	529.5999999999999
46	000000000110001001111001010001101110000001001111110010100000110101000111001101100100101101100110010010001011101110011100110011010011101100000010110010010011111001101011010101001100001100110000101111101100000000110010000010100010010111	1418351.1999999995	456.79999999999995
47	000000000000000000000000000000000000000000000000000000000000000000000000000000000010000000000000000000000000000000000000000000010000000000000000000000000000000000000000000000000000000000000100000000000000000000000000000000000000000000	35966.2	13.2
48	000000000000000000000000000000000000000000000000000000000000010000000000000000000000000000000000000000000000000000000000000000001000000000000000000000000000000000000000000000000000000000000000000000000000000000000000000000000000000000	28736.8	8.1
49	000000100000000000000000000000000000000000000010001000000000000000000000000000000000010000000001000000000000100000000000000000000000000000000000000100000000000000000000000000001100000000000000000100010001000000001000001100000000000000	169049.6	66.3
50	000000000000000010000000000100001000000000000000000000000100000001000000110000000010000000000011000000000001000100000000000011000000000000000000000000010010000001000000000000000000100000100000000000000100000000000000000000000000010000	255539.40000000005	92.7
51	000000000000010000000000100000000000000000000000000100000000000000000000000000000000000000000001000000000000000000000000000000000000000000000000000000000000000000000000000000100000000000000000100000000000000000000000000000000000000000	60168.4	27.9
52	101111000011011000100010011111100111000101100000010100100111100111101101000001100010111101100111010010011100110010110000000001010000101011101101000001100000111101101000001111010010101110000000111111100010100001001101101011000001001010	1384991.5999999994	470.29999999999995
53	000101101001000011000000001110010010110110000011010100110110110101111011001000001101101010111001010010101100011001010001001111110110001111010010100111010000001100110110100101010100010000010100100001000101001010101000100100010111110011	1394582.1999999997	448.59999999999985
54	010001000100010101010000001000110111100101010011111101100010101000001111100000110110110110100001010100110100011010000110011000101110110100110110001010100000101000011001001000111011011100010011100100010101011100011000011110111110010111	1374405.6	471.59999999999974
55	000000010001000000000000000010000000010000000000000000010000000000000000000000000000000000000000010000000000000000000000000000000000000010000000000001000000000000000100000000000100000000000000000000000000100000000010000000000000000000	164679.40000000002	48.49999999999999
56	100000000000000000000000000000000000000000000000000000010000000000000000000000000000000000000000000000000000000100000000000000000000000000000000000000000000000000000000000000000000000000000000000000000000000000000000000000000000000000	39352.4	12.600000000000001
57	000000000000000000000000000000000000000000000000000000000000000000000000000000000000000000000000000000000000000000000000000000000000000000000000000000000101000000000000000000000001000000000000000000000000000000000000000000000000000000	42902.6	13.399999999999999
58	000000000000000000000000000000000000000000000000000000000000000000000000000000000000000000000000000000000000010000000000000000000000000000000000000000000001000000000000000000000000000000000000000000000000000000000000000000000000000000	33080.0	8.899999999999999
59	000111100101110110001011000110000101101001011001100111100101110111010010101100101010001010101100000000101100001001111001001000111010000001110011100000001000000101010110101001001001010010010010100000101011111000100100101001001000100001	1264434.8	440.6000000000001
60	000000000000000000000000000000000000001000000000000000000000000000000000000001000000000000000000000000000000000000000000000000000000000000000000000000000000000000000000000000000000000010010000001000000000001000000000000000000001000000	68576.8	31.6
61	000001000000000000000000000000000000000000000000000000001000000000000000000000000000000000000000000000000000000000000000001000000000000000000000000000000000000100000000000011000000000000000000000000000000000000000000000000000000000000	106481.59999999999	26.5
62	100000000000000000000000000000000000000000000000000000000000000000010000000000000000000000000100000000000000000001000000000000000000000000000000000000000000000000000000000000001000000000000000011000000000000000000000000000000000000000	71577.59999999999	31.999999999999996
63	000000000000000000000000000000000000000000000000000000000000000100000000000000000100000000000000000000000000100000000000000000000000000000000000000000000000000000000000000000000000000000000000000000000000000000000000000000000000000001	56920.4	17.3
64	111010110101100100111001010000000000110000011110110110011011011001111100001110110000101111111010100110001001111001000100101000110110001101101001010000001010010010010111101010111111101010110001101010001011010111001011011010110001001011	1546042.1999999995	514.9999999999999
65	010011010001010100110100010100101100100110110111010100010000001000001100100111101111000000111100010000111100010111000111111100100010000001110011010101100000100111011010010100101010001100001010100000110111111001000100011010111101000000	1361073.1999999993	455.2000000000001
66	000110101100101001001010010111001001111101110111010100100111111001011111100000000001001010010111101101011101001000000010010001000001110001011100110011100110010110100001110010111110000100110100101100010111110100111110000000100101111010	1468222.9999999993	498.4999999999997
67	100000010010001000000001100000010010110010010101001010001000001101100111101101110000101111110101000001000001100111101100110100011001000001111110100011110010011111011100000100010110000101101100010000010001010011011100101100001111101000	1334767.3999999997	434.50000000000006
68	010001110010101001001000111010111111001101001101000011110010111011001011001011011111100011111010110111110001011110001110100101101001001001110001101100110010000010010010111001011100100001101100001010101011111100000111101101010101011010	1550464.7999999993	530.4000000000002
69	000000000000000000000000000000000000000000000000000100000000000000000000000000000000000000100000000000000000000000000000000000000000010000000000000000000000000000000000000000000000000000000000000000000000000000000000000000000000000000	41176.200000000004	12.8
70	100011111111111110100101000101010110111010001010000101111111101000001001100000111001110010001101111011101011001000111010011100101111001110110000001111100110000100110010010010111010011100010100101110110111111011101100011000100101010110	1587509.1999999993	545.9999999999998
71	010010100011100101000010111001010000101100101001111000010111110111111110101000110011000011110110100100100110010111010101000000001001101000100100000010100101101010000100011111000110011000000110111100100100111101101000011111101011000101	1398474.7999999998	483.3
72	000010011010110001110100101101000001000111000010000100001011101000101010001101100111001100111111100001010000010001111000000100011001101111100101000110011000111011111000010000001000100100100011000011000000110111100110000001101001011000	1238485.9999999998	428.7999999999999
73	011010100100111001101110001111010100001101100010111101010110101011101110010110011110101010110111111000101001101111110100001100010101010100001101001011111110000111000011110111100010011110101100110110101001111100010011000110001001111111	1687183.5999999999	563.1999999999997
74	000000000000000000000000000000000000000000000000000000000000000000000000000000000000000000000000000000000000000000000000000000000000000000000000000000000000000000000000000000000000000000000000000000000000000000001000000000000000000000	10334.2	4.4
75	111010111011101000110101011011100100100011100101110010011111101010001011111000011011100001010011101110100101101001010101000010001011111101000111100010110000110110100101101101110011011101011111111001011111110001111001111101110111111010	1744936.3999999997	594.4999999999998
76	000010000001011110111110111111111000010001000110011100010001011001110101100111001101110111010101100010001110100011100000001110010100111101110011011111011111010000111101111001110111000010100110101011010101111010011001110101101000110100	1664460.1999999995	549.0999999999997
77	100110011101111011010111010010100110011111011110110110100010100101000110111100110011110001111000001100100011111100001010001101100101100101011111010111110010100001100101000111100001010110001011001100100101110110111111101111111000011111	1676006.5999999996	571.1999999999998
78	100000000000000001000000000000000000000000000000000000000000000000000100000000000000000000000000000100000000000100000000001000000000000001000000000000100000000000000100000000000000000000000000000000000000000000000000000000000010000000	161985.80000000002	43.099999999999994
79	000000000000000000000000000000000000000000000000000000000000000000000000000000000000000000000000000000000000000000000000000000000000000000000000000000000000000000000000000000000000010000000000000001000000000000000000000000000000000000	18073.0	8.600000000000001
80	100000000000000001010000000000000000000010100000000100000010000000000000000010000010000000000000000000000000000000000001000000000000000000000001000000000000000000000000000000000000010000000000100001001010000010000000000000001000000001	207682.80000000002	84.7
81	000000000000000010100000000000000000000000000000000000000000001000000000000000000100000000000000010000000000000000000001000000000000000000000011000000000000000000000000100000000000000000000000000000000000000000000000100000000000000000	151860.8	40.699999999999996
82	000000000000000000000000001000000000000000000001000000000000000000000000000000000000000000000000000000000000000000000000000000000000000000100000000000000000000000000000000000000000000000000000000000000000000000000000000000000000000000	37672.0	12.8
83	000000000000000000000000000000000000000000000000000000000000000000000000000000000000000000000000000000010000000000000000000000000000000000000000000000000000000000000000000000000000000010000000000001000000000000000000000000000000000000	31793.6	13.3
84	110110110011011101011110011010010000011111010001010110010011001100001100100111101111001111110011010110011011110000000101011100110010010110011010001111111101011100010111010011111111110001011110101001101110111101111000111101100101001111	1740433.2000000002	594.7999999999998
85	000000000000000000000000000000000000000000000000000000000000000000000000000010000000000000000000000000000000000010000000000000000000000000000000000100000000000000000000000000000000000000000000000000000000000000000000000000000100000001	64528.2	22.0
86	101001000110110010000001001011111001000110011000011001110100010011011101101011001010001010010100111000001000001110100111100011110011101100100011011111111110101001001000100001100001100011001011111001001110011111010101110110100010000101	1441661.6	494.4999999999999
87	111101001011100011101011001011101001010010001011110101010010001100100011000000010100010001001011111100001100110101101110000010010001000101001101001000010110001000010100101000111101000001111000110101011010000100011001110101001001010101	1311338.3999999994	459.4999999999999
88	000111000011010100010011010011001101011101111010010101101100010010101101000010100010111001010100010010001010111100100100101011001001010111000101111001011110011001111110100001010100111111110101000000110001010110010001110010111001001001	1502296.9999999998	492.19999999999993
89	010001011100001010001110101100110111111011111100010011110100111001011111000100110100010001001011111100001100010101101101001110110010100101001100101100001010111010110001001010111100111101101110010111011111010001101100110001001110011000	1558558.1999999997	545.6999999999999
90	111101111100100100101101001110111100100110111111011100010001100101110111000001010000011101000010110110100011000110110101111010111001011000100000111000010001011000011100111111010110011111111001111001110011000100001000011011000100110000	1598669.5999999994	526.0999999999999
91	101011001111110000000111100000010100110100100001101010110110101101101001111111100100110111100100011110001101101000000100100110001111110111101011001001100111011110010011010010111111101010110001101010001011010111001010011010110001010110	1617120.3999999994	538.7999999999998
92	000000100000000000000000000000000000001000000010000000000000000010000000000000000000000001010000000000000000000000000000000100000000000000000000000000000010010010000000000000001000000000000000000000000010010000000000000000000000000000	157413.2	52.599999999999994
93	000000000000000000000000000000000000000000000000000000000000000000000000000000010000000000000000000000000000000000000000000000000000000000000000000000001000000000000000000000000000000000000000000000000001000000000000000000000000000000	38053.8	13.0
94	000101011011111101101010000100101000110000011110001011100101000111000111110010000101100110110011100110100000010111101001011001110011100111001011011000101010011110000101100010011111010010100010110100101010000101110010110111000110110011	1494633.2	502.29999999999984
95	000000000000000000000001000000000000000000000000000001000000000000000000000000000000000000000000000000000001000001000000000000000000000000010000000000000000000000000000000000100000000000000000000000000000000000000000000000000000000000	83775.8	27.399999999999995
96	001000000000000000000000000010000010100001000000010000000000000000000000000000000000000000000101100000000000000000000000000000110000000000000010010010000000000000010000000000000000000000000000000000000100100000001000100010000001000000	252127.19999999998	94.5
97	011110110100111010101111110100001001011110111010111011001000110100000101110000001001101000010000000010110011011001101011111101001010100111111000110001000110101011010000001100111100111110001100010001100100001111100010111011001011101011	1487147.7999999996	516.2
98	111111101001010011010100010110110101000101111000001011011111000011111010000110111111011010101011111100100110011101000000001001100000101101011111010111110010100001100111000111100001010110001011001100100101110110111111101111101101001000	1633752.7999999998	561.4
99	000000000000000001000010000000000110000000000000100000000000100000000000000000010000000000000000000100000001000000000000000000000000000000000000000100000000000000000000010000001100000000000000000100010001000001001110000000000100000000	248117.80000000002	93.8
