SOLUCIONES INICIO 

0	11000001010100111011100000101110001001000001100111010101000000010110111011010101101000001000000001000000110111000010010111110101101110011011101101011110101100100011010001100001010101110011001101010110100000101110100010110001111111111000	986265.7999999998	494.4000000000001
1	01001100001001010010010110101000100100110110011101111000010010101011010001000111111011010000001110101001100000000001000010000101011010000100111000110110000101010010100001100101010100111101110011001101001011000000011011100011111001011000	875221.1999999996	448.0
2	11100001001100110111001101001001001001100111101001001000000001100011100001011000011001111010110001111000010110000110001100111010100001010010110100110011010111000001100001101011101001001100111101101111010100011101101010101000011110100101	991838.5999999999	492.49999999999994
3	11111100000001101101011010111111000011001010001100101010010010101011001111111101111100101010010101110011101101010010001000000111010100100111111011000111111111010001010101110011011110000001110001011110110001000111001000010111110010000110	1130837.6	546.7999999999996
4	11010000111110101011101111101010010011010000000100100001011011011010001111110000010011001000101001100000100011101110010100001011101101001000101110111100100111001111101100001000001110100110101000101000010110000010101101110000111010011110	984315.3999999998	502.0000000000001
5	10000001101111001110111101000000100100010101111111111001100010000001000011111110100111010010101111110100111101101111011101010001111000011010101100100011001101010000100001110010110110110111111001111101000010001110000000011101111011111000	1107620.7999999993	547.6999999999999
6	01110011001011110000010011000001100010111001100110101001111010010000100000000000011101100000101110010111001111110000010100110001010100000111101011111110111010111100111100110001011101111011111011111010101010111001100011011110110111011110	1134630.4000000001	548.1
7	11000110010011111011110110110000001001001101110010101110111001101110000010000100101110000111001000111000011111101110110100001000101110001101110101111101010010101011110100000100010100010101010001011010000110010011011100110000000111101001	1058749.4000000001	501.20000000000016
8	10111100111101101001011110000111000110110000010001001100011110100011010110010111111110000010110100111010000011101110111111000100111011100011100011110111000010101100011000000001011011110110101010100000000110110111111001000011100101011101	1018424.2	537.9
9	10011000101001001000010111000100111110000011010011110110011011101110000111100011001011111110110010011111101100000011101101110001010101100011100111011100110001110011101100111011111101110100000111100110111001100101110011100010111110001000	1184029.2000000004	554.7999999999997
10	00011110001001010010101110101100111001111000010001100100111000010100000001100110011110100010011010010111001111011111101001101101011111001010110111010101011001010000110011010111111010111000111010110010110000110011011011101101001000110101	1190630.2000000002	533.6999999999998
11	00001111010100010101000011011010000100100000101000010011110110011111100101011001010111111100000100010001100001100010000101101110001100011110101100101110001111000100110100100000110111110111011000110001110011101010101101000110100111000111	947939.3999999999	500.6
12	00011011001101000010110001101101100001101111001100110111010111100011011011010000000101100101010000111010000011001101100110000100001100001111110110000001101111101110100111010001010010010001000000011011101000001101000110000010001100011011	990116.9999999998	475.4999999999998
13	01001000001111111000110000010011100001110010101100011101100001100101110111100101011001011110100100100100101011000001000100001010011011000111110000110000100101100101110100001111000010100001101110011100000110110001110100011111011111010101	1011960.4	490.4000000000001
14	11110001101010101100001011011110101001010110001101000001011110110010101010110000010001001001101100011111111100101011011001000111001001011100111101111110001101110010100010000111010111010000101000011011011001011001001001111011011111000101	1078109.1999999995	543.9999999999998
15	10101011100000110011101110100010000001010010110100110011100011110101110101000110110100111010111011111000101001000000000010110101000001011000000010111100011011110101011001000011011001000001110100001000111001000011011011010101111101111000	920747.0	486.7
16	01100101100011111110010110110100100001001011010011101101010000101101010011110000111110010101010101010010011000001011110011001011110111001101000100000101000111111010111111010100011001010010110000000001001100011100111111111111101001100111	1150103.6	539.5
17	11101111001110110010011111110011000101111101101101111100001111100110110111100101111011100111111001100110100101010001011111010000001010000010111001001100111001111110000001101110011111000011100100101100011100011111100010001011001111010000	1138866.7999999996	578.1999999999997
18	00000111001110100101011001100111101110011111011000111010001001110111001110001001101011001001010100111001111000110010100010100100101011010010001010001011111000100010101110110111100101000101100010010110000001110000011010011010100111000101	1101818.2	501.0000000000001
19	01111011010001100111111100010100011100101111010010101001111011100010001001110011011001110011111011011001000000010010011010100000100001101000101111000000101111101111111010011111100000010001101100010000110011011010000010101010011111111010	1102102.2	517.9999999999999
20	11100010011010011111100000111101001110110010110011101101100100010111011001000001000100011101100110010001111101011000010111110111010110101000000110101100010100011011111101110100110001000000000101100111111000011111011011101110111000010111	1171419.4000000004	546.6999999999999
21	00100110010110110001111100001010111111000101011110111010010101100111100110001000001111000110110110110000110110100000000111011110110100110000100010011011111011011001111101101111000000000000100101110011100000010010000110110001001101101001	1170780.4000000008	498.9
22	11111111000000001010001110011010000100010001001000100011101110011011101001011100100100001101001001000010000101101101011001100101101110001101010001110111000100101101111011001111011101101011111101110100111101111001010001000100111010110001	1137982.6000000003	536.7
23	10101100000101010010100011100011101001100100001001101000101111010001110100010101110111000100011001101100111110110100111001011000100100111110000010100000100110101110010111011110110111001100100110110110111100001110010101010100111101011010	1129942.8	531.3999999999999
24	01101101100110000101100110111111000100110110010100000111101110001000011000100001110001110101110101001010111100001110000010110011000010111101010001000011000110101011110100100101111010000010110000101110101101011001011010100110001000100100	1006155.3999999999	495.8000000000001
25	00100001001001001000011010000010010111000011001011111000101110111001110001010100000001001110000101100100011001110110000001111101100111110110110000110000100000101011000100000110101110110111000011011001001110111010111010000111111110100100	948595.3999999999	480.40000000000015
26	11001001010010101101010111100110110110010111001001001010001001001101000101001100010100110010000111000010100110011101101000111100011110010110011100111100101001111001000111110000111101101000110000111000100010100111011011010111001011010110	1074725.1999999995	510.59999999999997
27	01111011101000010001001000100110101010111111011001000011110001001011100001010100000011100011101010100001110111101110011011000110101110010100010110011011010100001100000110000001010010001011001001110010101101101000110101101100100111110011	969388.5999999999	495.7000000000001
28	11110110010101011000101011101001110001110110010010010100000111000111100101010111000101011111011010000001110101101111100001000010110110010110100011111111110011001101001000101001001000010000011011100110000111001000011110011110110100100100	1035551.3999999999	515.4000000000001
29	00001010110010000110100001010111011110000011011011001100001011000001010110100010101001000110011110111110011001110110101110000001001010110101001100011111111000000011001000110000101000101010101111101001001011100000011100001001101000110111	973798.9999999997	468.80000000000007
30	11111011110100111010000111001000010110011010010100100001010111001100000100110111101100001101100011110110001101001111011010010011110000110110001110100100111011010110100001101110111010000000010111011011101100110100101110101000100100011100	1095309.8	525.5999999999999
31	11010010110111111010111101001011010001110000101010100100100001011011111011000110100110101100100101010011001100000101100101000011010111010100010000110100010011011011001110111111111111001110101011011110000111010001111011011001000010110011	1120176.8	556.1
32	11011111101010111011001110000100010011001000010010011000010100010111111010101100101110000001011010100111100100101101011110111100100010111001001010111011111001000010010100010100110001001000001111011011111001111111001100001110000011001100	1025170.0000000001	519.6999999999998
33	01011100101001110000010110101110101100010110010110110100111011111000001101011111001101000111000011101100000101001101001111011011100101110110011000100000011101001100111101011110001110101101010100111110101001110001111011011001110101011100	1218397.8000000007	554.1
34	10101111110011101000110110110111101001000001111100011110110100100101101000000111110000100000101010000100100111010001000110100000001101001001111100000001000100000101110111011000010001101100011101111111000010001101101000010001111001101011	1000311.3999999999	490.99999999999994
35	00000011111100110010110100000101000000010101001111010001110010011111011000110011101111110101000010010011100000000011011000101111000011001111110010010101000100100110000111000110111011111010010010111100000111100000010001100011101010100001	981578.7999999997	474.0
36	10000010000110110110010010111000101111000100011001101000101100101110011100100010001001111001000100010100100000010110111100000011010010100101001000110010010101100001011110100000011100011010011000001000110011001011010001100000001111011001	886615.2000000002	432.1
37	01100001100000000001100010111001110001011010111001000011110100111100101110110110110000101100011001100111010010011110101010000001001001100011010001110000010000101001100101001011011001010101110110101101000011111000010101011100100100111110	948749.3999999999	491.90000000000003
38	00001111010010111001101011100100000101010111111011100110101011010001000110000011100001111010110111010001000111111111101111111101101101001101010001000101110001000010010010100011111010111000010100110011000011000111001111111010010110010000	1065972.9999999995	529.3999999999997
39	00000100011010110000110101111110010001100001110011001110101101010010000011100011100000111001100110100010100110011111011001110001101111001101001100000010110010000100010111110100111111101100000101000001000100010100011001110010010111000010	1052718.7999999998	477.09999999999997
40	10001111100001011101011111011110010011110110000111111100000011000111110101101000111001111001001100000000000111100111001110010101001011011000111111101010000001101101010110010011001100010101100011001110000101000111011010110101111111110110	1098548.799999999	552.2
41	10010110000000000111100010111100010111000001000010000101000100010001100110011110100011010100000111101010100010100010111010110101110010011100101111000110101100000001011110101100011101011000111011101010110111111110101110001010100111011101	1060792.8	507.3000000000001
42	11111111010111010101001011000010111101110111101000101110001111011010111011011100111000111001111001101101001011000001100101010011000010101010011010011001100010000101100001000111011011010100010100100101101011111001010111111000001011111111	1016095.3999999997	568.2999999999998
43	11101101000000011101010100011011011001101001100001100000011101111011011101010110011111111010000111111001101010010000100000000000101101010010110000001101100011001111111110000110000001000110000111110110100001100100000111011110001000111111	1032409.9999999999	495.8000000000001
44	00100100001101011011101101010110100001010101010110110010011001111010000011110011000110010101110011000001001010010011111100001110000101010100111100100011001001101101101100110110111110111000111100100111111001001101001010110010111111001110	1114172.2	540.1999999999999
45	00111000111010000100101010010101111000111011010000111000100001110010011001110100000101110100010101100010011010110110100110000000010111000001001100101010111111001010011010011000001101100101001001100100100110111110101010111001100011110110	998963.9999999999	495.80000000000007
46	00101001001011100111100100011011100111010011001010111111010110111111001000111010011001111101111000011100000000011010100000011111100001111111010101001000100100000100010110101000000010110111101000001111001011010110010110000110001100000101	972048.9999999997	497.99999999999994
47	01001010101100011001000010100000111011001011011100110001001110101001111000100111100110001010111000011011100010100011010110110111100111000101110011011100001001000110011101001000111101111010010001111100000100011001011000101011010111101010	1032763.1999999998	515.4000000000001
48	10100001010010010110101000111011100111000000110010111110110011110000000000101010111001101100011111000001101001001101101100101010001101110110001110110100111000110001001110010100011010000001000010001100100000001010000111111000000011011010	982217.9999999999	458.1000000000001
49	01001000000010100000001110011100110000110101001100000110111010000010110101101110111010110000001101011111110001000010111000110110111011111101011111010010110100011101110110000011101001110100111010010000110111011100000101101010111111111010	1120701.5999999999	535.0000000000001
50	11011011001110010100011010111100010010111000110011100101110010000011111100001010001101011111110011100101111011010001010011110111001010001010100011110011111111010110110100001010111110010101010101010001101100010011110101001110011000100000	1118963.5999999999	541.5999999999998
51	11111000100000001101111110111101101001100110100110110111010000111100101101110000000111001101011111011001101110110101000010011000111100100111100000011001001000000011111010011111001000011110000100111010010110101100100110001011011010100101	1105639.5999999999	534.7
52	11111010111001010100001110010010001111011001011101000001100011100111011001001101001001110001101101001101111111101101010000010010010011010011011111100111110000101010001111110100011000111010001010011111111110111100000110111101010101101100	1211273.0000000002	568.4
53	11101011101101001110011101010101100011100100000010001010111110011010111101111001001010010010101111010000000110011110011010100100101100110100011101100010100001001001100000000000111101000110100111011101011111001010110111101011101000010001	892688.9999999998	513.4
54	00100110111010000001011010101100100011111010010000010111100000001111100100010001010110101101010010001001100111110000010110010000110011011011000110001101100010001000111011110111111111011100111010000101110100110111110001101110100100001110	1111083.4	515.5000000000001
55	10001011101000100010000001111111010100101110000110100101100100011001101010001100011011011100000010110100001111001100011110010011000101001111101111000100011110101101010000000010000011100010010111000111110101111111111101101001101001000011	964108.2	503.99999999999994
56	01111010000001010100001000111111110111101110011011000011010110100011111000101110110001100001111110110001010000101111100000010010010000110010100111110111101100000110110100011010111101011100010100011111000010011111010110010110011111010101	1069835.7999999996	542.1999999999998
57	11001111100100001000010010100101100011110110111100001111011010001011000110110100001101001001001011000010000011100111001101101000101000101100111000000010000110000101001001100011110100001011101100110101010010101110001101101101101010100000	909329.5999999999	473.29999999999995
58	10101101000100000101001000110000010011100101010111100011111001000000001001100001111110101000101001001110110010011000011111100011100000101000011010111111011101010011010100011100110001010000011101111010110100010010010000001110111000011011	1014198.1999999998	482.69999999999993
59	10001110010111011011001110111010110010110110000100011001110100000100100111011000110100010000110000100110111011110110101111000000001001100100000111000010111011101100111001111010111011000111100011100011010011110110110010011010111100001110	1146910.2000000002	536.5999999999997
60	11110011001011101001000000111011011100101111111110010011000010010111000111001101100110100010101101011110010011111111011010010010010001011111000100001101110111000010101010111011010011101010101001101100111110111001001011001101010000000011	1165184.2	554.6999999999998
61	11110110100010101101000011010000101100101011010101000110011100101100110011101100101111110011010011101110100111010010011110010010001101111011101100010101101011011011000001110110111001010001101011011111111101011110101110101101010100010010	1161571.2	564.8999999999996
62	00100010001001111101110100001011001001101011111110010100101010010001011111000011001110001000000001000101101111011110111100011111010110010010001100000000100100101010111101000111001100000000000001010110101110110100010100101010001110011100	1062159.0	478.1
63	00000011010101111011011101000010100011011011110111100110011100110000111011100000001010100101010000011100000111010111000110100111010001110010111101111000001011101101000011000110001111001110000100001000010001110011110101111011110001010011	1050032.1999999997	511.29999999999995
64	10000010111011110001100111010101001110110010100011101011111011001000000011011001011100001110110010000111101110111101010010100010000011011101110011011111011011101100011000010100010110011111110101010101011101010111101010000110111011100111	1115341.9999999998	558.5000000000001
65	01001101100101011101111101000110000011001110101101011110000001000000010110000111011101100010110011111011111100000010110100110110110010011000010111000100011010110001001101100111100100001000010100000001110101111011111111110011010010111101	1094926.2	516.2
66	11011100001010110101011111110111100110111000011110001010100100110100100101010011001110010001111011101110100101100010001000010001100111001111000110101110101010001101110110110100100101000000111110011010100001011101011111111010100111110110	1156819.8000000007	555.0
67	00111110010000001011001000100001000111100111111010101101101010110011111101111011000000000111011001100011011010010000010001101111000010100111100101101010011011011000010010111000101000010000110101111100101011000000110111000000100100101011	985932.8	492.09999999999997
68	00110101100010110111001110011001111000010000000110010111010110011101001100011110000111010100110100001011011100100001111101100010000000011011111100100101100000001010110011000111000100101101100001011011001001010110100111001010001010011010	999856.7999999999	492.69999999999993
69	01011010010100101110001110010001000010000110001100011001010001010010111010101100100010000110111110100010011111010111101100101100111101011010111001110000001001010010101100001111101001000010101011100111000000001101100010110000110110101011	1049049.7999999998	489.6000000000001
70	01111010011011011110110000101110111011010010000110010011111110000000100010101111010000100101110110000000011101000010100110111100110100100000101101111010111101101111010001101101111100000110101011001100111110001001001101100111111011111000	1103681.6	549.0
71	11110000111011110011110100101010110011011111110110100011010001101100101010101010000111000011010110000000101100011101110111001100000011001011010001011010000010100010001111100101011101011110101000010010101101011010010111001111110011110111	1076984.5999999996	539.5
72	00111111111001010100110111010001001110010011011111011001011011011000011111000001001100110111010101000011110110011101110110000110110101010010000110110001011110111100011101110011001110111011110000011001111100100010010001101011111000101011	1180023.4000000001	563.7999999999998
73	01011110100001101000000011111011001010011101000010011100101011010111011100001011010110110001100011111111000101001111110111010010100100010111110100011110001000001110100011110101100011010001001100100110010010000101010001000011000010011101	1093209.2	503.20000000000005
74	00111000101010011010100111100011001000101101010001111001100001011110101110011000010110101110010011100101000110001101010111110000011110001011010110111111010010111110001001010010010111100010101010001011011000101111011000010011111111011000	1079230.5999999994	532.8999999999999
75	01000110000111011111111011110000001011001111010100111001000001011001110000000110100111000001010010011001110000110100101110101011110100111001010000100110000011111010110000101110001011001100000100110111110110011011011110100111110100010010	1074755.3999999997	515.1
76	01111111010110001100111001001011001000010111011010111011100111100011101100101101101111100011110011010010011011110101010000000100010101010011111011101100101000000111101111111111111010111011011101010101001101011001001101100100011111101011	1281836.8000000003	591.5999999999999
77	01100110100010111101100011100110110000011101110000001100001111010101010110110100000011111111111011100110111110010111100100110001011101110101000101011100011010011101111110001111010101110111100000011010100011001110101110111100111010101011	1224904.000000001	577.6
78	11110101111110001110001010101011010110101010000000111000110100110001100000111111010001000111100010110001000011010010011101001100101101110000110010010111011011001111010000011111001010101100111100110111000110100010101011000011111100110011	1071510.9999999995	530.7
79	10100101000111010100011110001011110010110010001100111100111011100100101010011000011111000001011100101010110101011001101101110000000101100101001100101100011000001000111010111001101100110010100001010100100101101001110000001010101101001010	1040594.4000000001	492.5000000000001
80	00000101011011110111110011110011101111010111110110001101101001001111111000111011111001001110011000001000100111000100001111001010100101011001100001111000010010101111001100100011100000100011000010000100101110101010000010010101101110011011	1021235.4	516.9000000000003
81	10010111101000101110100001001000110100100101101011000000100110011000010111101100100110100110001100111111010001111111110111001100100010100101011010010001101111011111001000011111001100100010000010000111011010111011000100110110010101010000	1105351.2000000002	508.8999999999999
82	10001111011010010101100100010110010101001111011010000101101111011011000111001101100111100011000000111001111101101111001111111011010001011000001000010011111111101101011101010000011011010011010001100110111010011001000111111011000001011110	1156538.0000000002	560.5999999999999
83	01101111010111000110001111010101110101001110111110010111010001111001001100010010110110110010010111010001010000001000100001011011001100011111100100101000011111010111000100110111001000010010100000111111101100001100101100111001100101011100	1007903.1999999997	522.0
84	10000000000011110010011111110101111000001001011101101001011111100001100000110010100010111010101100001111110111000001100111111100001000000101010101000000101111001001100111011100011000111010110101110110110110011101101010000111000011000111	1105449.6	519.6
85	01110101000010011100100010000001001000110100111000101110110010000110000000101001011011111011011000111111010001011110111111001000011101010010110011110010110111011010100111100001100111111001101110010110001101100110100101100111000001100001	1121193.6000000003	515.3999999999999
86	10001110000001110001011010000110011001000000101101000111111000001010110111011100101101000011111000011000100010110000110100000100111000110100000001001110101100011110000100001000001010111010111011010111101111101111101100000101000110111100	863193.5999999997	477.40000000000003
87	11101010010101110011001010110000010101001010110100010001101110010101010000110011001110011011111101011010001111001011011011110100001010111000110101111001001111110101100011000000010101011011100100000011000101110001011110011110011011010100	1031956.1999999996	527.1999999999999
88	00100100010010101001011011001101111101001000100010000100000110111101010000011001000010011110110010111000100100101010000111100000010111100110101001101011000001010011110100011001110010111011110100111110001000111000000100101000111001100100	950186.1999999996	467.9999999999999
89	11100110101000101010111101100010010111010001011101110101010100001110001110001011111001010011101001011111011010011110011000010010000011100111010011111110100111010100011001001010010100001110101110100101010010111010011110101001001110100111	1118446.9999999995	543.4999999999997
90	01101001111110001010011111011010001101011000010101110000101000111000010101111001000000111001100001101001101010110001101011011000100111010011010001010111101100011111000001100001011111000000100111000010100000000110101101100011001110100111	972964.0	500.89999999999986
91	11100001110010110100001100111000101010111111111101000001110101010100000001000001000001110011110010111101001110000011111110010001011100100001110100010100100111111101001000100111000101001000010001100111010101010111000010101100111101001100	1018304.7999999998	494.40000000000015
92	11110110000110111000011111110110010101010110111101111010111001111010010110000000001000000011111111111000101110110100110101001001001111101000101001010111011100000001110110100111001111101100001011111000101111010100111111001101010101010010	1173790.2000000007	563.6000000000001
93	01101110010000101011110110011101101000100110100011010110011001011110010100111010000101011011011011010010011001110100011111100100000010100111111110100111100011101111001010111100101101001011000101011111010001110001110100000011101011011010	1189852.2000000002	549.4999999999999
94	11001010100100011001100000110100000110001000100011001001100011111111111001000010111111010011110011110001101101100001111110101011101000111010000101101100011000100100110100011111101001101011100101100100010111100101101110001001010001001101	1111949.2000000002	511.7000000000001
95	11101010110011100010000010000100011000100001110100011000000011111011010101101011000010010101100110000011110101100110011100010001100101101010101010100110001011101001110010111110111011000011000011010100110001011000011100010000000011111000	1072768.4000000001	477.79999999999995
96	00100000010111111100111110111010101010101101110010111011101000111100000010111111001100111011010101111010100111111011011111110100000110011011010010100000101010111110001100101100010001001011010111110011000000011100101001010010001111101111	1171049.4000000004	560.7999999999998
97	01101110011001101011100110011001010110010111110111010001010001001101000010100010111000011011110110111010101100111011001110101110111101100000011101101100111010111010100000100010111100000011111000110100100001011101111110111110101011011100	1112062.0	557.8
98	11110000000001101101111100110110111110100111001001111001101110011101011101011000001001111011011011110010000001111100011010111001011111100100110001111011001110001100101011011101001000101100010001100001110001000011011010100001100100010010	1190839.4000000006	523.4000000000002
99	11111010110011000001001001001100101100010010010111000010001111110100000000110011110101011000001111101111110110010110001111100100011011000011100001101001001101001001110111110111100001101100011101011110110010010011101000110010000110000010	1156876.6000000006	514.5999999999999
