SOLUCIONES FIN 

0	000000000000000000000000000000000000000000000000001000000000000000000010000000000000000000000000000000000000000000000000000000000001000000000000000000000000000000000000000000000000000000001000000000000000000000000000000000001000000000	42424.8	22.5
1	000001000000000000000000000000000000000000000000000100000000000000000000000000000000001000000000000000000000000000000000100000000000000000000000000000000000000000000000000000000000000000000000000000000000000000000000001000000000000000	36389.799999999996	21.1
2	000000000000000000000000000000000000000000000010000000100000000000000000000000000000000100000000100000000000000000000000000000000000000000000000000000000000000000000000000000000010000000000000000000000000000000000000000000000000000000	37974.8	17.5
3	000000000000000000001000000000000000000000000000000000001000000000000000000000000000000000000000000000000000000000000000000000000001000000000000000000000000000000000000000000001000000000000000000000000000000000000000000000000000000100	38219.6	21.799999999999997
4	000000000010000000001000000000000000000000000000000000000000000000000000000000000000000000000000000000000000000000010010000000000000000000000000000000000000000000000000000000000000000000000000000000000000000000000000000000000000000000	42401.0	18.2
5	000000000000000000000000000000000000000000000000000000000000000000000000000000000000000000000010000000000000010000000000000000000000000000000000000000000000000000000000000000000000000010000000000000000000100000000000000000000000000000	37104.600000000006	18.0
6	000000100000001000000000000000000000000000000000000000000000000000000000000000000000000000000000000000010000000000000000000000000000000000000000000000000000000000000000000000100000000000000000000000000000000000000000000010000000000000	39469.399999999994	22.799999999999997
7	000000000000000000000000001000000000000000000000000000000000001000000100000000000000000000000000000000000000000000000000000000000000000000000000000000000000000000000000000000000000100000000000000000000000000000000000000010000100000000	41800.0	26.999999999999996
8	000000000000000000000000000000000000000000100000000000000000000000000000000000000000000000100000000000000000000000000000000000000000000000000000000000000000000000010000000000000000000100000000000000000000000000000000000000000000000000	38251.6	12.600000000000001
9	000000000000000000000000000000000000000000000000000001000000000000000100000000000000000000000000000000000000000000000000000000000000000000000000000000000000000000100000000000000000001000000000000000000000000000000000000000000000000000	36453.0	17.3
10	100000000000000000000000000000000000000000000000000000001000000000000000000000000100000100000000000000000000000000000000000000000000000000000000000000000000000000000000000000000000000000000000010010000000000000000000000000000000000000	42637.6	26.499999999999996
11	000000000010000000000000000100000000000000000000000000000000000000000010000000000000000000000000000000000000000000000000000000000000000000001000000000000000000000000000000000000000000000000000000000000000000000000000000000000000000000	38253.4	17.2
12	000000000000000001000000000000000000000000000000010000000000100000000000000000000000000000000000010000000000000000000000000000000000000000000000000000000000000000000000000000001000000000000000010000000000100000000000000000000000000000	41589.6	32.0
13	000000000000000000000000000100000000000000000000000000000000000000000000000000000000000000000000000000000000000000000000000000000000000000000000000000000000000000000000000000000000000000000000000010000000000001000000100000000001000000	34605.6	22.4
14	000000000000000000000000000000000000000000000000000000000000000000000000000000000000000000000001000000000000000000000000000000000000000000000000000000000000000000000010000000000000000000000000000000000000000000000000000000000000000000	41752.8	8.8
15	000000000000000000000000000000000000000000000000000000000000000000100000001000000000000100000000000000000000000000000000000000000000000000000000000000000000000000000000000000000000000010001000001000000000001000000000000000000000000000	42594.200000000004	31.199999999999996
16	000000000000000000000000001000000000000000000000000000000000000000000000000000001000000000000010000000000000000000000000000000000000000000000000000000000000000000000000000000000000000110000000000000000000000000000000000000001000000000	38707.8	26.799999999999997
17	000000000000000000000000000000000000000000000000000000000000000000000000000000000000000000000000000000000000000010000001000000000000010000000000000000000000000000000000000000000000000000000000000000000000000000000000000000000000000000	42406.8	12.5
18	000000000000000000000000001000000000000000000010000000000000000000000000000000000000000000000000000000000000000000000000000000000000000000000000000000000000000000000000000000000001000000000000000000000000000000000000000000000000000000	25002.0	13.899999999999999
19	000000000000000000000000000000000100000000000000000100000000000000100001000000000000000000000000000000000000000000000000000000000000000000000000000000000000000000000000000000000000001000000000000000000000000000000000000001000000000000	36709.200000000004	26.8
20	000000000000000000000000000000000000000000000000000000000000000000000100000000000000000000000000000000000000000000000000000000000000000000000000000010000000000000000000000000000000000000000000000000000001000000000000000000000000000000	35302.6	13.2
21	000000000000000000000000000000000000000000000000010000000000000000000000000000000000010000000000000000000000000000000000000000000000000000000000000000000000000000000000000000001000010000000000000000000000001000000101000000000000000000	38857.2	30.8
22	000000000000000000000000000000100000000000000000000000000001000000000000000000000000000000000000000000000000000000000000001000000000000000000000000000000000000000000000000000010000000000000000000000000000000010000000000000000000000000	43010.4	21.799999999999997
23	000000000000000000000000000000000001000000010000000000000000000000000000000000000000000000010000000000000000000000000000000000000000000000000000000000000000000000000000000000000000000000001000000000000000000010100000000000000000000000	42545.8	27.1
24	000000000000000000000000000000000100000000000000000010000000000000000000000000000000001000000000000000000000000000000000000000000000000000000000000000000000000000000000000000000000000000000001000000000000000000000000000000000000000000	29516.6	16.1
25	010000000000000001000000000000000000001000000000000000000000000000000000000000000000000000000000000000000000000000000000000000000000000000000000000000000000000000000000000000000000000000001000000000000000000000000000000000000000000000	31247.199999999997	18.799999999999997
26	000100000000000000000000000000000000000000000000000000000000000000000000000000000000010000000000000000000000000000000000100000000000000000000000000000000000000000000000000000001000000000001000000000000000000000000000000000000000000000	38579.6	21.6
27	000000000000000000000000000000000000000000000010000000000000000000000000000000000000000000000000000000000000000000000000000000000000000000000000000000000000000000000000010000000000000000000000000000000000000000000000000000000000000000	42863.0	8.9
28	000000000000000000000000000000000000000000000000000000000000000000000000000000000001000000000000000000000000000000000000000000000000000000000000000000000000000000000000000000000001000010000010000000000001100000000000000000000000100000	42259.6	31.700000000000003
29	000000000000000000000000000000000100000000000010000000000100000000000000000000000001000000000000000000000000000000000000000000000000000000000000000000000000000000000000000000000000000100000000000010000000000000000000000000000000000000	42106.799999999996	27.1
30	000000000000000000000000000000000000000000000000000001000000000001000000000000001000000000000000000000000000000000000000000000000000000000000000000000000000000001000000000000000000000000000000000000000000000000000000000000000000000000	34944.2	16.5
31	000000000000000000000000000000000000001000100000000000010000000000000000000000000000000000000000000000000000000000000000000000000000000000000000000000000000000000000000000000000000000000000000100000100000000000000000000000001000000000	37762.600000000006	27.4
32	000000000000010000000000000000000000000000000000000000000000000000010000000000000000000000000000000000000000000000000000000000000000000000000000000000000000000000000000000000000001010000000000000000000000000000000000000000000001101000	43075.0	32.3
33	000000000000000000000000000000000000000000100000000000000100000000000000000000000000000000000000000000000000000000000000000000100000000000000000000000000000000000000000000000010000000000000000000000000000000000000000000000000000000000	35096.6	17.8
34	000000100000000000000000000000000000000000000000000100000000000000000000000100000000000000000100000000000000000000000000000000000000000000000000000000000000000000000000000000000000000000000000000000000000000000010000000000001000000000	40739.0	27.0
35	010000000000000001000000001000000000000000000000000000000000000000000000000000000000000000000000000000000000000000000000000000000000000000000000000000000000000000000000000000000100000000000000000000000000001000000000000010000000000000	40723.0	27.9
36	000000000000000000000001000000000000000000100000000000000000000000000000000000000000000000000000000000000000000000000000000010000000000000000000000000000000000000000000000000000010000000000000000000000000000000000000000000000010000000	39865.4	22.100000000000005
37	000010000000000000000000000000000000000000000000000000000000000000000000000000000000000000000000000000000000000000000010000000000000000000000000000000000000000000000000000000010000000000000000000000000000010000000000001000000000000000	36517.6	22.6
38	000000000000000000000100000000000000000000000000000000000000000000000000000000000000000000000000000000010000000000000000000000000000000100000000000000000000000000000000000000000000000000000000000001000000000000000000000000000000000000	36033.6	17.5
39	000000000000011000000000000000000000000000000000000000000000000000000000000000000000000000000001000000000000000000000000000000000000000000000000000000000000000000000000000000000000001000000000000000000001000000000000000000000000000001	41892.399999999994	26.2
40	000000000010000000000000000000000000000000000000000000000000000000000000000000000000000000100000000000000000000000000000000000000000000000000000000000000000000000000000000000000000000000000000000000000000000000000010000000000000000000	25688.4	9.1
41	000000000000000000000000000100000000000000000000000000000000000000000000000000000000000000000000000000000000000000000000000000101000000000000000000000000000000000000000000000000000000000001000000000000000000000000000000000000000000000	40691.0	17.799999999999997
42	000000000000000000000000000000000000000000000000000000000000000000000000000000001000000000000000000010000000000000000000000000000000000000000000000000000000000001000000000000000010000000000000000000000000000000100000000000000000000000	42774.8	21.799999999999997
43	000000000000000100000000000000000000000000000000000000000000000000000000000000000000000000000000000000000000000000000000001000000000000010000000000000000000000000000000000000000000000000000000100000000000000000000000000000000000000000	42087.40000000001	17.2
44	000000000000000000000000000000000000000000000000000000000000010000001000000000000000000000000000000000000000000000000000000000000000000000000000000010000000000000000000000000000000000000000000000000000000000000000000000000000000000000	35022.600000000006	13.4
45	000000000000000000000000000000000000000000000000000000000000000000000000000000000000000000000000000000000000000000000000000000000000000000000000000000000000000000000000001000000000000000000000000000000000000000000000000000000000000000	33239.4	4.5
46	000000000000000000001000000000000000000000000000000000000000000000000000000100000000000000000000000000000000000000000000000000000000000000000000000000000000000000000000000000000000000000000000000000011000000000100000001000000000000010	39881.0	32.1
47	000000100000000000000000000000000000000000000000000000000000000000000000000000001000000000001000000000000000000000000000000000000000000000000000000000000000000000010000000000000000000000000000000000000000000000000000000000000000000000	35946.2	17.4
48	000000100100000000001000000000011000000000000000000000000000000000000000000000000000000000000000000000000000000000000000000000000000000000000000000000000000000000000000000000000000000000000000000010100000000000000000000000000000000000	42370.6	32.2
49	000010000000000000000000000000000000000000000000100100000000000000000000000000000000000000000000000000000000000000000000000000000000000000000000000000000000000000000000000000000100000000000000000000000000000000000000100000000000000000	36247.0	22.5
50	000000000000000000000000000000000000000000000000000000000000000000000000000000000000000000000000000000000000000000000000000000000000000000000000000000000100000000010000000000000000000000000000000000000000000000000000000000001000000000	36930.8	12.2
51	000000000001000000001000000010010000000000000000000000000000000000000000000000000000000000000000000000000000000000000000000000000000000000000000000000000000000000000000000000000000000000000000000000000000000000001000001010000000000000	40130.2	32.0
52	000000000000000000000000010000000000000000000000000000000000000000000000000000000100000000000100000000000000000000000000000000000000000000000000000000000000000000000000000000000001000000000010000000010000010000000000000000000000000000	40851.8	32.599999999999994
53	001000000000000000000000000000000000100000000000000000000000000000000000000000000000000000000000000000000000000000000000000000000000000000000000000000000000000000000000000000000000000000000000000000000010000000100000000000010000000000	32688.399999999998	22.8
54	000000000000000000000000000000000000000000000000000000000000001000000000000000000000000000000000000000000000000000000000000000000000000000000000000000000000000000000000000000000000000000000000000000000000000000000000000000000000000000	6789.0	4.5
55	000000001000010000000000000000000000000000000000000000000000000000000000000000000000000000000000000000000000000000000000000000000000000000000000000000000000000000000000000000000000000000000000000000000000000000000000100000000000011000	35340.2	22.700000000000003
56	000000000001000000000000001000000000000000000000000000000000000000000000000100000000000000000000000000000000000000000000000000000000000000000000000000000000000000000000000000000000000000000000000000010000000000000000000000000011000000	40583.8	28.1
57	000000000000000000000000000000000000000000000000000000010000000000000000000000000000000001000000001000000000000000000000000100000000000000000000000000000000000000000000000000000000000000000000000000000000000000000000000000000000000000	42187.4	17.9
58	000000000000000000000000000000000000000000000000000000000000100000000000000000000000000000000000000000000000000000000000000000000000000000000000000000000000000000000000000010000000000000000000000000000000000000000000000000000000000000	40427.6	8.8
59	000000000000000000000000000000000000000000000000000000000000001000000000000000000000000000000000000000000000000000000000000000000000000000000000000000000000000000000001000000000000000000000000000000000000000000000000000000000000000000	42059.4	8.9
60	000000000000000000000000000000000000000000000000000010000000000000000000000000000000000000000000000000000000000000000000000000000000000000000000000010000000000000000000000000000000000000000000000000000000100000000000000000000000000010	38835.600000000006	17.700000000000003
61	000000000000000000000000000000000000000000000000000000000000000000000000000000000000000000000000000000000000000000000000100000000000000000000000000000100000000000000000000000000000000000000000000000010000000000000000000000000000000100	34461.4	17.4
62	000000000000010000000000100000010000000000000000000000000000000010000000000000000000000000000010000000000000000000000000000000000000000000000000000000000000000000000000000000000000100000000000000000000000000000000000000000000001000000	40914.6	32.00000000000001
63	000000000001000000000000100000000000000000000000000000000000000000000000000010000000000000000000000000000000000000000000000000000000000000000001000000000000000000000000000000000000000000000000000000000000000000000000000000000100000000	43039.6	22.500000000000004
64	000000000000001000000000000000000000000000001000000000000000000000000000000000000001000000000000000000000000000000000000000000000000000000000000000000100000000000000000000000000000000000000000000000000000000000000000000100000000000000	43033.2	22.3
65	000000000000000100100000000000000000000000000000000000000000000000000000000000000000000000000000000000000000000000000000000000010000000000000000000000000000000000000000000000000000000000000000000000000000000000000000000000000000010001	41562.799999999996	21.400000000000002
66	000100000000000000000010000000000000000001000000000000000000000000000000000000000000000000000000000000000000000000000000000000000000000000000000000000000000000010000000000000000000000000000000000010000000000000000000000000000000000000	41470.6	22.8
67	001000000000000000000010000000000000000000000000010000000000000000000000000000000000000000000000000000000000000000000001000000000000000000000000000000000000000000000000000000000000100000000000000000000000000000001000000000000000000000	42139.4	27.299999999999997
68	100000000000000000000000000000000000000000000000000000001000000000000000000000000000000000000000000000000000000000000000000000000000000000000000000000000000000000000000000000000000000000000000000000001000000100000000000000000001000000	35047.2	21.900000000000002
69	000000000000000000000000000000000000000000000000000000000000000001000000000000000000000000000100000000000000000000000000000000000000000000000000000000000000000000000000000000000000000000100000000000000000000000001000000010001100000000	41672.4	30.2
70	000000000000000000000000100000000000000000000000000000000000000000000000000000000000001000001000000000000000000000000000000000000000000000000000000000000000000000000000000000000000000000100000000000000000000010000010000000000000000000	41234.6	25.700000000000003
71	000000000000010000000000000000000000000000000000000000000000000000000000000000000000000000000001000000100000000000000000000000000000000000000000000000000000000000000000000000000000100000000000000010000000000000000000000000010000000000	39147.6	27.699999999999996
72	000000000000000000000000000000000010000000000000000000000000000000000000000000000000000000000000001000000000000000000000000000000000000000000000000000000000000000000000000000000000000000100000000001000000000000000000000000000000000000	32458.800000000003	17.2
73	000000000000000000000000000000000000000000000000000000000000000000000000000000100000000000000000000000000000000000000000000100000000000000000000000000000000000000000000000000000000000000000000000000000000000000000010010001000000000000	42507.8	22.5
74	100000000000000000000000000000100100000000000000000000000000000000000000000000000000000000000000000000000000000000000000000000000000000000000000000000000000000000000000000000000000000000000000000000000000001110000100000000000000000000	41426.399999999994	31.699999999999996
75	000000000001010010000000000000000000000000000000000000000000000000000000000000000000000000000000001000000000000000000000000000000000000000000000000000000000000000000000000000000000000000000000000000000000000010010000000000000000000000	40584.4	26.2
76	000000000000000000000000000000000000000000000000000000000000000000000000000000000000000000000000000000000000000000000000100000000000000000000001000000000000000000000000000000000100000000000000000000000000000000000000000000000000000000	29109.6	13.2
77	100000010000000000000000000000000100000000000000000000000000001000000000000000000000000000000000000000000000000000000000000000000000000000000000000000000000000000000000000000000000000010000000000000000000000000100000000000000000000010	41993.600000000006	32.0
78	000000000000000100000000000000000000010000000000000000000000010000000000000000000000000000000000000000000000000000000000000000000000000000000000000000000000000000000000000000000000000001100000000000000000000001000000000000000000000000	43068.0	26.6
79	000000000100010000000000000000000100000000000000010000000000000000000000000000000000000000000000000000000000000000000000000000000000000000000000000000000000000000000000000000001000010000000000001000000000000000000000000000000000000010	42930.4	36.2
80	000000000000000000000000000000000000000000000000000000000000000000000000000000000000000000000000001000000000000000000000000000000000000000000000000000000000000000000100000000000000000000000000000000000000000000000000000000000000000000	43047.399999999994	8.399999999999999
81	000000000000000000000000000000000000000000000000000000000000000000000000000000000000000001000000000000000000000001000000000000000000000000000000000000000000000000000000000000000000000000000000000000000000000000000000000000000000000000	20921.4	9.0
82	000000000000000000000000000000000000000000000000000000000000000000000000000000000000001000010000000000000000000000000000000000000000000000000000000100000000000000000000000000000000000000010000000000000001000000000000000000000000000000	42717.6	20.200000000000003
83	000000000000000000000000000000000000000001000000000000000000000000000000010000000000000000000000000000000000000000000000000000000000000000000000000000000000000000100000000000000000000000000000000100000000000000000000000000000000000000	36050.6	17.5
84	000000100000000000000000000000000000010000100000000000000000000000000000000100000000000000000000000000000000000000000000000000000000000000000000000000000000000000000000000000000001000000000000000000000000000000100000000000000000000000	42734.4	27.799999999999997
85	000010000000000000000000000000000000000000100000000000000000000000000000000000000000100000000000001000000000000000000000000000000000000000000000000000000000000000000000000000000000000000000000000000000000000000010000000000000000000000	42707.6	21.5
86	000000000000000010000000000000000000000000000000000000000000000000000000000000000000000000000000000100000000000000000000000000000000000000000000000000000000000001000000000000000100000100000000000000000000000000000000000000000000000000	42044.2	21.5
87	000000000000000000000000000000000000000000000000000000000000000000000001000000000000000000000000000000000000000000000000000000000000000000000000000000000000000000010000000000000000000000000000000000000000100000000000000000000000000010	32046.6	17.0
88	000000000001000000000010000000000000010000000000000000001000000000000000000000000000000000010000000000000000000000000000000000000000000000000000000000000000000000000000000000000000000000000000000000000000000000000000000000000000000000	36074.2	22.0
89	000000000000000000000000000000000000000100000000000100000000000000000000000000000000000000000000000000001000000000000000000000000000000001000000000000000000000000000000000000000000000000000000000000000000000000000000000000000000000000	41995.2	18.299999999999997
90	000000000000000000000000000000000000000000000000000000000000000000010000000000000000000000000000000000000000000000000000000000000000000000000000000000000000000000000000000000000000010000010100000101000000000000000000000000000000100000	41667.6	31.4
91	000000100000000000000000000000000001000000000000001000000000100000010000000000000000000000000000000000000000000000000000000000000000000000000000000000000000000000000000000000000000000000000000000000000000000000000000000000000000000000	37717.2	22.6
92	000000000000000000000000110000000000000000000000000000000000000000000000000000000000000000000000000000000000000100000000000000000000000000000000000000000000000000000000000000000000000010000000000001000000000000000000000000000000000000	42580.0	22.599999999999998
93	000000000000000000000000000000000000000000000000000000000000000010000000000000010000001000000000000000000000000000000000000000000000000000000000001000000000000000000000000000000000000000000000000000000000000000000000000000100000000000	43031.799999999996	20.099999999999998
94	000000000000000000000000000000000000000000000000000000000000000000000000000000000000100000000000000000000000000000000000100000000010000000000000000000000000000000000000000000000000000000000101000000000000000000000000000000000000000000	42293.4	22.1
95	000000000000000000000000000000000000000000000000000000100000000000000100000000000010001001000000000000000000000000000000000000000000000000000000000000000000000000000000000000000000000000000000000000000000000000000000000000000000000000	41116.799999999996	16.4
96	000001000000000000000000000000001000000000000000000000000000000100001000000000000000000000000000000000000000000000000000000000000000000000000000000000000000000000000000000000000000000000000000000001000000000000000000000000000000000000	39694.6	22.3
97	000000000000000000000000000000000000000000000000000000000000000000000000000000001000000000000000000000000000000000000000010000000000000000000000000000000010000000000000000000000000000000000000000100000000000000000000000000000000000000	43088.99999999999	16.700000000000003
98	000001000000000000000000000100000000000000000000000000000000000000000000000000000000000010000001000000000000000000000000000000000000000000000000000000000000000000000000000000000000000000000000100000000000000000000000000000000000000010	42950.600000000006	27.200000000000003
99	000000000000000000000000000000100000100000101010000000000000000000000000000000000000000000000000000000000000000000000000000000000000000000000000000000000000000000000000000000000000000000000000000000000000001000000000000000000000000000	43046.799999999996	27.0
