SOLUCIONES FIN 

0	000000000001000000000000000000000000000000000000000000000000000000000000000000000000000000000000000000000000100000000000000000000000000000000000000000000000000000000000000000000000000000000000000000000000000000000000000000000000000000	36778.2	9.100000000000001
1	000000000000000000110000000010000000001000000001000001000000011100000001000000000000000100000000000001100000001011010001000010000001000000000101000000010000000100000000100000000001000000000000000000000000000000000000000001100000000000	309389.0	122.80000000000001
2	000000000000000000000000000000000000000000000000000000000000000000000000000000000000000000000000000000000000000000000000000000000000000000000000000000000000000000000000000100000000000000000000000000000000000000000000000000000000000000	34986.2	4.6
3	010010000000000000000000000000000100000000000000000001011000000000000000000000001000000000000000001000000000000000000000000000000000000000000000001000001000001000000000010001010000000000000000000001000000100000000100000000000000000000	165796.8	74.8
4	011110011110111100001111001100001000010010001110011101110011111100001110011000101111100101100011001010011110111010001101111100111000000010110111000011001000000101101101101000101111110000100000010000011100110100000111001111011010101111	1225137.9999999995	517.1
5	110100010101001010100100111110101100000111000000111110110010001001001100011101000101110110101111010110010101101110011101011001000000001111110101010101100110110000101010101110001011011110011001011010110011110000000001010011010011000001	1234509.1999999993	502.69999999999993
6	000001000000000000000000000000000000000000000010000000000000001011000000000010000010000000000000000000000000000000000000000010100000000000000000010100000000000000000000000000000000000000000000000000000000000000000000000000000000000000	109734.40000000001	43.39999999999999
7	000000000000000000000000000000000000000000000000100000000000000000000000000000100000000000000000010000000000010000000000000000000000000000000000000000000000000010000000000000000000000000000000000000000000000000000000000000000000000000	55978.399999999994	22.1
8	101011100111100111101100101001001010001110100110000000111010100011001001101100011100001110011010010000000000000100010010001011001010011111010011110110000110111001100010000000101011111001100010000001111010101011011111010110111100111010	1007844.7999999998	490.99999999999994
9	101110100111000100001010101100111100000000111010101101110011010111010001001001001000001011010001000000111000010110010011001000100100111111000001000111100100000010010010100100101111100000100011011000011111001011000001010100000000001000	969229.0000000001	418.3999999999999
10	000000000000000000000000000000000010000000000000000000000000000000000000000000000000000000000010001000000000000000000000000000000000000000000000000000000000000000000000000000000000000000000000000000000000000000000100000000000010000000	33183.6	21.400000000000002
11	000000000000000000000000000000000000000000000000000000000000000000000000000000000000000000000000000000000000000000000000000000000000000000000000000000000000000000010000000000000000000000000000000001000000000000000000000000000000000000	39996.8	8.7
12	100000000000000000000000000000000000100000000000000010000000000000000000000000000000010000100000100000000001000000000000000000000000000000000000001000000000000000001000000000000000000000000111000000010000001000000000001000100000000010	154218.8	74.9
13	011101011011001010010110000110111100110011110011001000010000110100101101010111000110010011100111001111010110001101101011101100101101001011011001100110011110010011100101111001001110001110110100100011100001110000100000001110010100011000	1254311.4000000001	505.1
14	000001001110110010101110110101010001111011001011001001011100111011101100011111010100001010101001011000110010110111101110000000011001000111101100111100110001100001100010110001010111011011100111110010011101110001001101011110110111001100	1180745.1999999995	544.1999999999999
15	100010100100100100010101010000000110001000001110101100101111111100011101000010000100111100110101111111000101010011000110101111000100100110001010001011010000000101001110010011000011010011100100001011100011010010001110101000011001010110	1077238.2000000002	453.70000000000005
16	100100000000000000000000100000000000001000000000000000000000000000000100000000000000000000000000110000000000000001000000000010000010100001001000001000001000000000000000010000000010000000000000000000000010000000000000100100000000000000	232986.2	87.79999999999998
17	110000000110001001011000110110001111110000000000000001000010101001101101101001111100001111111001110111100111011111101100010001010001001101010000010100101001100101000100010000100111011001100110000001110000100110001001000001111001000010	990391.4000000003	441.6999999999998
18	000000000010010000000000000000000000010001000010000001000101000000000100010100000000000000000000000000000000000100000000000000100000000000001000000000100000000000000000000000000000000001000000000000000000000000000000001000000000100000	151128.40000000002	80.89999999999998
19	011101011010011000110010010011000000100010011110100100011001111110111101110101110101110100101000010100001010110101010000110111001000000100100111001100011111110111111000011001001111000111000001000000011011110101100110101000001111110011	1163586.7999999998	510.9
20	000000000000000000000000010000000000000000000000000000000000000000000000001000000000000000000000001000000000000000001000000000000000000000000000000000001000000000000000000000000000000000000000000000000000001000000000000000000000000000	55813.99999999999	26.699999999999996
21	110010100000001001001111001100001110011000100000001101010100110011110001010011000111011110100110000100101000010010001110101110101000010101101110001110001000001000111001111010111110100011001010110010101001010101000110011001100111001101	1146487.5999999999	475.30000000000007
22	000000000000000000000000100000000000000000000000000000000000000000000000010000000000001000000000000000000100000000000000000000000000000000000000000000000000000000000000000001000000000000000100010000000000000000000000000000001000000000	60530.0	35.5
23	100000110011101010101000011011100111100100000010011111110101101001001001101001000011101010101110101000100110011111100010101000111000100011101010000100100100011010111000000010100111000100011101011101110011000100011100001011000000101000	1031268.6000000006	467.5999999999999
24	111111100110111111010011001001011110100101111111111100100100101100000000111001111001001111000111101100110110010010111001111100101111001111101101000001110001111111011100110100111111010111010000010010011001111010111101000111101000111110	1410296.6000000003	606.9999999999999
25	000000000000000000000000000000000000000000000000000000000000000000000000000001010000000000000000000000000000100000000000000000000000000000000000000010000000000000000010000000100000001100000000000000001100000000000001000001000000000000	125865.99999999999	53.2
26	001100000000000000000000000000000000000100100000000000000010000000000000001001000000000000000001100000000010000100000000000000000000010000000100111000000000010000000000000000000000000000000000000000000000000000110000000000100000000000	196684.59999999998	84.49999999999997
27	000000000010000000000000000000000000000000000000000000000010000000000000000000000000000000000000000000000000000000000000000000000000001000000001000000000000000000000000000000000000000000000000000000000000000000000000000000000000000000	40082.399999999994	16.3
28	000000000000000000000000001000000000000000000000000000000000000000000000000000000000000000000000000000000000000000000000000000000000000000000000000000000000000000000000000000000000000000000000000000000000000000000000001000000000000000	12385.8	9.0
29	000000010000000000000000000000000000000000000000000000000001000010000000000000000000000000000000000000000000000000000000000000000000000000000000000000000000000000000000000000000000000000000000000000000000000000000000000000000000000000	19695.199999999997	13.299999999999999
30	000000000000000000000000000000000000000000000000000000000000000000000000000000000100000000000100000000000000000000000000000100000000000000000000000000000000000000000000000001000000010000000000000000000000000000000000000000000000000000	40767.0	21.9
31	001100000000000000010000000000000000000000000010000000000000000000000000000000000000000000000000000000000000000000000000000000000000000000000000000000000000000000000000000000000000000000000000000000000000000001000000000010000100000000	50433.799999999996	31.999999999999996
32	010000000000000000100000000000000000000001000000000000000000000000000000010000000000000000000000000100000000000000000000000100000000000000010000000000000000000000010000000000000000000100000000100000010100000000000000001000000000000000	135931.40000000002	57.300000000000004
33	000000000000000100000000000000000000000000000000000000000000000000000000000000000000000000000000000000000000000000000000010000000000000000000000000000000000000000010000000000000000000000000000010000000000000000000000000000000000000000	67403.0	17.9
34	000011100111000000100001011010111000111111101010110011100110000110100011011000100001111100101011010100001110010011010001110110010011011111000011010111111001110010000000100000010010001101101011010110001110000100100111010011101001101000	1049375.2000000004	485.5
35	100011001110101001100000010100110000011001111111011010110000001010010000010010010111011010100001101000000001011110110001001110011001001010000101010110001111101111010001110100000011110000000101100000001100111110000100100110111000010010	1082746.9999999998	437.8999999999998
36	000000000000000000000000001000001000000000010000000000000000000000000000000000000000000000000000100000010000000000000000000000000000000000000000000000000000000000000000000000000000000000000000000000010000000000000000000000010000100000	63642.6	36.9
37	100100001110010111100001001011000101101010001110110110000011101010110110111000111011000110011101111010011010100101001100111010010011011111000011010111111001110010000000100001110111011010111110001000001100010100001011000111110111111011	1152648.9999999998	532.1999999999998
38	000000000000000000000000000000000000000000000000000000000000000010000000000000000000000000000000000000000000000000000000000000000000000000000000000000000000000000000000000010000000000000000000000000000000000000000000000000000000000000	42144.8	8.6
39	000000000000000000000000000000000000010000000000000000000000000000000000000000000000000010000000000000000000000000000000000000000000000000000000000000000001000100000000000000000000000000000000000000000000000000000000000000000000000000	41137.2	17.8
40	101011011111101010011011111000011000100000111000000101001001110101010111111010111101010000001001111000101101111110110101011000001000011000101111110001001011001011110111100101010100100001110100111010000100101111110011010111110011010000	1311263.2000000002	538.8000000000001
41	101011101001100101010100111101110011010011110011010010011101011010111010110000110101000111111111100101011101110000010010101011100110010001001110101001001011000001111011101110111001101011011100011000110110000000010100110000101001011110	1303643.5999999996	539.9000000000001
42	000011000110110110000001110010101111100001110110010010111001100110111110110111110111100101100110110111110100001101101110101001111010000101100111111010000100100010000001011100110100000110011001011010110011110000111110011011010111010101	1214127.8	543.6999999999998
43	001010010101100010100110101000100011000111110100011110101111000110110001011110100010000101011111100011111111110101011010000110000011100101111100111001111101000101101010000010110011011101101110000010110000100110111110110111111000011011	1260914.3999999997	541.1999999999998
44	000000100000000000000010000000000000100010000100010000000000100000000000000000000000000000000000100000000000010000000000000000000000000000000100000000000000000000000000000000000000000000000100000010000000000000001000000000000000000000	112534.59999999999	58.49999999999999
45	101111010001011010001101101011011101100111100000000010010111101111001011011100100100111101111010001100001100011110111010100101001111100001011100000110010001100000000000100000111101010110110010110110001001100011001111111011100111000001	1042312.2000000002	515.8
46	000000000000000010000000000000000000000100000000000000000000001000000000000000000000001000000000000000000000000000000000010000000000000000001000000000000000000000000000000000000000000000000000000000110000000000100000000000000000000000	84103.8	40.7
47	000000000000000000000000000000000000000000000000000000000000000000000000000000000000000000000000000000000000000000000000000000000000000000000000000000000000000000000000000100000000000000000000000000000000000000000000000000000000000000	34986.2	4.6
48	000000000101111100110000010011000100101011011110101100011001111001011011111011000101010110010111000111000111010101110111000001010111010100001110100110111011000110101110111111110111011010111110001000101111000111100001000111110011100110	1365228.7999999996	554.3
49	000000100000000000000000000000000000000000000000000000000000000000000000000000000000000000000100000000000000000000000000000000001000000000000000000000000000000000000000000000000000000010000000000000000000000000000000000000000000000000	40242.4	18.1
50	110101011111110110111111010101100101110100001111011011001111001001001001100101100101001110100110101110100100010111100001011101100101100000001101100100011100000101101010110011011100010011101110100010000111000110100001111111011101011111	1247641.0	568.1
51	100101100100110110000100001101100100100001001110001110001111010010110011101010100000001001011101110110101100010101010001010010000100110000000010100101011110001010101000101010000110111011101101101110101001101101101011010010100010000000	1053569.7999999998	457.59999999999985
52	000000000000000000000000000000000000000000000000001000000000000000000000000000000000000000000000000000000000000100000000000010000000000000000000000000000000000000000000000000000000000000000000000000000000000000000000000000000000000000	34826.0	12.9
53	001100111001111100001101100111001000011011101111010010010000101100100101010110000011000011101110100000110100010010000111100011111010010010110010000011100101001101011100011100001001110101111011101010101111011010010011001110111001111010	1191921.4	518.1999999999999
54	100000000000000000000000000000000000000000000100000010000010000000100000000010010000100000000000000000000000000000100000000000000000000100000010010000000000000000000000000000000001000000000010000010000000100000000001000000000000000000	144949.2	76.00000000000001
55	001001111000000000000101111010010010111001101001010000001111100110101000000001000001100101111101011100101011000100000111000011111101100010011100101011000110101110101111100101010100111010000001100101000111011010001000100011000001111001	1166255.6	459.59999999999997
56	010011111110010001100101101001000011100110101101000101110001010101010110001101110011100111000100110001111100100010110111100111111111100010110001101011101100010011011011110100010111111110111000000010011011011111111100111011011110101100	1390773.0	576.1999999999996
57	110110111011000100001111111000111100110000010011101110110100001101100110010111101001010011111011110000111101111100011010000011001110001001101010101101010001110100010100110010000001100100010111110100010010000110010001110100010001011111	1221076.0000000005	517.4999999999999
58	000000100000000000000000001001010000010000000000000010000000000000000000000000001000000000000000001000000000000000000000000000000000000000000000001000001000000000000000010000000010000000000000010000100001000000001000000000001000000000	153741.99999999997	74.4
59	101010100001011100001111110101111011111101000010001101110001001100100110010101011101010011001100100000011100000011001111000101011101001001110010110010001000100000000101101101011010000011001100110010111000001100101000001100100100101010	1077446.8	468.4999999999999
60	000000000000000000000000000000000000000000000010000000000000000000000000000000000000000000010000000000000000000000000000000000000000000000010000000000000000000000000000000000000000000000000001000000000000000000000000010000000000000000	41092.0	22.1
61	000000000000001000000000000000000000000000000000000000000000000000000000000000000000000000000000000000000100000000000001000000000000000000000000000000000000000000000000000000000010000000000000000000000000000000000000000000000000000000	41720.4	17.6
62	000100000001000000000000100000000000000010000000000010000000000000000011000000000000000000000010000000000000000010001000000000000000000100000000000100000000000000000000000000000000000001000000000000000000000000000000000000000000000000	121934.20000000001	58.90000000000001
63	000000100010000000000000000000000000000000000000000000000000000000000000000000000000000000000100000000000000000000000000000000001000000000000100000000000000000000000000000000000000000000000010000000000001000000000000001000000000000000	68863.0	35.599999999999994
64	111000101001111110100110110010111010110011001001111010101010110101000111111010100101111110100011101100100110010101101001011011011000110101101111101000011110001011111010100011111011101010111100011010011010011111000110111001111101001001	1348594.3999999997	594.6999999999998
65	000000000000000000000000000000000000000000010000000000000000000000000000000000000000000000000000000000000001000000000000000000000000000000000110000000000000000000000000100000000010000000000000000000000000000000000000000000100000000000	94808.4	31.0
66	000000010000000001000011001000000011000100100001000000000000000110000000000001000000000000001000001000000010000000000000000010000000000000000000000000000000000000000000000000000000000000100000000000001000000000100000001000010000000000	175489.80000000002	98.4
67	101010010100011001000011110001011110011001010001000101110101101111000111011110101010100000110101101010000110100111100100111110011011100001111111111010101111010010000100100000001010101000100000001001001100111110011010101101001000111111	1171266.8000000003	508.59999999999997
68	100010110111110101011100010001000110000011011011100001101000101000110001110010001010000001100010010000011100000000110000010011100111000101000010110100110011101101010000010101010010001111011110100011100100000000110100000011101001100011	969757.4000000001	424.5
69	000000000000000000000000000000100000000000000000000000000000000000000000000000000000000000000000000000000000000000000000000000100000000000000000000000000010000000000000000000000000000000000000000000000000000000000000000000000000000000	37153.399999999994	12.7
70	000000010000000000010000010000000000000000000000000010000000000000000000000000000000000000000000000000000000010000000000000000000000000000000000000100000000000000000000000000000000000000000000000001000000000000000000010000000000000100	73898.0	39.8
71	000111010011111100000110100000101001111111011100000110000000101010011011011010101010101001101000001101011000010010010101100000000000101100110000011000100001101110000101011010101000010110000000000010000001001101100111110101101011011100	1006420.8000000004	431.3
72	000000000000000000000000000000000000000000000000000000000000000000000000000000000000100000000000000000000000000000000000000000000100000000000000100000000000000000000000000000000000000000000000010000000000000000000000000000001000000000	45532.600000000006	22.200000000000003
73	011110111010100100010001001001010111011111111011011010111110101111000010110110001000101111111001000011011101001011100000101111001100111111111010111001010010110100101110010001110111100000011001111010111011011001101000010001111111010001	1282294.4	570.8999999999999
74	011001011000001000110001000111000011001000001001100111011001000001100000101110110101111011010000000100011111110000110101001111111001001110100010010011101010000000010001110011010000110101111100010000111011011001101110111101010110010110	1145584.2000000004	480.90000000000015
75	011000110100011010111000010100110111000110001101100011011000100100000001110011111101011100110101100100010110110011010011110110010011011100000011010111101001110010000100100011011101000111011001000100110111001011111100011110110110000011	1145436.2000000004	517.0000000000001
76	000000000000000000000000000000000000000000000001000000000000100000000000000000000000000000000000000000000000000000000000000000000000000000000000100000000000010000000000000000000000000000000000000000000100100000000010010000000000000010	73668.6	40.7
77	001000000000000000000000000000000000000000000000000000000000000000000000000000000000000000000000000000000000000100000000000000000000000000000000000000000000000000000000000000000000000000001000000100000000000000001000000000000000000000	42347.0	22.9
78	011000110001010111000111000111000100001101011001000011100011100101001111111111010000011100110111011110011100010000110110010010110000000100001100000001101000110011000000110011010101111110011110100100101011110000111001110000000011100110	1049181.8	484.19999999999993
79	101010110001111001001010001101101011000110010111110101111000010101110111100110100100101110000110010100000100101111001100111010010110110010011101110000111111111011110110011110110110111100001001011000100110011011011111000111100111101000	1389752.5999999999	571.2999999999997
80	000000000000000000000000000000000000000000000000001000010000000000000000000000000000000000000000000001000000000000000000000000000000000000000000000000000000000000000000000000000100000000000000000000001000000000000000000000000010000000	40336.6	26.5
81	000000000000000000010000000001000000010000001000001000000000000000000000000000000000000010000000000000000000000100000000000000000000000000000000000000000000000000000000000000000010000000000000000000000100000000000001000000000000000001	80528.79999999999	49.2
82	101000010011111101010010001101101100010110000110100011100011111100100101010000110001101101100110001110010000111101010101001010110001101010100000010100100100110100110110011111001010011110000010100000010101110011001000001100011110001011	1186712.2000000002	478.30000000000007
83	000000000000000000000000010000000000000001010000000000000000000000000010001000000000000000000000000000100000000000000000000000000000000000000000000000000100000000000000000000001000110000000000000010000000000000000010000000000000000000	93006.40000000001	54.7
84	000000000000000000000000100000000000000000000100000000001000000000000010100000000000000000000000000000000000001000000001110000000000000000000000000000000000000000000000000000000000000000000000000000010000000000110010000000000000000000	123015.8	58.1
85	000000000000000000000000000000000000000000100000000000000000000000000000000000000000000000000100000000000000000000000100000000000000000000000010000000000000000000000000000000000000000000000000000000000000000000000000000000000000000000	47072.6	17.5
86	101101110010100101000000001001001111011110100111000110001001100010100111100001100101110010111000111000101111010100100011111100010011101110010110101100111000100110110110101111000110011110101001111111010011111110110000111101011111011110	1350870.4000000004	570.4
87	010000100101000001000000000000010000000000100000001100000101000000010000000000000000100000000000000000000000000000000000010000000000000000000000000000000010000100000000000000110100000000001000000000000000001000000000100000000000000000	186287.0	98.30000000000001
88	001000011100001110001100100111101110110001101010000101001101010010100010010010101101000010001110011110111101011000101111111101101101011010101111110101000001011110010011110011100010101010110010100100111001011101011101011110001111100111	1349878.2000000007	555.0999999999997
89	010110101101011010100110101000011100010111110010001010100010001001010011101011100110100011111000100001110110010110000001001110101010000110000000100110101100010000100000010011001110010010001011010110101010100100001010010000101100011011	953669.8000000002	446.5
90	000100000000000000000000000000000000000000000000000000000000000000000000000001000000000000000000000000000000000000000000000000000000001000000000000000001000000000000000000000000000100000000000000000000000000000000000000000000000000000	51650.4	21.700000000000003
91	000000000000000000000000000000000000000000000000000000000001000000000000000000000000000000000000000000000000000000000000100000000000000000000000000000000000001001000000000000000000000000000000000000000001000000000000010000000010000000	62871.0	31.000000000000004
92	000000000000000000000001000000000000000000000100000000000000000000000000000000000000000000000000000000000000000000000000000000000000000000000000000000000000000000100000000000000000000000000000000000001000000000000000000000000000000000	37344.8	17.8
93	110101011110100111000101011000100010110010100011000101101000111111010011000011011111011001000010010011000001110100110111001110010000000011001100000001010100111000101010101110001011001001100010010100101001110000100011101110001001111010	1137801.1999999997	469.3999999999999
94	100010111000001011001100111110011110100010101100110010101101100100001100100001100100001011000110010111111100000110101011100000100011001101100010001001111010010011101100110100011110000011111001011000011100011100100001011000100010010110	1131254.4000000001	480.8000000000001
95	000000000000000000100000000000000000000000000000000000011000000000000000000000000000000000000000000000000000000000000000000000000000000000000000000000000000010100000000000000000000000000000000000000000000000000000001000000000000000000	61056.2	26.900000000000002
96	101001110101111110011110000100100010100001110110100000011010111010101010110001110000011000110101101000101110001000100011000001000001101001100010111111010111100100001000010111001011101100000010000111010000100000111011000110011101010000	1066969.0000000002	461.69999999999993
97	000000000000000000100001000000000000000000000000000000000000001000000000000000000000000000000000000000000000000000000000000000000000000000000000000000000000000000000000000000000000000000000000000000000000000000000000000000000000000000	24561.2	13.399999999999999
98	000000000000000000000000000000000000000000000100100000000000000000000100000000000000000000000000000000000000000000000000000000000000000000100000000000000000000000000000000000000000000000000000000000000000000000000000001000000000000000	39873.99999999999	22.400000000000002
99	001111001000000100100110101011000100011110110110110100001100100110111011100010010011010111101110101011001111101010001101111101111010010010000011110110010010011011000011111001001100001001010001110111010110100010110001010110100001011011	1237433.0	519.8
