SOLUCIONES FIN 

0	000100000000000000000000000000000000000000000000000000000000000000000000000000000000000000000000000000000000000000000000000000000001000000000000000000000000000000000000000000000000000000000000000000000000000000000000000000000000000000	28112.2	9.2
1	010000000100000000000000000000000000000000001000000000000000000000000000000000000000000000000010000000000000000000000000000000000000000000000000000000000000000000000000000000000000000000000000000000000000000000000000000000000000000000	42733.2	18.799999999999997
2	000000000000000000000000000000000100000000000000000000000000000000000000000000000000000000000000010000000000000000000000000000000000000000000000000000000000000000000000000000000000100000000000000000000000000000100000000000000000000000	39883.59999999999	18.2
3	000000000001000000000000000000000000010000000000000100000000000000000000000000000000000000000000000000000000000000000000000000000000000000000000000000000000000000000000000000000000100000000000000000000000000000000000000000000000000000	39875.2	18.0
4	000000000000000000000000000000100000000000000000000000000010000000000000000000000000000000000010000000000000000000000000000000000000000000000000000000000000000000000000000000000000000000000010000000000000000000000000000000000000000000	39564.6	18.599999999999998
5	000000000000000000000000000000000000000000000000000000000000000000000000000000000000000000000000000010000000000000000000000000000000000000000000000000000000000000000000000000010100000000100000000000000000000000000000000000000000000000	38766.0	17.700000000000003
6	000000000000000000000000000000000000000010000000000000000000000000000000000000000000000000000000000000000000000000000000000000000000000000000100000000000000000000000000000000000000001000000000000000000000000000000000000000000000000000	36727.8	13.5
7	000000000000000000000000000001000000000100000000000000000000000000000000000000000000000010000000000000000000000000000000000000000000000000000000000000000000000000000000000000000000001000000000000000000000000000000000000000000000000000	42726.8	16.7
8	000000000000000000000000010000000000000000000000000000000000000000000000000000000001000000000000000000000000000000000000000000000000000000000000000000000000000000000000000000010000000000000000000000000000000000000000000000001000000000	41130.600000000006	13.3
9	000000000000000000000000000000000000000000000000000000000000000000000000000000000000000000000000000000000000000000000000000000000000000000000000000000000000000000001000000000000000000000000000000000100000000000000000000000000000000000	40579.0	9.0
10	000000000000000000000000000000000000000000000000000000000000000000000000000000000000000000000000000000000000000000000000000000000000000000000000000000000000100000000000000000000000001000000000000010000000000000000000000000000000000100	40182.8	17.9
11	000000000000000000000000000000010000000100000000000000000000000000000000000000000000000000000000000000000000000000000000000000000000000000000000000010000000000000000000000000000000000000000000000000000000000000000000000000000000000000	39321.2	13.0
12	000001000000000000001000000000000000000000000000000000000000000001000000000000000000000000000000000000000000000000000000000000000000000000000000000000000000000000000000000000000000000000010000000000000000000000000000000000000000000000	42929.2	17.299999999999997
13	000000000000001100000000000000000000000000000000000000000000000000000000000000000000000000100000000000000000000000000000000000000000000000000000000000000000000000000000000000000000000010000000000000000000000000000000000000000000000000	37734.8	18.6
14	000000000000000000000000000000000000000000000000000100000000000000010000000000000000000000000000000000000000000000000000000000000000000010000000000000000000000000000000000000000000000000000000000000000000000000000000000000000000000000	41272.8	13.3
15	000100000000000000000000000000000000000000000000000000000000000000000001000000000000000000000000000000000000000000000000000000000000000000000000000000000000000000000000000000000000000000000000000000000001000000000000100000000000000000	40988.200000000004	17.6
16	000000000000000000000000000000000000100000000000000000000000000000000000000000000000000000000000000000000000000000000000000000000000000000010000000000000000000000000000000000000000000000000100000000000000000000000000000000000000000000	38514.0	13.1
17	000000000000000000000000000000000000000000000000000000000000000000000000000000000000000010000010000000000000000000001000000000000000000000000000000000000000000000000000000000000000000000000000000000000000000000000000000000000000000000	35295.2	12.0
18	000000000000000000000000000000000000000000000000000000000000000000000000000000000000000000000000000000000000000000000000000000000000000000000000000000000000000000000000000000000000000000000000000000000000000000000000000000000000000000	0.0	0.0
19	000000000000000000000000000000000000000000000000000000000000000000000010000000100000000000000000010000000000000000000000000000000000000000000000000000000000000000000000000000000000001000000000000000000000000000000000000000000000000000	42803.6	18.2
20	000000000000000000000001000000000000000000000000000000000000000000000000000000000000000000000000000000000000000000000000001000010000000000000000000000000000000000000000000000000000000000000000000000000000000000000000000000000000000000	42595.6	13.200000000000001
21	000000000100000000000000000000000000000000100000000000000000000000000000000000000000000000000000000000000000000000000000000000000000000000000000000000000000000000000000000000000000000000000000000000000000000000000000000010100000000000	40456.6	18.200000000000003
22	000000000000000000000000001000000000000000000000000000000000000000000000000000000000000000000000000000000000000000000000000000000000000000000000000000000000000000000000000000000000000000000000010000000100000000000000000000000000000100	40463.600000000006	18.1
23	000000001000000000000000100000000000000000000000000000000000000000000000000100000001000000000000000000000000000000000000000000000000000000000000000000000000000000000000000000000000000000000000000000000000000000000000000000000000000000	41109.6	13.600000000000001
24	000000000000000000000000000000010000100000000000000000000000000000000000000000000000000000000000000000000000000000000000000000000000000000000000000000000000000000000000000000000010000000000000000000000000000000000000000000000000000010	42169.4	17.8
25	000000000000000000000000000000000000000000000100000000000000000000000000000000000000000000000001000000000000000000000000000000000000000000000000000000000000000000000000000000000000000000000000000000000000100000001000000000000000000000	38746.2	18.1
26	000000000000000000000000000000000000000000000000000000000000000000000000000010000000000000010000000000000000000000000000000000000000000000000000000000000000000000000000000000001000000000000100000000000000000000000000000000000000000000	38838.8	18.7
27	000010000000000000000000001000000000000000000000000000000000000000000000100000000000000000000000000000000000000000000000000000000000000000000000000000000000000000000000000000000000000100000000000000000000000000000000000000000000000000	42841.0	18.5
28	000000000000000000000000010000000000000000000000000000000010000000000000000000000000000000000000000000000000000000000000000000000000000000000000000000000000000000000000000000000000000000000000000000000001000000000000000000000000000000	33245.6	13.299999999999999
29	000000000000000000000000000000000000000000000000000000000000000000000000000000000000000010000000000000010000000000000000000000000000000000000000000000000000000000000000000000000000000000000000001000000000000000000000000000000000000000	35711.8	11.8
30	000001000000000000000000000000000000000010100000000000000000000000000000000000000000000000000000000000000000000000000000000000000000000000000000000000000000000000000000000000000000000000000000000000000000001000000000000000000000000000	41333.799999999996	18.5
31	000000000000000000000000000000000000000000000000000000000000000000000000000000000000000000000000000000000000000000000000000000000000000000000000000000000000000000000000010000000000000000000000001000000000000000000000000000000000000000	40401.2	8.7
32	000000000000000000000000000000000000000000000000100000000000000000000000000000000000000000000000000000000000000000000000000000000000000000000000000000000000000000000000000000010010000000000000000000000000000000000000010000000000000000	37225.2	17.8
33	000000000000001000010000000000000000000000000000000000000000000000000000000000000000000000000000000000000000000000000000000000100000000000000000000000000000000000000000000000000000000000000000000000000000000000000000000000000000000000	36172.6	13.9
34	000000001000000000000000000000000000000000000000000000000000000000000000000000000000000000000000000000000000000000000000010000000000000000000000000000000000000000000000000000000100000000000000000000000000000000000000000000000000000000	35645.8	13.399999999999999
35	000000000000000000000000100000000000000000000000000000000000000000000000000001000000000000000000000000000000000000000000000000000000000000000000000000000000000000000000000000000000100000000000000100000000000000000000000000000000000000	35350.2	18.4
36	000000000010000000000000000000000000000000010000000000000000000000000000000000000000000100000000000000000000000000000000000000000000000000000000000000000000000000000000000000000000000000000000000010000000000000000000000000000000000000	40342.2	16.9
37	000000000000000000000000000000001000000100000000000000000000000010000000000000000000000000000000000000000000000000000000000000000000000000000000000000000000000000000000000000000000000000000000000000000000000000000000010000000000000000	41071.399999999994	17.8
38	000000000000000000000000000010000000000000000000000000000000000000000000000000000000000000000000000000000000000000000000000000000000000000000000000000100000000000000000000000000000000000000000000000000000000000000000000000000000000000	27687.2	8.600000000000001
39	000000000000000001000000000000000100000000000000000000000000000000000000000000000000000000000000000000000000000000000000000000000000000000000000000100000000000000000000000000000000000000000000000000000000000000000000000000000000000000	37474.799999999996	13.1
40	000000000000000000000000000000000000000000000000000000000000000000000000000000000000000000000000000000100000000000000000000001000000000000000000000000000000000000000000000000000000000000000000000000000000000000000000000000001000000000	39627.4	13.100000000000001
41	000000000000000000000000000000000000100000000000000000000000000000000000000000000000000001000000000000000000000000000000000000000000000000000000000001000000000000000000000000000000000000000000000000000000000000000000000000000000000000	39758.799999999996	12.5
42	000000000000000000000000000000000000000000000000000000000000000000000000000000000000000000000000000000000000000000000000000000000000000000000000001000000000000000000000000000000000000010000000000000000000100000000000000000000000000000	32823.4	13.0
43	000000000000000000000000000000000000000000000000000000000000000000000000000000000000000000000000000100000000000000000000000000000000000000000000000000010000000000000000000000000000000000000000000000000000000000000100000000000000000000	40821.4	13.2
44	000000000010000000000000000000000000000000000000000000000000000000000000000000000000000000000000000000000000000100000000000000000000000000000000000000000000000000000000000000000000000000000000010000000000000000000000000000000000000000	35117.6	12.2
45	000000000000000000000000000000000000000000000000000010000000000000000000000000000000000000000000000000000001000000000000000000000000000000000000000000000000000000000000000000000000000000000000000000000000000000010000000000000000000000	36408.4	13.5
46	000000000000000000000000000000000000000000000000000000000000000000000000000000000000000000000000000000000000000000000000000000000000000000000000000000000001000000000000000000000000000000000000001000000000000000000000000000000000000100	32436.4	13.1
47	000000000000000000100000001000000000000000000000000000000000000000000000000000000000000000000000000000000000000000000000000000000000000000000000000000000000000000000000000000000000000000001000000000000001000000000000000000000000000000	43025.2	17.9
48	000000000000000000000000000000000000000000000000000000000000000000000000000000000000000000000000000000000000000000000000000000000000000000000010000000000000000000000000000000000000000000000000010000000000000010000000000000000000000000	33988.399999999994	13.1
49	000000000000000000000000000100000000000000000000000000100000000000000000000000000000000000000010000000000000000000000000000000000000000000000000000000000000000000000000000000000000000000000000000000010000000000000000000000000000000000	40102.8	18.9
50	000000000000000000000000000000000000000000000000001000000000000000000001000000000001000000000000000000000000000000000000000000000000000000000000000000000000000000000000000000000000000000000000000000000000000000000000000100000000000000	38108.0	13.100000000000001
51	000000000000000000000000000000000000000000000000000000000010000000000000000000000000000000000000000000100001000000000000000000000000000000000000000000000000000000000000000000000000000000000000000000000000000000000000000000000000000000	42980.600000000006	13.7
52	000000000000000000000000000000000000000000000000000000000000100001000000000000000000000000000000000000000000000000000000000000000000000000000000000000000000000000000000000000000000000000000000000000000000000000000000000000000000000000	20299.800000000003	8.1
53	000000000000000000000000000000001000000000000000000000000000000000000000000000000000000000000000000000000000000000000000100000000000000000000000000000000000000000000000000000000000000000000000000000000000000000000000000000000000000010	37111.4	13.4
54	000000000000000000000000000000000000000000000001000000000000000000000000000000000000000000000000100000000000000000000000000000000000000000000000000000000000000000000000000000010000000000000000000000000000000000000010000000000000000000	41909.2	17.4
55	010000000000000000000000000000000000000000000000000000000000000000000000000000000000000000001000000000000000000000000000000000000000000000000000000000000100000000000000000000000000000000000000000000000000000000000000000000000000000000	41106.6	9.2
56	000000000000000000000000000000000000000000000000000000000000000000000000000000000000000000000000000000000000000000000000000000100000000000000000000000000000000000000000000001000000000000000000100000000000000000000000000000000000100000	42632.2	18.0
57	000100000000000000000000000000000000000000000100000000000000000000000000000000000000000000001000000000000000000000000000000000000000000000000000000000000000000000000000000000000000000000000000000000000000100000000000000000000000000000	42343.0	13.7
58	000000000000000000000000000000000000000000000000000000000000000000000000000000000001000000000000000000000000000000000000000000000000000000000000000000000000000000000000000000000001000000000000000010000000000000000000000000000000000010	40845.4	13.8
59	000000100000000000000000000000100000000000000000000000000000000000000000000000000000000000000000000000000000000000000000000000000000000000000000000000000000000000000000000000000000000000000000000000000000000000000000000001000100000000	40049.600000000006	18.4
60	000000000000000000000000000000001000000000000000100000000000000000000000000000000000000000000010000000000000000000000000000000000000000000000000000000000000000000000000000001000000000000000000000000000000000000000000000000000000000000	35652.0	18.6
61	000000000000000000000000000000000000000000000000000000000000000000000000000000000000000100000000000000000000000000000000000000000000000000000000000010000000000000000000000000000010000000000000000000000000000000000000000000000000000000	38347.8	11.6
62	000000000000000000000000000000000000000000000000000000010000000000000000000000000000000000000000000000000000000000000000000000000000000000000000000000100000000000000000000000000000000000000000000000000001000000000000000000000000000000	39490.4	12.299999999999999
63	000000000010000000000000000000000000000000000000000000000000000000000000000000000000000010000000000000000000000000000000010000000000000000000000000000000000000000000000000000000000000000000000000000000000000000000000000000000000000000	36312.6	11.8
64	000010000000000000010000000000000000000000000000000000000000000000000000000000000000010000000000000000000000000000000000000000000000000000000000000000000000000000000000000000000000000000000000000000000000000000000000000000000100000000	40863.2	18.6
65	000000000000000000000000000000000000000000000010010000000000000000000000000000000000000000000000000000000000000000000000000000000000000000000000000000000000000000000000000000000001000000000000000000000000000000000000000000000001000000	42458.8	18.0
66	000000000000000000000000000000010000000000000000000000000000000000000000000000000100000000000001000000000000000000000000000000000000000000000000000000000000000000000000000000000000000000000000000000000000000000000000000000000000000000	31012.800000000003	13.5
67	000000000000000010000000000000000000000000100000000000000000000000000000000000000000100000000000000000000000000000000000000000000000000000000000000000000000000000000000000000000000000000000010000000000000000000000000000000000000000000	41558.8	18.6
68	000000000000000000000000000000000000000000000000000000000000000000000000000000000000000000000000000000000000100000000000000000000000000000000000000000000000000000000000000000000000000100000000000000000000000000000000000000000000000000	34177.0	8.7
69	000000000000000001000000100000000000000000000000000000000000000000000000000010000000000000000000000000000000000000000000000000000000000000000000000000000000000000000000000000000000000000000000000000000000000000000100000000000000000000	37902.399999999994	19.0
70	000000001000000000000000000000000000000000000000000000000000000000000000000000000000000000000000000000000000000010000000000000000000000000000000000000000000000000000000000000000000000100000000000000000000000000000000000000000000001000	43049.6	17.9
71	000000000000000000000000000000000010000000000000000000000000000000000000000000000000000000000000000000000000000000000000000000000000000000000000000000000000000000100000000000000000000100000000000000000000000000000000000000000000000000	37206.0	13.2
72	000000000000000000000000000000000000000000000000000000000000000001000000000000000000000000000000000000000000000000000000000000000000000000000000000000000000000000000000000000001100000000001000000000000000000000000000000000000000000000	36743.399999999994	17.4
73	000000000000000000000000000000000000000000000000000000000000000000000000000000000000000000000000000000000000000000000000000000000000000000000000000000010000000000000000000000000000000000000000010000000000000000000100000010000000000000	42192.200000000004	18.2
74	000000000000000000000000000000000000000000000000000000000000000000000000000000000000000000000000000000000000000000000000000000100100000000000000000000000000000000000000000000000000000000000000000000000000000000000000000000000000000000	31883.199999999997	8.7
75	100000000000000000000000000000000000000000000000000000000000000000000000000000000000000000000100000000000000000000000000000000000000000000000000001000000000000000000000000000000000000000000000000000000000000000000000000000000000000000	39485.8	13.1
76	000000000000000000000000000000000000000000000000000000000000000000000000000000000000000000000000000000000000000000000000000000000000000000000000000000000001000000000000000000000000000000000000000000000000000000000000000000000000000000	15611.0	4.3
77	000000000000000000000000000000000000000000100000000000000000000000001000000000000000000000000000000010000000000000000000000000000000000000000000000000000000000000000000000000000000000000000000000000100000000000000000000000000000000000	41890.0	17.9
78	000000000000000000000000000000000000000000000000000000000000000000000000000000000000000000000000000000000000000000000000000000000000000000000000000000000000000000000010000000000000000000000000000000000000000000000000000000000000000000	34814.8	4.3
79	000000000000000000000000000000000000000000000000000000000000000000000000000000000000000000000000000000000000000000000100000000000000000000000000000000000000000000000000000000000100000000000000000000000000000000000010000000000000000000	37469.0	12.8
80	000000000000000000000000100000000001000000000000000000000000000000000000000000000000000000000000000000000000000000000000000000000000000000000000000000000000000000000000000000000000000010000010000000100000000000000000000000000000000000	42244.8	22.9
81	000000000000000000000000000000000000000110000000000000000000000000001000000000000000000000000000000000000000000000000000000000000000000000000000000000000000000000000000000000001000000000000000000000000000000000000000000000000000000000	41367.0	18.4
82	000000000000000000000000000000000000000000000000000000000000000000001000000000000000000000000000000000000000000000000000000000000000000000000000000000000010000000000000000000000000000000000000000001000000000000000000000000000000000000	36549.8	13.3
83	000000000000000000000000110000000000000101000000000000000000000000000000000000000000000000000000000000000000000000000000000000000000000000000000000000000000000000000000000000000000000000000000000000000000000000000000000000000000000000	41405.2	18.4
84	000000000000000000000000000000000000000000000000000000000000000000000000000000000000000000000000000000000000000000000000000000000000000000000000000000000010010000000000000000000000000000000000000000000000000000010000000000000000000000	41914.2	12.799999999999999
85	000000001010000100000000000010000000000000000000000000000000000000000000000000000000000000000000000000000000000000000000000000000000000000000000000000000000000000000000000000000000000000000000000000000000000000000000000000000000000000	39728.4	18.0
86	000000000000000000000000000000000000000000000000000000000000000000000000000000000000000000000000000000000000000100000000000000000000000000000000000000000000000000000000000000000000000000000001000000000000000000000010000000000000000000	38118.399999999994	12.0
87	000000000000000000000000000000010000000000000000000000000000000000000000000000000000000000000000000000010000000000000000000000000000000000000000000000000000000000000000000000000000000000000000000000000000000000000000000000000100001000	41455.4	18.1
88	000000000000000000000000000000000000100000000000000000000000000000000000000000000000000000000000000000000000000000000000000100000000000000000000000000000000000000000000000000000000000000000000000000000000000000000000000000000000100000	38462.0	13.1
89	000000001000100100000000000000000000000000000000000000000000000000000000000000010000000000000000000000000000000000000000000000000000000000000000000000000000000000000000000000000000000000000000000000000000000000000000000000000000000000	42341.200000000004	18.5
90	000000000000000000000000000000000000000000000000000000000000000000000000000000000000000000000000000000000000000000000100000000000000000000000000000000000000000100000000000000000000000000000000000000000000000000000000000000000000000000	37165.4	7.9
91	000000000000000000000000000000000000000000000000000000010000000000000000000000000000000000000000000100000000000000000000000000000000000000000000000000000000000000000000000000000000000000000000000000000000000000000000000000100000000000	37358.8	12.3
92	000000000000000000000000000000000010000000000000000000000000000000000000000000000000000000000000000000000000000000001000000000000000000000000000000000000000000000000000000000000000000000000000000000000000000000000000000000100000000000	35164.4	13.200000000000001
93	000000000000000000000000000000000000000000000000000000000000000100000010000000000000000000000000000000000000000000000000000000000000000000000000001000000000000000000000000000000000000000000000000000000000000000000000000000000000000000	40513.4	12.9
94	000000000000000000000000000000000000000000000000000000000000000000000000000000000000000000000000010000000000000000000000000000000000000000000000000000000000000001010000000000000000000000000000000000000000000000000000000000000000000000	40883.2	13.5
95	000000000000000000000000000000000000000000000000000000000000000000000000000000000000000100000100000000000000000000000000000000000000000000000000010000000000000000000000000000000000000000000000000000000000000000000000000000000000000000	37446.200000000004	11.899999999999999
96	000000000000000000000000000000000000000000000000000000000000000001000000000000000000000000000000100000000000000000000000000000000000000000000000000000000000000000000000000000000000010000000010000000000000000000000000000000000000000000	36223.6	17.3
97	001100010000000000000000000000000000000000000000000000000000000000000000000100000000000000000000000000000000000000000000000000000000000000000000000000000000000000000000000000000000000000000000000000000000000000000000000000000000000000	42166.8	18.5
98	000000000000000000000000000000000000000010000000000000000000000000000000000000000000000000000000000000000000000000000000000000000000010000000000000000000000000000000000000000000000001000000000000000000000000000000000000100000000000000	42897.40000000001	17.2
99	000000000000000010000000001000000000000000000000000000000000000000000000010000000000000000000000000000000000000000000000000000000000000000000000000000000000000000000000000000000000000000100000000000000000000000000000000000000000000000	41230.0	18.6
