SOLUCIONES FIN 

0	00000000000000000000000000000000000000000100000000000000000000000000000000100000000000000010000000000000000000000000000000000100000000000000000000000000000000000000000000000000000000000000000000000000000000000000000000000000000000000000	40329.2	17.099999999999998
1	00000000000000000000000000000000000000000000000000000000000100000000000000100100000000000000000000000000000000000000000000000000000000000000000000000000000000000000000000000000000000000000100000000010000000001000100000000000000000000000	43100.0	32.0
2	00000000000100000000000000100001000001010000000000000000000000000000000000000000000000000000000000000000000000000000000000000000000000000000000000000000000000000000000000000000000000000000000000100000000000000000000000000000000000000000	39982.2	27.8
3	00010000000000000000000000000000000001000000000000000000001000000000000000000000000000000000000000000000000000000000000000000000000000001000000000000000000000000000000000000000000000000000000000000000000000000000000000000000000000100000	41876.2	21.6
4	00000000000000000000000000000000000000000001000000000000000000000000000000000000000000000000000000000000000000000000000000000000000000000000000000000000000000000000000000000000000000000000000000000000100000000000000000000000000000000000	14844.8	8.9
5	00000000000000000000000000000000001000000000000000000000000000000000000000000000000000001000000000000000010000000000000000000000000000000000000000000000000000000000000000000000000000000000010000000000000000000000100000000000000000000000	38514.0	22.4
6	10000001000000000000000000100000000000000000000000000000000000000000000000000000000000000000000000000000000000000000000000000000000000000000000000000000000000000000000000000000000000000100000000110000000000000000000001000000000000000000	41907.2	32.2
7	00000000000000000000000000000000000000000000000000000000000000000010000000000000000000000000000000000000000000000000000000000001000000000000000000000000010000000000000000000000000000000000000000000000001000000000000000000000000000000000	41766.200000000004	17.2
8	00000000000000000000000000000000000000000000000000000000000000000000000000000000000000000000000000000000000000000000000000010000000000000000001000000000000000000000000000000000000000000000000000001000000000000000000000000000001000000000	40204.6	17.299999999999997
9	00000000000000000000000000000000000000000000000001000000000000000000000000000000010000000000000000000000000000000000000000000000000000000000000000000000000100000000000000000000000001000000000000000000000000000000000000000000000000000000	42952.4	17.3
10	00000000000001000000000000000000000000000000000000000000000000000000000000000000000000000000000000000000000000010000010000000000000000000000000000000000000000000000000000000000000000000000000000000000000000000000000000000000000000000000	37349.2	12.3
11	00000000000000000000000100000001000000000010000000000100000000000000000000000001000000000000000000000000000000000000000000000000000000000000000000000000000000000000000000000000000000000000000100000000000000000000000000000000000000000000	42496.0	27.3
12	00000000001000000000000000000000001100000000000000000000000000000000000000000000000000000000000000100000000000000000000000000000000000000000000000000000000000000000000000000000000000000000000000000000000000000010000000000000000000000000	38395.2	22.4
13	00000000000000000000000000000000000000000000000000000000000000000000000000000100000000000000010000000000000000000000000000000000000000000000000000000000000000000000000000000001000000000001100000000100000000100000000000000000000000000000	41721.4	32.2
14	00000000000000000000000000000000000000000000000000000000000000010000000001000000000000000000000000000000000000000000000000000000000000000000000000000000000000000000000000000000000000000000000000000000101000000000000000000000000100000000	34863.4	22.1
15	00000000000000000000000000000100000000000000000000000000000000000000000000000000000010000000000000000000000000000000000000000000000100000000000000000000000000000000000000000000000000000000000000000010100000000000000000000000000000000000	40481.399999999994	22.9
16	00000000000000000000010000000000000000000000000000000001000000000000001000000000000000000000010000000000000000000000000000000000000000000000000000000000000000000000000000000001000000000000000000000000000000000000000001000000000000000000	41562.2	27.599999999999998
17	00000000000000000000000000000000000001000000000000000000001000000000000000000000000000010000000000000000000000000000000000010000000000000000000000000000000000000000000000000000000000000100000000000000000000000000000000000000000000000000	41729.6	19.8
18	00000000000000000000000000100000000000010000000000000000000000000000000000000000000000000000000000000000000000000000000000000000000000000000000001000000000000000000000000000000000000000000010000000000000000000000000010000000000000000000	40110.6	22.800000000000004
19	00000000000000000000000000000000010000000000000010000010000000000000000000000000000000001000000000000000000000000000000000000000000000000000000000000000000000000000000000000000000000000000000000000000010000000000000000000000000000000000	42244.8	21.7
20	00000000000000000000000000000000000000000000000000000000100000000000000000000000000000000000100000000000000000001000000000000000000000000000000000000000000000000000000000000000000001000000000000000000000000000000000000000000000000000000	42097.6	17.5
21	00000000000000000000000000000000000000000000000000000000000000000000000000000000000000000000001000100000000000000000000000000000000000000000000001000000000000000000000000000000000100000000000000000000000000000000000000000000100000000000	37823.4	22.700000000000003
22	00000000000000000000000000000000000000000000000000000000000000000100000000000000000000000000000000000000000000000000000000000000000000001001000000000000000000000000000000000000000000000000000000000000000000000000000000000000000000000000	33713.6	12.2
23	00000100000001000000000000100000000000000000000000000000000000001000000000000000000000000000000000000000000000000000000000000000000000000000000000000000000000000000000000000000000000000000000000001000010000000000000000000000000000000000	40720.00000000001	26.9
24	00000010000000000000010000000000000000000000000000000000000010000000000000000000000000000000000000000000000000000000000000000000000000000000000000000000000000000000000000000000000000000000000000000000001001000000000000000000000000000000	36788.8	22.200000000000003
25	00000000100000000000000000000000000000000000000000000000000010001000000000000010000000000000000000000000000000000000000000000000000000000000000000000000000000000000000000000000000000000000000000000000100000010000000000000000000000000000	40524.2	26.799999999999997
26	00000000000000000000000000000000000000000000000000000000000000000000001000000000000000000000000000000000000000000000000000000000000000000000000000000000000000000000000000000000000000000000000000000000000000000000010000000000000000000000	14375.8	8.2
27	00000000000000000000000010000000000000000000000000000000000000100000010000000000000000000000000000000000000000000000000000000000000000000000000000000000000000000000000000000001000000000000000000000000000000000000000000100000000010000000	43033.799999999996	26.8
28	00000000000000000000000000000000000010000000000000000000000000000000000000100000000000000000000000000000000000000000000000000000000000000000000000000000000010000000000000000000000000000000000000000000000000000000000000000000001000000000	36963.4	17.0
29	00000000000000000000000000000000000000000000000000000000000000000000000000000000000000000000000000000000000000000100000000000000000000000000000000000000000000100000000000000000010000000000000000000000000000000000000000000000000000000000	40528.4	12.8
30	00000000000000000000000000001000000000000000000000000000000000000000000000000000000000000000100000000000000000000000000000000000000000000000000000000000000000000000000000000000000100000000000000000000000000001100000100000000000000000000	38240.0	26.5
31	00000000000000000000000000000010000000000000000000000000000000010000000000100000000000000000000000000000000000000000000000000000000000000000000000000000000000000000100000000000000000000000000000000000000000000000000000000000000000000000	36596.4	17.5
32	00000000000000000000000000000101000000000000000000000000000000000000000000000000000000000000000000100000000000000000000000000000000000000000000000000000000000000000000000000001000000000000000000000000000000000010000000000000100000000000	40351.2	27.4
33	00000000000000000000000000000000000000000000000000000000010000000000000000000000000000000000000000000000000000000000000000000000000001000000000000000000000000000000000000000001010000000000000000000000000000000000000000000000000000001000	40602.00000000001	22.700000000000003
34	00000000000000000000000000000000000000000000010000000000000000000000000000000000000000000000000000000000000000000000000000000000000000000000000000000100000000000000000000000000000000000000000000000000000000000000000000000000000010000001	37936.0	17.0
35	00000000110000000000000000000000000000000000000000000000000001000000000010000010000000000000000000000000000000000000000000000000000000000000000000000000000000000000000000000000000000000100000000000000000000000000000000000000000000000000	41610.4	27.1
36	00000000000000000000000000000000000000000000000000000000000000000000000000000000000000000000000000000000000010000000000000000000000000000000000000000000000000100000000000000000000000000000000000000000000000000000000000000000000000000000	31876.199999999997	8.6
37	00001000000000000000000000000000000000000000000000000000000000000000000001000000000000000000000000000000000000000000000000000000000000000000000000000000000000000000000000000000000100000000000000000000000010000010000000000000000000000000	33001.799999999996	22.4
38	00000000000000000000000000000000000000000000000000010000000000000000000000000000000000000000000000001000000000000000000000000000000000000000000000000000000000000000000000000000000100000000000000001000010000000000001000000000000000000000	39290.0	26.5
39	00010000000000001000000000000000000001000000000000000000000000000000000000000000000000000000000000000000000000000000000000000000000000000000000000000000000000000000000000000000000001010000000000010000000000000000000000000000000000000000	42369.6	27.1
40	00000000000000000000100000000000000001001000000000000000000000000000000000000010000000000000000000000000001000000000000000000000000000000000000000000000000000000000000000000000000000000000000000000000000000000000000000000000000000000000	40276.2	22.8
41	00000000000000000000000000000000000000000000000000000000000000000000000000000000000000000000000000000000000000000000000000000000000010000000000000000000000000000000000000000000000000000000000000000000000000000000000000000000000000000000	13728.8	4.3
42	00000000000000000000000000000000000000100000000000000000000000000010000001000000001000000000000000000000000000000000000000000000000000000000000000000000100000000000000000000000000000000000000000000000000000000000000000000000000000000000	41993.6	18.2
43	00010000000000000000001000000000000000000000000000000000000000100000000000000000000000000000001000000000000000000000000000000000000000000000000000000000000000000000000000000000000000000000000000000000000000000000000000000000010000000000	37241.200000000004	23.2
44	00000000000000000000000000000000000000000000000000000000000000000000000000000000000000000000000000000000000000000000000000000000000000000100000000000000000000100000000000000000000000000000000000000000000000000000000000000100000000000000	37382.2	12.2
45	00000000000000100000000000000000000000000000000000000000000000000000000000000000000000000000000000000000000000000000000000000000000000000000000000000000000000000000000000000000000000000000000000000000001000000000000000000000000000000000	15119.2	8.8
46	00000000000000000000000000000001000000000000000100000011000000000000000000001000000000000000000000000000000000000000000000000000000000000000000000000000000000000000000000000000000000000000000000000000000000000000000000000000000000000000	39918.0	22.1
47	00000000000000100000000000000100000000000000000000000100000000010000000000000000000000000000000000000000000000000000000000000000000000000000000000000000000000000000000000000000000000000001000000000000000000000000000000000000000001000000	42588.399999999994	27.599999999999998
48	00000100000000000000000000000010000000000000000000000000000000000000001000000000010000000000000000000000000000000000000000000000000000000000000000000000000000000000000000000000000000000000000000000000000000000000000010000000000010000000	43130.4	27.000000000000004
49	00000000000000000000000000000000000001000000001000000000000000000000000000000000000000000000010000000000000000000000000000000000000000000000000000000000000000000000000000000000000000000010000000000000000000000000000000100000000001000000	41697.0	27.1
50	00000000000000000000000000000010000000000000000000000000000000000000001000000000000000000000000000000000000000000000000000000000000000000000000000000000000000000000000000000000000000000100000000000001000000000000000000000000000100000000	35144.2	21.8
51	00000000000000000000000000000000000000000010100000000000000000000000000000000000000000000000000001000000000000000000000000000000000000000000000000000000000000000000000000000000000000000001000000000000000000000000000000000000001000000100	42989.399999999994	22.299999999999997
52	01000000000000000000000000000000000000000000000000000000000010000000000000010000000001000000000000000000000000000000000000000000000000000000000000000000000000000000000000000000000000000000000000000000000000100000000000000000000100000000	41560.799999999996	27.6
53	00000001000000000000000000000000000000000000000000000000000000000000000000000000000000000000000001000000000000000000000000000000000000000000000000000000100000000000000000000000000000000000000000000000000000000010000000000000000100000000	41341.799999999996	17.599999999999998
54	01000000000000000000000000000000000000000000000000000100000010000000000000001000000000010000000000000000000000000000000000000000000000000000000000000000000000000000000000000000000000000000100000000000000000000000000000000000000000000000	42424.8	25.799999999999997
55	00000000000000000000000000000100000000000000000000000000000000000000000000000000000000000000000000000000000000000000000000000000000000000100000000000000100000000000000000000000000000000000000000000100000000000000000000000000000000000000	41860.0	17.5
56	00000000000000000000000000000000000000000000000000000000000000001000000000000000000000000000000000000000000000000000000000000000000000000000000000000000000000000001000000000000000000000000000000000000000000000000000000000000000100000000	29041.799999999996	12.7
57	00000000000000000000000000010000000000000000000000000000000000000000000000010000010000000100000000000000000000000000000000000000000000000000000000000000000000000000000000000000001000000000000000000000000000000000000000000000000000010000	42342.0	28.099999999999998
58	00000000000100000000000000100000000000000000000000000000000000000000000000000000000000000000000000000000000000000000000000000000000000000000000000000000000000000000000000000000010100000000000000000010000000000000000000000001000000000000	38682.8	27.3
59	00000000000000000000000000000000000000000010000000100000000000000000000000000000000000000000000000000000000000000000000000000000000000000000000000000000000000000001000000000000000000000000000000000000000000000000000000000000001010000000	42386.4	22.000000000000004
60	00000000000000000000000000000001000000000000000000000000000000000000000000000000000000000000000000000000000000000000010000000000000000000000000000000000000000000000000000000000000000000000000000000000000000000000001000000000100100000000	37007.799999999996	21.3
61	00000000000000000000000000000000000000000000000000000000000000000000000000000000000000000000000000000000000000000000000000000000000000000000000000000000000000000000000000000010000000000000000000000000000000000000000000000000000000000000	31839.6	4.3
62	00000000000000000000000000100000000001000000000000000000000000000000000000000000000000000000000000000001000000000000000000000000000000000000000000000000000000000000000000000000000000000100000000000000001000000000000000000000000000000000	36606.4	22.1
63	00000000000000000000000000000000000000000000000000000000000000000000000000000000000000000000000000000000000000000000000000000000000000000000000000000000000000000000000000000010000000000000010000000000000000000000000000000000000000000000	38221.4	8.8
64	10000000000000000000000000000100000000000000000000000000000000000000001000000000000000000000100000000000000000000000000000000000000000000000000000000000000000000000000000000000000000000000000000000000001000000000000000000000000000000010	41542.8	26.699999999999996
65	00000000000000000000000000000000010000000000000001000000000000000000000000100000000000000000000000000000000000000000000000000000000000000000000000000000000000000000000000000000000000000000000000100000000000000010000000000000000000000000	42870.799999999996	21.6
66	00000000000000000000000000000000000000000000000000000000000000000000000000010000000000000000000000000000000000000000000000100000000000000000000000000000001000000000000000000000000000000000000000000000000000000000000000000000000000000000	36828.6	13.3
67	00000000000000000001000000000000000000000000100000010100000000000000100000000000000000000000000000000000000000000000000000000000000000000000000000000000000000000000000000000000000000000000000000000000000000000000000000000000000000000010	42724.399999999994	27.6
68	10100000000000000000000000000000000010000000000000001000000000000000000000000000000000000000100000000000000000000000000000000000000000000000000000000000000000000000000000000000000000000000000000000000000000000000000000000000000000000000	41693.6	22.900000000000002
69	00000000000000000000000000000000000000000000000000000000000000000000000000000000000000000000000000000000000000000000000000000000000000000000000000000000000000000000000010000000100000000000000000000000000000000000000000000000000000000000	42517.8	8.8
70	00000000000000000000000000000000000000000000000000000000000000000000000000000000000000000000000000000000000000001000001000000000000000000000000000001000000000000000000000000000000000000000000000000000000000000000000000000000000000000000	41875.2	12.799999999999999
71	00000000000000000000000000000000000000000000000000000000000000001000000000000000000000000000000000000000000000000100000000000010000000000000000000000000000000000000000000000000000000000000000000000000000000000000000000000000000000000000	40035.8	13.1
72	00000000000000000000000100000000000010000000000000000000000000000000000000000000000000000000000000000000000000000000000000000000000000000000000000100000000000000000000000000000000000000000000000000000000000001000000000000000000000000000	36629.200000000004	17.9
73	00000000000000000000000000000000000000000000000000000100000000000000000000000000000000000000000000000000000000000000000000000000000000010000000000000000000000000000000000000000000000000000000000000000000000000000000010000001010000000000	42749.0	21.999999999999996
74	00000000000000000000000010000000000000000000000000000000000000000000000000000000000000000001000000000000000000000000001000000000000000000000000000001000000000000000000000000000000000000000000000000000000000000000000000000000000000000000	42358.799999999996	13.299999999999999
75	00000000000000000000000000000000000000000000000000000000000000000000000000000000000000000000000000000000000000000000000000000000000000000000000000000000000000000000000000001000000000000000000000000000000000000000000000000000000000000000	35797.2	4.5
76	00000000000000000000000000000000000000000000000000000000000000000000000000000000000000000000000000000000000000000000000000001000000000000010000000000000000000000000000000000001000000000010000000000000000000000000000000000000000000000000	39469.00000000001	17.5
77	00000000000000000000000000000000000000000000000000001000000000000000000000000000000000000000000000000000000000000000000000000000000000000100000000000000000000000000000000000000000000000000000000000000000000100000000000000000001010000000	41480.0	21.7
78	00000000000000000100000000000000000000000000000000000000000000000000000000000000000000000000000000000000000100000000000000000000000000000000000000000000000000000100000000000000000000000000010000000000000000000000000000000000000000000000	41611.4	17.6
79	00000000000100000000000000000000000000000000000000000000000100000000001000000000000000000000000000000000000000000000000000000000000000000000000000000000000000000000000000000000000000000000000010010000000000000000000000000000000001000000	39028.59999999999	27.400000000000002
80	00010000000100000000000000000000000000000000000000000000000001000000000000000000000000000000000001000000000000000000000000000000000000000000000000000000000000000000000000000000000000000000000000000000000000000000000010000000000000000000	38468.8	18.299999999999997
81	00000000000000000000000000010000000000000000000000000000010000000000000000000000000000000000000000000000000000000000000000000000001000000000000000000000000000000000000000000000000000000000000000000000010000000000000000000000000000100000	41314.6	23.0
82	00000000000000000000000000000000000000000100000000000000000000000000000000000000000000000000000000000000000000000000000000000000000000000000000000000000000000000000100000000000010000000000010000000000010000000000000000000000000000000000	43066.4	22.099999999999998
83	00000000000000000000000000000000000000000000000000000001000010000100000000000000000000000000000000000000000000000000000000000000000000000000000000000000000000000000000000000000000000000000000000000000000100000000000100000000010000000000	41304.6	26.3
84	00000000000000000000000000000000000000000000000000000000000000000100000000000000000000000000000000100000000000000000000000000000000000000000000010000000000000000000000000000000000000000000000000000000000000000000000000000000000000000000	27248.0	12.3
85	00000000000000010000000000000000001000000000000010000000000000000000000000000000000000000000000000000000000000000000000000000000000000000000000000000000000000000000000000000000000000000000010000000000000000000000001000000000100000000000	40097.200000000004	26.700000000000003
86	00000000000000000000000000000000000000000000000000000000000000000000000000001000000000000000000000000000000010000000000000000000000000000001000000000000000000000000000000000000000000000000000000000000000000000000000000000000000000100000	39956.4	18.299999999999997
87	00000000000000000000000000000100000000100000000000000000000000000000000000000000000000000000000000000000000000000000000000000000000000000000000000001000000000000000100000000000000000000000000000000000000000000000000000000000000000000000	42102.4	17.4
88	01000000000000000000000010000000000010000000000000000000000000000000000000000000000000000001000000000000000000000000000000000000000000000000000000000000000000000000000000000000000000000000000000000000000000000000000000000000000000000000	33239.0	13.899999999999999
89	00000000000000000000100000000000000000000000000000000000000000000000000000000001000000000000000000000000000000000000000000000000000000000000000000100000000000000000000000000000000000000000000000010000000000000000000000000000000100000000	43102.6	21.599999999999998
90	00000000000000000000000000000000000000000000000000000010000000001000000000000000000000000000000000000000000000000000000000000000000000000000000000000000000000000100000000000000000000000000000000000000000000000000000000000000000000000000	30099.6	12.700000000000001
91	00010000000000000000000000000000000000000000000000000000000000000000000000000000000000000000000000000000000000000000000000000000000000000000000000000010000000000000000000000000000000000000000000000000000000000000000000000000000000000000	30731.4	9.3
92	00000000000000000000000000000000000000000000000000000000000000010001000000000000000010000000000001000000000000000000000000000000000000000000000000000000000000000000000000000000001000000000000000000000000000000000000000000000001000000000	40224.2	22.799999999999997
93	00000000000000010000000000000000000000000000000000000000000000000000000000000000000000000000000000100000000000000000000000000000000000000000000000000000000000000001000000000000000000000000000000000000100001000000000000000000000000000000	41484.8	21.6
94	00001000000000000000000000000000000000000000000000000000000000000000000000000000001000000000000000000000000000000000000000000001000000000000000000010000000000000000000000000000000000000000000000000000000000000000000000000000000000000000	42141.6	12.999999999999998
95	00000000000000000000010000000000000000000000000000000000001000000000000000000000000000000000000000000000000010000000000000000000000000000000000000000000000000000000000000000000000000000000000000000000000001000000000000000000000000000000	39376.2	17.299999999999997
96	00000000000000000000000000000000000000000000000000000000000100000000000000100000000000000000000001000000000000000000000000000000000000000000000000000000000100000000000000000000000000000000000000000000000000000000000000000000000000000000	35490.4	12.700000000000001
97	00000000000000000100000000000000000000000000000000000000000000010000000000000000000000000000000000000000000000000000000000010000000000000000000000000000000000000000000000000000000000000000000000000000000000100001000000000000000000000000	41128.8	22.1
98	00000000000010000000100000000000001000000000000000000000000000000000000000000000000000000000000000000000000000000000000000000000000000000000000000000000000000000000000000000000001000010000000010000000000000000000000000000000000000000000	36703.799999999996	27.3
99	00000000000000000000000000000000000100000000000000000000000000000000000000000000000000000000000000000000000000000000010000000000000000000000001000000000000000000000000000000000000100000000000000000000000000000000000000000000000000000000	38764.2	16.7
