SOLUCIONES INICIO 

0	1101001100111000100111101010101010110111000111100010001110001001000001111011101111101010001011011010110100000100010011110101011101101111001000010101110100011010011101101110010100110000000010110001110000010001111010001011000010010101110	1243461.7999999998	514.4999999999999
1	0110111001011001010101110001011111001011011000001110100010011110110011011001001101101010011100111110111100000101000101101001111001110101010000001011100111110101010001110000101001000001000111001011010100111110001011110000111010000111111	1212241.2	529.6000000000001
2	0100011000101101110010100011010000100000010011010010100100000111111001111000111101101000101000100001000101000010000010011001010010100011100001001101111000011100001100001100110110100001001101001100010110011010111100000001110110000110000	983893.3999999998	436.3
3	1001100001010100110001010101000101000010011011010111110111111011001011101110011110110101110010011111000100100110100111010001010111111110110111000111010111010000011110001010110000111111101000000001111110101100001010111000001111010101111	1320268.4000000001	556.3000000000002
4	1001100111110111011111110001011010110011111101001101010000100001001011111000101001000011111111101101001100101110111100110111001111111010011000110000110101110100011001110101111000010100110011111111011111011011111011111000111010100011101	1437913.2	611.3999999999999
5	1101111011101011000100010010100110101010100011000010000001111111000001000111011111010010001100111100111001011011010101110010101101110011110100100000110001101101111010001001000011010010001010111110011110011101010101111101010010110100011	1192377.3999999997	527.5999999999997
6	0000110111101101100011001010111001001101111110100011000110110001111010100101101011011011001000001101001000010111011000001100001100101000100000010110111101100010101011000111100111101011011011000100001001010011110110110011111001000000011	1176839.8	504.20000000000005
7	0100110110110000111000110010010111111001000010001111001100100010001101010001000001110100001001100010010111111110110010101101010000110110100101000101111000101101010100101110010010000111111100110110111010101100010111100100010011011100000	1208960.2	500.1999999999998
8	0001101001111101101111011010100100010101000001010011100100110000110010000111111101110010001011110101010100101011100101000100110111001110001110110010000000000110011101010111100010111011011010011001111010001001110100110111100010110100111	1212849.7999999996	524.0999999999998
9	1100010110000000110111100000111011000100000001101000100111111100111001001111110110011010101111011010110100000010101101100010100010001110100100001100100010011000111001010010101100001100010111001001100010011101100011100101000111100111100	1087588.8	485.00000000000006
10	0000000110010001010010011001010110011100000001011110110001110001010111001100101110100111010111010001010111001101110110110110011101100100010101101101110011110101100010001010101010111110000010010110100111110001011101100000100100011101000	1199964.8000000003	508.39999999999986
11	1001110100011111100001011001111011110110010101011110100111101011011010100001011111001011011010001111111101111100011100000011000001001100011011001101111011000010011101001111001000111011110001111100000110011011101101000001101010001111011	1318616.8	571.6999999999998
12	1001111111001000011111111100111100010110010001111000010111110001000001100101111010110100011101101111110100100011010010101101111110100011110001001010110100110000001110111000010101101001010000111011111000111110101100100000001110100001000	1238175.1999999995	528.6000000000003
13	1011011000111110001001011111101011010101101010110000001100000010111110001011110001111001011000101111000000010110101110101001101000011000110100011101111110010001010101100110010101011010011010101110100010000100001000100010011110010100000	1183274.8	491.2999999999999
14	0100101110000001001110111001110110011101110101111011110010110110011101110010111111001010000111011000010011111110100010110000011000001110010111011110110110011111010001100010010000101111000011001110000100111010101000000110100111100000110	1264411.2	537.4
15	1101100001100101010111101010110000001011001101010011000000010101101101110110101111111110100111100110101000110100100001010001111110000000110001000110011100101001100101011111000011010100011011000011111011000100001110000001111000101100100	1167246.4	493.09999999999997
16	1101011001101110011011010011010010000111101011110010101010001010101101000011010000101000111111110010001111010100010011101110001000111001100100001110011001010001110000110111101111111101001000110100011001100110100001110101010100010101010	1234574.4000000001	526.7
17	0000110111011011010110111111111101010111000100101010010100110111110000010111011100001010111011011111101110000000010001101010111111111100011101001110101100100011000111111110000101011000011100101101010011000100000001000100100100000110100	1296827.8	535.3000000000001
18	0100101101011001101100101111101001000000000001111011010001001000001100110000111110100001001001110100110010110111010101011000111101110011011101001011101101000110101110010010110110011101101110001111010110100110000111111000111111111011010	1297204.8	551.3999999999999
19	0011100110010010001111001001101001111110001110001110010110110000010010100111000110100000010010110010100110001101100111111100001010101010110011011100000010001010011101011100000110101111001111110101001011001001111111001110011111100111111	1212727.7999999996	545.6
20	1010001010000100011000111011010110001101111011010101111110111100111010110001100010000010101111010111010100110110000010111000110000001000111000101110111000000101001111101001010100001101100010111101100100100010010001011000111110101100101	1204655.2	504.29999999999984
21	0101010001000110010010010110011101010010000111110100000110011011111100100011111111110110110100111001110011011110010101100010101110001011001010000110101010110100011001011001001100001111001001100001111101100011000000110100110101101111000	1186683.0	519.3000000000001
22	0110001010110110100101011001111111101000010100100000010101111011000110010011011101111111110011010011101110111110011100110110100001100000100010000111001010110000010011110011000011000010101110100001010010011000011010010100100101110101111	1215340.8000000005	515.9999999999999
23	1101001100000110000101010010001101010001000011101001111111100100011000010110010000001000011101111101000011101010000101010101101110001100001111100101000110000001100001000101111011011000111000110011111001110110100001101100110000100011011	1095267.9999999998	479.09999999999997
24	0010011110010100101001010100011111001010011001100111110100001111110010101000010111010110000011010110110010100101000001110001101110100100110101110011011001011100101010010100100000001101001101110011111100010010000111110110101110010010001	1171443.7999999996	504.8000000000001
25	0100111111100001000110010010010010000011000101011011011011110010100011110101000011000101001001110010011100111111001011001000011010100001111110010101111111111100001110110001010110111000111011101110100110110101011111101110110011010110110	1303103.8	564.0000000000001
26	0011110001011011011100001111111101110010100101101100011100100011011000000001110010110000010110011010110001010000011101011111111001110111011110010000000001001000101000101101001011010010100100000000110111101001110110100011000001111011010	1130535.1999999997	497.39999999999986
27	0110110100110100100110001100001111100111010100011010101110101111111001111001010011110101100011101111101010001111000111010000100101111001001111111000110011101010100000101101001110110010100001110100111011101000110000001000011001011010110	1224966.0000000002	537.7999999999998
28	0111110000100101000101001100110101001110000011001001100111010000100100011101100011001010000101101101000000000110011010000101110111000101010000011010111110001111000101101010100010010010011110001000001001010110010101110110010100000101111	1090061.0	452.70000000000005
29	0001001001110001000001100111000010100010101110000001000001101101000011001110001001100010100011110100000011111111111100011100110111100100000100100010110010011111011110111010110000011111010011110000001100010111101101100010001100111110100	1271405.7999999998	493.7
30	0010000101110001010010111110011000111100010101011110100110001101100011101101000101101011011010111101111111101001000100100101000101111111011101101101001010100111110001110011010101011001101010100000111110000000001001010010000011111111010	1307604.6	540.8999999999999
31	1001100110010001011111010001111100110001000001100000000101000010001010001110011101001000010111100001111111111010000111110101010110110100001101000001101001001110100001110111010000100000011110000100100110110101010110111001111101110001110	1218463.0000000005	500.5000000000001
32	1010110010010010011000011000101000011101101110011111111001101010010110011001111101111011000000001000011101110100101010101010010011111110100000011111101110010110101011010011000010001111100011000000000011101001101100010100011010110101111	1241359.4	518.7
33	0001001110010101011101100110100001001011100011111101101001010110010000100110001001100010011101110000101101110111000001000100100100101111010001010101011100011001000110000110011001010010111101001111001010011101101101100011011011010110110	1151533.2	512.1999999999999
34	0111110011011011110111110111100000000110111101010000110110001011011000000100010010101101011111000100011010101111011111110111011101010000101010001011011010110011101010111011111011110010010011000010100100000101001101010101011111010111100	1415124.2000000004	559.5999999999999
35	0001110000010110000001011101000000001111110000111100010101001001011110111100100111001001000001001011010100000001110111110100000011001001111001101000101111010101101111100010100001001110100000000011011100100101101110001011001101101010101	1139786.8	479.99999999999994
36	1100110001001100111101100011100111011011100110111000101111100000111010110000010011111011000111101011100000010000110110001000010001110110011100001100011000001100101001110111100100100011111011010000011111000100110101010110010101101100101	1197189.7999999996	514.7999999999998
37	0100100000010110010110000111111110001111001010000011011000111110110000100010001011001110100000111000111101010001111101110011000010010011100100101110110010011101010110001100110100011010100110001100110100001001110111001101010011000111010	1189082.2000000002	504.7999999999998
38	1101111000010110111111111001101101011100100100011100101001010100000010110110000100100100000010010001100010110101011110110101111100010100101010001011001110011010100100100001101110110110100000011100011100100110100111010110011101110101010	1162167.4000000001	519.5999999999999
39	1111001011011000001011000101100101000000000110100000100010110111101100011111111111001010001101000111111110000100011001000101100001010101110101010001001011000111110000111001010101000110010010110011011111001010011110011100010011100110010	1183790.5999999999	499.2999999999999
40	0011111110000001010011100101110010000111000101000100101001011111100001100011010011011011010011001110101000000101010001101000010100000110001000000010011111011011110000111100011101100000111110101000100011111001101000111010011010110111010	1095986.4000000001	488.19999999999993
41	1111010100011001110111110111101100100011010101101001100110001101000011001010110010000000101010010100100111100101000010110010111011010000001011100101000101000110101101011100000111110100001010110010101011101011100001110001110111111101110	1164471.6	527.1
42	1010110010011110000110000101101100001110001011110100110000110010010111100001010100111011110000101101111001101111100000110111001101110110111100010110100110010011101111111111111100000001011011110101000100111110111101000101101001111101111	1496576.9999999998	573.1
43	0110011000010111011000011011000010000100100000101101011000000100100011000110101111001011110100011101001110011000010001100001010010001000011000010001011010101101001100001000000110010001111011010000110111111000011110110000101110000101101	910933.8000000004	443.30000000000007
44	0110111011110000010011000111011101000111000001100010000011000100011110011110100110011011101100100101100110100100001101011110100111010011011101100010011110110100010101101010000111011011111110011101101010011010001111011001111001110100100	1228810.600000001	536.0999999999998
45	1001011011111111010100010010100010011010110010111010100111111011000010111111101110001101001011010010010100111111110010110101100011000100011110111111001011000010000000011000011011110000111010011111010100011100001001000111010100000010001	1173073.5999999996	531.2999999999998
46	1001000111000011111101100001101001110011111100110000010110111110000111000101100100111100011110110000100110101100110001010001101111001100011101100001100111110001000101010110111101001010100011110011011000011100111111111000000101001000110	1244224.3999999994	527.3000000000001
47	0011001100010010110001111000111011101001001010111001010110100111101100100100011101001101010001001011010101001011101111101101111110100001010000111001001000111010110000010011101010110101110010110110111100101101111101011001011101111011110	1262376.2000000002	564.4999999999998
48	1010100000000000101001001101000010011111110100000001011001011000000100010001110010010111011100111001010010011010110111001101001101100011011101111010101101001001110001101011010110100111100101101010101101011010100010110010111011111111111	1260615.5999999996	520.4999999999998
49	0001001000010000101101001000011000111011101111001111011010110001100101001010010111110011101100101111010100011000001110010111000111011110111001000001111011001111111111111110001000111010000011010010100110001100101101010001101000101101000	1321950.6000000003	514.1
50	0011100101011110101101111100101001001001000011001101100111100011111001010011011100010100011000100101000000010101111101101110100000111101110010110011010011110011001001101100111110011111101100111111010100011110010110100111101011111111101	1354320.199999999	576.8
51	1111010110111110101110000010011010001011001101100101111100100000101101010010101000101010011011001011100101000111000111100110111111001011110000011000000110011111001110101001111100100100100100111100001101001111100010110010000100000101110	1273036.2000000004	525.7000000000002
52	1001111100111110010001000100101111001000111010101000100000000000101101110010100100010001110010110001101100111001000100010010010101100100000001100101111100111011101100100011110110010000001110110000000010110100010111100111011111011001000	1125657.5999999996	474.9
53	0011010000011001100100010111101010010010100100010100110100001011001100000000101100100001010100011000100110101000111100011000100010010100011000001000101001110010101101100010001001101000000101111000010010110110111010100110010010101011101	967424.9999999999	431.40000000000015
54	0100100000011110111110101010100001110010101000111011100010100010011000011000100011010010011110111111001101011011010000101101111111000011011111110001000000101110010010101100001001110000001001100010111001011111010101111110010111100010111	1202348.5999999999	517.8999999999999
55	1011001001001010010001011100100011000011100011110110011100010100010011010000000001111011001001111110000100010011010111101110110101000100110110110001001010010011001010011001010100101111110000001101101111000100101001011011111010110100000	1157119.5999999999	485.7999999999999
56	0011000000101010101101111100111000010111111110111110101011010010010011100100000101111001101000110001100101011000001000101000011111100100010010000000110111101001101110111110010001001000001101110010100101111010011100000011111010110000011	1218929.7999999996	503.90000000000003
57	0101011101100001101001011011101011011110101011101011011011111000011111100010001100001010111001010001001110000111011100010011010011011000011000001110010001010100011110001100010000000000100000101011001000111111111110000000100010011011011	1137920.4000000001	499.2
58	1110110011101011110000111001111011111111101011111110110101101000000011000100011011000001101001011100101100010001010001100011111100100010010111010000100110110001000010010000110011111000110110110101010110101100001111010010000000011111010	1137487.6000000003	524.3000000000001
59	0001100000110001011010100100110101100011100010111001000010110101011001111000101011100010000010101010000000010010001110101000100100110011110001010111001101011101001111000001011001111001110000000011000110111101110111000111001111000010001	1103722.4000000004	474.9000000000001
60	0000110001110110001010111101110010011001111101011001011100011111101101111011111000010101001001111000100110010011001010011110000001011001110000101110101000100000110010110010000110110001110111001011011100110011101010010111010010000010100	1137754.8	518.2999999999998
61	1111111001000000001010001000010001000110100010001111101101101001111111000010110111011100001000000111111001111001000110011011100111010110000110111111001110111101110101001011100111010110001001000110000011010001101011000011100001011110001	1260440.4000000004	514.9999999999997
62	1111111101001101110100110110110100111111000001001101000111010011110010111010011000101101111000000101000000100001011011100111111111110011101011011110111101110011000010111101011111010001010110011110010001101001100000001001110100110101001	1362003.8000000003	566.6999999999998
63	1010110010011101100011110001000111001010100100101001011100010001111100110000000010100011010000010011001001100110011110111101111000001110011110001001010001100000001100011000101000010111100110100001100110011011111100000101010001101001111	1109406.1999999995	479.40000000000015
64	1100000000100011110011000000000111010100110010100101001110001100010101011000110100111100001011100011111110011111111101101001101101011110001101111100011111000011100000011111101000101011000000001000111010001010000111001111101011001110001	1304650.9999999998	514.6999999999998
65	0000010101111111101010111111011010001100101011100100101011110100111001000000011110100101010000011100101111100010011010110011100000000010111110111101101001011101011101110101101100110001000000100011111000101100100100010000010101011011110	1267294.7999999998	521.0
66	1010011001000001111010110100101000101111010000100101010101110101110011101110110011110000010110001000110111000101101101001000111010100100111000111101000010011001010111000101111100011100110111001111011011001011001000010001001100100000101	1211977.6	506.29999999999995
67	1111100101000010111100011000000001001000010011101000000111101110100101010101111010111100110111101101100111111111010100000000010000000100000000010000110001011110001010000010001111000101111010011011000000111000001101101100110011011100000	960105.8000000004	459.00000000000006
68	1011100000111110100111001000001011100101110100001101111000111111000001111011000000110010101001101010001101010110011001000000101111100110000001011110111011011110100001100111000100000101111001111000110110110010100110010101100010110100111	1210142.1999999997	519.6999999999999
69	1010100110110101010001010000100111010000010111111111101111011110101010111000000000001110011000010110111111111100100101011011001000110101001011110111100011101010010001000011010101111001010010101000101000100001101011011100111010111110100	1236300.8000000003	538.9
70	1011010001010001011001100001000000011100001000100110101001101001010110110010101110010100011000001101100011111000011111011110101100010101110000110001100111111010110010000011110100101100010110011110010100001001001000110111100001011010001	1180492.4000000001	479.3
71	1110011011001010000011101111000010110101100001010100111000010000111010110100110111010010111111000110101110011010101010011111111011101101011011011100100110011101001010010100111111011001111100100110010101010001010011010110001000011110101	1308556.8	548.1999999999998
72	1001101110011101110111111000001110101001100011010010100010000000101101000101110110111010000111011011001110111011001100000010010101111001110101001101111110001010011010100110010001010000010101010111000000001101000110000001001110100100100	1219559.4000000006	487.59999999999997
73	0001101001000000000110011110010100011000011111100001110100001101001000111101011010001000011100011001011100010010111010010001111100001011001100100110000001000110110000101111100011100111111000100110111010011000111100110101101110101111000	1137951.3999999997	495.4999999999999
74	0011101000101100001100011110000111000011001111101110000011001000111010101101000000100001100100001010000011010010010101111001000011010010001000110100000101111101001111110101001111000000101011010001010001100011011010111001111101110000100	1106398.5999999999	469.8
75	0010010010111111110110110000000111010111001011001101110011010111011100111010000000110111010010010111000000101111000001011011110000100111110111110011101001000001110001010100000000010111110010100110010110000011111110000111010111101111010	1208613.9999999998	525.3000000000001
76	1011000111011100100001011011110011000001100100100101100010011100011001110011001011010011011101000010011000100010000111100010010000001001000100001101000001011110111111111100100111001110100101111000011011010100110111110100010100100101101	1172638.5999999996	492.0
77	1001111110001011000000111110000000111000100111011110110110010010110001100101110011000101110110011001010100110000011001011100111111101110111000110101111011011000011100010101001110011100101111001101100111000011101110000011101000100010100	1197497.2	535.3
78	0000100111000110001111101110001111110111111000001110111111111010111101110101011101101111110011110010110110110111001110100111101101000111001001111011000111011101101011111111010011001011000011111001100101101011011100010000110100111100111	1541606.3999999997	633.4000000000002
79	1100110010010100111011001111111001110001001111100100001001110011001010011110101100100101110111111111001111111011101110101000000001111011010001001101001110001001011100010100001110001010001001010010001111100010001010100110010000010100110	1134103.9999999998	520.8000000000001
80	0110001010000010110010101111001000101111100010100101011000100100110111001110000111010100011001101011101001101011101100011111111001011101010101011110011110111100101111111001100110100110110101010010011101111001011011100010100110100010110	1401155.0000000005	560.1
81	1111010000111011011111010111010111010111001110000101110001010100000111000001101100110100101110100000001001011001000111101000101011110011101101111001110011011011001000101001101111011110010100001111100011000001000010011101010001000000000	1191361.6000000003	506.2999999999999
82	1001100111110101010010101011101001000010101000000111000110001001011110000010011100011100010001100000011100010101111011010110110111111101100001100111000111011000111010001000100111111001010100100000010010011010011100101010011000000000011	1146085.5999999999	480.2
83	0010110111110100101000110010010001101111110100000001010011100011110110011010011111000011010111101111001010110001111010000000000000110000000111000010100111010110000111001110101101011001010101000100111001111010000101010111000010110110011	1141815.9999999995	495.6
84	0010110101110000011010010011001101101010000011100101110010010010000101010010101010000111011101000111111011010101100101110010111011101011101000110011111000011000010011001010100100111110111100011011111110001010010100010010110100100011001	1238455.0000000002	513.3999999999999
85	1111010010101110001011101111111101001100100000100111100110101110100100110110101100101101111000000011110000111001100011010101110111100001100101110000010010101100110100000001101111000100100011110010101100110001000000011100000110001010001	1090770.8	503.3
86	1101111001011100010110010001100010111110001111000011001111110011111110001000100100001010010011001110011110000001100110001111010100010111111101011010101010111011011111111001000010100110000101000011010100111000100111011010011010000111110	1317675.4000000004	537.1000000000001
87	1111000111111001100001010100010001101000001010000001010101101011011010100001011011100000100101110011101111100111001010101010011011011000000100001001000010110000110101110001111110110011000111110001011011000110100011000011000101001101010	1180801.4000000004	487.69999999999993
88	1001110001010010010100100101111001000010011000000111011001010101011011010010011011110110110001110000011111100010011110100000011111101011000101000100111010101001110010011010010001011000001011000011001010111111111111101100101010110100010	1188951.0000000005	515.9999999999998
89	1010111111001010010111101000001101111011011110011101110111000001100100111110111111011101111100101011111111001101111001010101100011100001011100100010101110100001110011101111111111111111110000011100101100011011010101111101010010001111111	1524530.4	635.3999999999999
90	0101111111001101001111110001101101001000111001110110011111001001000101000100101001010101110101111110111000111010011111000001100000000001111001100110000101010011110110111000100111011001011111110111111100011001000000110101011100101001110	1249421.0000000002	546.0
91	1010100011101101000111110010100111011010001001000111100011011110100110010110000111101011110000101110110111100001000010110110001000010001000110101010111110010000000000011101011011001010010111100100001010001001010000100011111111001000010	1123264.0000000002	484.3
92	1100100100110100100010111011011101100110000010101010011001110010101011011110000101001100011100001101101100101110111111011110000011100100110001101111111101100011101011101000101010101100110000001101001111010111111000000110001011111101001	1319768.3999999997	547.1
93	1001110011001100011101001110110010110111110110101101011110110010001001010110100010111010010000111111100001110000000011111101101100000111110010110011111101011111001000001010101110110101100001100000110101101101000100010001101000000000000	1174484.4000000001	508.10000000000014
94	1110011000010111000111011001010111000110100001110001110011000011011011010101010000010001100111100101111110101001000110101110101010110111110111001100100001010110111101001111000111011011011001110110010111011111101010001010111001100011010	1321879.3999999997	554.2999999999998
95	1110000111101101000100000111110010100111100001110010010001100001010110011110100100110100110110010000010101010011101000011000110101100100011001101101110010111101001110100101100001100110101001011011000101100111100001001000110011000110101	1165670.9999999995	493.1999999999999
96	0010100111111011001011111110100110101111101111110011010111000100111100110000000100000010001110111101011110001101100110100011011011011110010001001100100010101011101110011110110100100111111100111000111010110110100110000110110101100000011	1391306.7999999998	563.1999999999999
97	0100101011100100010111000001110001110111000110010111010110011110101000000110011010010011000111110100100010111111100001101001110110000000110001010100011101000000101000111010011111010110001001001011110011100100010010001001011111010010110	1148269.5999999999	486.90000000000003
98	1100100110001100100100001101111111000100001101101000011101111010100101101100101110011001011011010110101111011011111110101101001110111000010110101111011001111111011001000010010111101110010000101001001001100010011010111100110110000001101	1273056.9999999995	551.9999999999999
99	0100111011000110000010110011101100110000001010011001001011000100000101100101010011111010101100010000000001100000111001111011001100111000011001001100110000110010011101100011000011010010100111110010110011100000110101001110000110100001101	1078807.4	456.79999999999995
