SOLUCIONES INICIO 

0	01011111000000001100011001100101100101011110010110001100111111100110000110000000100101010101001111100011110110100001110010110101001010001010111011100011111000001001101001100001001110101010011101100011110000100010111100000111001010000101	953009.9999999999	490.6
1	00111111110100100110011010011111001011011010110001011101111001110100010100001000001111010000010000111111101000000011101111100000110011001000011001001111010110010000000111000000011110011010010010111010001010100001101010111111111100000000	923619.3999999998	499.7
2	01001101011110001001011000001100110000010001000101011111110010011111101011010001001110100001000001011111000100100010000011111000111001000100000000110110110011000110001110000100111101100010101011011000111110111111101100110110001010110010	940232.7999999997	487.09999999999985
3	11010010010110010001000011110100111111101111100101001110011010000000110001000000001000101010111010011000010110110100001111110010100111100011101010010010110001001111101101100000110010100100010010011101111010011010110110001010010001101110	1005149.7999999993	500.19999999999993
4	01100011111000110010010110100111000100010110011101110111110100100101111001101111000110101011001111011110111101101011010001110100100001000110001100000011111000101010000011011101011101101111010000111000100000011110111100101000011110101110	1075581.1999999993	545.3999999999999
5	11010111000100100100110011010000011100011000001010000101011111000001100111111011000110111100101011010101011111010101000000111010111100001101000100100101000101000010100010001110101111100111010111101100011010000011111000010001011110111111	944876.1999999997	517.4000000000001
6	10101101001101001111010000010000101101100001111001001000011001101011110011010111110101110010000111011111110011000000000100010010100010000010011010110110011101111110011101001000111110110000110111011111010001100001000101000001000100111001	973334.3999999999	502.9999999999998
7	00010000110101110001011010111011111011100010101010000100111011011010100100010000100010110000001001111000110111111100011011100001000010000100011101110011011010110101010001110010010100011000001011010110110100100000111010010110111101001001	994888.5999999997	490.49999999999994
8	01111101111011001001101111110100000011111111000110011000100111011111101101010110111000000010011010101100010111011101000110011001011010000101110001001001111011111101111010100101101111001111100001010101011011011000110100100000001000001011	1087814.4	559.1999999999997
9	10010110110111100101010110100101110011010001111010111100101110011000101000000011100101111000011111000001001111101101001110111011000110001110111010010101101010001010110000011000010000011101111011111110011011111111010010111001010010011000	1042661.9999999998	552.8999999999999
10	01101101101001011100111100000001000000001110010000000110110011010101101000110011100110101010111100001010011110010111111101111111011010000001001000000110101011010011010101011011101010000011001111110000001001000010001100100100100111101110	1045645.1999999997	500.5999999999999
11	01110101000010101000110010000110100111100100011010101010100101100111111000001011111011010000010011010101001011110111111101010110000011010111101101111101110011110110100001110111000000001011100110001001001010001001010011010100111001000101	1102908.4	513.8999999999999
12	11100000110101010001000010100110101011111010100001111111101001110011000100111000100011001001000101011010001111001110101011011100010111010111111010110111111010010101010010111001010111010100100010000011001101100100001010110110110010111010	1113775.7999999998	532.4
13	01100011100000100100001100011101001111010111111010100001011000000001101000100001100010101010010101000110101111111111001011111111110111100111001110011001010010000010101100100011000000011111110101000011100001010010010010110010011001010111	1049774.1999999997	502.8000000000001
14	00010010001011000001111011000011111110010001000100010001111110110100000101011001000111010010011101011001001011111000001111100100111011010011000110011011101100101101000111111001001111111011111111100101000001100001011000011001101111011110	1105106.1999999997	540.0999999999999
15	11000100000000100000000010100111101001100000110011100111000000000101111100010101101011110010011010110100101001111010100110101001100110110011011101000101111111111011100100110010010111011101101100111110111101000000110111100000011001111000	1049663.9999999995	515.2999999999998
16	00001100001111110001100110101101101100110101111100100100110000000111010111110001111001100000100011010010100111000011101000001010011101100001001010000000110101000101011100000111010011101100001000110011111101111111110111101111010101111010	973524.9999999995	525.4
17	11100100110101001000011010011011110100111001110100001110010110100001001001001000011001001010010100111000011101000100001110001010100110111111100110111101011001101100010101000111100010010000111100100001010001111110111011011110110101101101	1042646.7999999997	524.5999999999999
18	00100100110000001001000111111100000100010010011010010101001101100001010111111110111011100101001111001010101110110001010110101101101000100011001111101010110010101010000111111000001001110011101100001011101100001001110000101001000111010100	1032255.1999999991	496.09999999999997
19	01001010110001110111011111110010011010000000101100101000110111100111000011001101110001011000001001001011110101111111000001001100101001010100101011111000100111111100001110110110101100111110001110011011010101111111100001000101011000111110	1135764.5999999996	553.9
20	11100000111101001101100100101100111011000111011101000001001011011110110011100000001100111010000100100110110100110100011101110101001110011000010111101001011011110000100011010011010101001111001101001110010101111001001101110011001001111011	1054377.1999999997	536.5
21	01110100111101111000110101110100000100101010101000111001101111111101101101111110000101001101010110111111001000111110111000100110110100100001100001010000000101001100111101000011101011011101100111011011100010100010100011100001010101101100	1012886.6	546.4
22	10110110111101000110000001100011111001010011101111111111011100101110110101100110101111000010001100010011001000010010010110000100100011111000001010100111101100001111111101111000110010111111111111111111011011011111011111011100100001010101	1142013.0000000002	597.2999999999998
23	10101001001011110101101110001110101010110000011001101000011101010000111111111110001100010111111001010010110101100010001100000010101011110100100000001100000000100100010010000010011001000011011100011011000000001011111111101111000100100010	829852.5999999995	472.29999999999995
24	10010110001000000001011000000000100011000100100011011100010100011000100101011011001001001011011000001111110011000011001001011010001011011111101110101010001100101100111000101101001111011001010000111101100111101000111010110010110011010110	979623.7999999999	483.5
25	11100100000011011111010110111101101100001010100000010100111101000011101110100000000001101010101111100001011111011000011100101011111000001001101100011010111000110111110110001110110000010011100011011100101000101110101010011101000010100010	1056082.1999999997	514.8
26	00001110101010011010110010111100110000001111001001000000111011001000101011010110110100001000111110011100101101000011110011001010100010000101100101110101010111110100000111101110110000000001010101110110110001111001001010010001000001010110	1045881.3999999999	490.4999999999999
27	01001100000001111101010111001000100010010101100000100101001001110100100111111010100100010101011001111110000001101000011001010101110011001001001010010001111101100101110000011111101101110000101001011101100110110000110010100001100011111100	1000113.2	490.10000000000014
28	00100111011101011100011101001000000111110111010110001000100000110110000100110110010001001111000001010101010111110010110111100001111111100111101111011110000100000111100001111101100111101101000110100001001010100011011101011111001001111011	1124682.4000000001	546.1
29	00001001010100001000000000110101101011000100000110010010101011010100101111101101110010110011101101111110011010000010000110111100010110110111010101000001000110111110010010100110111110111000011110100001001010100010110110001101111000001110	992788.3999999997	490.7999999999999
30	10111000100101110101110011010101001011100101100110011001111011110101011110100100100011000010101011101111111011010001110111010100010010000011110011111111110010000000011111000110111001010100010101010110011011110111001100001110001110011000	1126015.2000000002	557.9999999999999
31	00111100111101011101011111100100010001000111101000000101011100100010010111110111011010110010101100100000111001111101110011100011100000101111011110100010111011101111100011101000101010011111000100110000110011000110111001001111100010111100	1101667.9999999998	557.2999999999998
32	11010100001001100100000100100101001110110000001110000110111110001001111101000001011100110111110000000001011001100000001010001000010010101111000110110010100110110010001011100100010111111111101111010111001001010110001000001000110001010011	889971.6	467.2999999999998
33	01101110110001010011010110101111011001101001010001110110011010011010001001110011100010101100001111001110111110011101110111110010011001100111010010111110010101100101110100011100101110001001001111110110110110100000111011100001111000011000	1147995.0	567.5
34	00110110001100011101000011011101110000111111001100010000100110100000001100010010101110011001110000010011111110010111100110100011110110101011001110010010010110000000111100110100001010010011010001110111111100110101000110110111110110101111	1070853.5999999994	527.3
35	11000101001100110001000011100010100100101001010010100111101110101000101000111101110110100101111110001101001110001101010010110111101100110010001010110011111111011101101001100101010010110011100100110010000001100000100011110111111101100011	1063799.3999999997	534.9
36	01011001000010101010111100011000011000110111010110101111111111001111011010100010101100111101101010000100110110110111001000011101100000011001100001001110000101110010011100000101101001001101100000011111010101100000101000000000100110110110	938488.5999999997	492.40000000000015
37	01101011110111111111101100011001001010100000010000110101001111100001110100001001101110101000010001011011101001001011001011101111011100111101011110010000100001010011011111101001010110100101111110010111101011001011001100100101100101001011	1124115.6	547.7999999999998
38	01011001011111100011011001010110111100011110110000001010111100101110100110010010110101001010011000100001010001111111111111001111101110101101010000111110111000001100000101101011001011100011101001011111000011111000011001101111001010011110	1130147.4000000001	569.7999999999998
39	10101001010010000111001110011111111011001001100110110001000110101010101100010101010011011000001001000000001101001111101110110110111000010001000001111100000010010010010101000011011100100001011011001100110001001011001011100010001101000001	882111.3999999997	470.5999999999998
40	11001000000100001010001001010011000001011111111100111001110101101001110100000111010101111110101000101001010100111010101001000111101100010010111110101111110011100010010110001000001111100011000100110001011001110110111101111011001110010110	1047357.9999999997	537.6999999999999
41	01101001010110000001001011101111001011000011110110000111001100100100111110001001111000101001111001010111010111111101001111101011111000010101111110010000010110001000001000101101010010111010001001111101011110001111011010001001111001100010	1041034.7999999997	531.3999999999999
42	11110001110000101100010110100000000111011111001011000000000100110111000000101010010100101110101111000100111011010010010111011101001111110100100110011001101110010111001100111101001101011001000100101010111010010111011101110100010110011011	1095719.9999999998	530.7999999999998
43	01010000110111111000010010110010101011001101010001100101100001010100000000110100111010011000101000110000110000011011000100010000000110011001100100010010011111010101110110011101111011001110100101101100111011011011100110100011111010011101	996315.7999999998	497.70000000000005
44	10011001111111001101010001111010010111100100010111001001111100001101010101010110011101101000100101110000110011001001000011001110001011100010101000100101001100101011001011010100000111100101000011100110010000110001011011000100010010010000	954127.7999999999	480.5999999999999
45	11010001100010001001100001010001010111110111011100010100101100001110001000001011111100111101010101101110001001001100111011010110100000100000101011010010111101010110000110000110101110011001000111110011010011101110100100001011110000110100	961251.6000000002	492.1999999999999
46	00001100011010010100001110000000101010100001111001011110101011010010111100100111000110100100010100010000001110100101011010000110010100111101010111100011100010101111000100101001111001000101110001111001001100001100011001111010111111001100	942542.3999999994	494.2999999999998
47	10111010011011100100101000110001100000110000110110011100111101111001110100011101100011100111101101011001101101011111000101110000000110101110000111010101000010000101000001000000111101011011101111110100011101101011100110101011101011100001	906984.7999999996	538.3
48	01100110000110010010010011011000011011001011001101001101010011110010010100000001110000111100111011101111010100000111010100010000011010110000010000100101010011111101000101100100101000000111000010100011101010010111111011011101101011101110	937924.1999999995	493.09999999999997
49	11010000001100011110110111011011110110000010111100001011110001111110110001110101000000101011101011000101100011111111010100100101100001011011100001100111010011111000010101100100101011110111110010110101011110100010011010110001010110011011	1089074.7999999993	552.7999999999997
50	11101101110100101011001100010110101011100011110110101110001100111111100011111011010101001010001111101001000110010010010000100001101010110111010111001110101011010100111010110000100111110110010001110001110000010000010111100001110000010001	1007426.1999999998	529.0999999999999
51	10101101011110110001011000001110111010000111000000110011000101010101011010111111101000010000000001111000100110111010000110010110101111110010100011000101001110010011110110110111101010111100011101000100011100110000011000101111111100000001	1111612.7999999998	510.3000000000001
52	11000011100001000010101000001111101110011000101001001110010000010111001000111010111000111001100011001101000011010001010101110011100010011001000010111011110011111010001110000110111000001011100101010010100111011110100101100010101010010101	986320.1999999998	482.69999999999993
53	00110111010111111101010100110110001101000010100011010010111111001101111001100010001011101101100111111010100001101111110110011011010100011100000100110111001100000111001001011010000111111100100010101011100011001100010100010000100100111101	1073332.3999999997	527.1999999999999
54	01000101110111110100110100000110100110011111101100011010101111010010101100000001110000011110001111100110011010010101000110100101101100011000001011011001011110101010110010111101001100010101101010100101111011100111100101110111010101100001	1082316.7999999996	545.4999999999999
55	01100001000000010010011111100010101000100101001100011000000000110010101000000001110100000000001011100101100011101010111000010101110001001110010111010001111010101110000111100111100101010100010111001110001100111000101111000000101110001111	988345.7999999996	459.99999999999994
56	01011111010000010000010000111000000011001101001100101011110110011110000011111000010000011110000010011011111011001101111110101101101100010110011010101111111010110111110100101011010011000101001110000010100011011101101010000100110000101101	1112248.5999999994	525.6
57	00100111000110011011101100100000011111111111111010110001111001010000101110110001000101111110100100100101110001111000000100010110101111010000001111001010011101000101010100010101110011011110010100000011010000110110100010110011101010011100	984988.9999999997	522.5000000000001
58	01100101000111011001001110101100100101101100111011110100001010100010100000010111110100110000010111101010111011110101000011010100100110100101111010111010011111011001000100101101011000101110110100011000100010010111101000011111110011010111	1077261.7999999996	539.4
59	00111110101111010000000000001110000001000000001010111101101011011010111011001111111000001101001001110011011111111111010000110101001100000011011001001000000001100110010111110111110101001111111101000101101101101011000011111111000001011101	1103226.5999999996	532.5
60	11001111110010101111011010010001110011001000000001001101111010011110011100011101000111111000010010011001001100010001100111111111100011111110011000111000000101100001101001000001111001111101101101100010000010001000100110111101110000011100	950098.3999999996	524.4000000000001
61	10110100101001111010000111010100101010111110010110110100011011101100100111001101111000010101100110010010101111100011100110000100001011111001000001001010111011110100001000001110101011000100111101000100011000111111110010100011000100010100	975603.3999999998	507.29999999999984
62	01000000001011000111110001010100100010011010100110110100110111000011000001111100011000100001000001010110100101110110000010111001011110110001110011100111000000001011110001011111101000111110000110111110010011001011101100111001010010110000	1015313.9999999997	485.90000000000003
63	10110100011100000110000111110011111001001010001100000001110010010111001110111100001111000110011000110010011010001111111010010010011111011000101100100000100110001101101110011110101011010011001011001011011101110010001010101111000000010000	1066847.1999999997	512.5999999999998
64	11100011101010110001111000010011100011100100011001110111001110100010000111001010110100110110111000110001111011101000110100100110011100111100100000100010001011111111010101011011100110001100001100111100111101101000110110101111110001111000	1101173.5999999996	552.5
65	01101000001001100011010100100000011100100011010110101100010101000000111111010000011010010010111110110111111010011000100001101010001001111011101011111100011100100011101111010100001101000110100011110111100101101101000011100010101111110000	1060588.3999999997	518.8999999999999
66	11011110100110101110111000100001111011110001101111100010001000101001101011001000001100100001010011111100000101110111110110110110101110110011001001000010110010111111001111111001001101010011110000011110110011000111111000011101000101000011	1159725.6	541.6999999999996
67	01101101010111010101001011010010000010101100110111111000100110011000101000100001111000111110010101110001111001100110111000101010000010010110111011000101010111110000001010000001011010000101000000111011111011000010100100111000011011000000	882466.1999999998	475.3
68	01111100110111000101011100111110010111010001110101010110100001101011100001001100011110111100110011100100011101100000010000011111101001110110001011111001000001110010101000011000110111101110100101010000011101001000001100000001011110010010	977165.7999999999	508.1999999999999
69	00001101001011001011111011000111101110000011000010011011001101100111000001010111100000000111101110101101011010000001111101011101101001100100001111100100001000010011011111010110011110000100001010111010010000110111110101111011111010011000	1080891.7999999993	528.2
70	11100001111001110110001111110001001100010011000101101011011010010000001001111011111101011110101001101111101110010101110110100101100111001111011110010000001001001001101111000011010010111000111100111101000011000101100010001100101010000101	1061547.9999999998	532.9000000000001
71	11010011110100111000010110001101100001110110110111010111100010111011011110001011000000110100011101000000111001001000001110011101110101010111010110100101011100000111101100101001100011110111011010001001001001000111111111101100100000111110	1042815.1999999994	544.7
72	10100110011010010000101010011110011110001011100110110010100100011000110000010001101101101111001010001111111001000010001010000100101010110101011110100000100100110011011101000010001011101101000101010101010101111100100110101000100010010011	950113.3999999997	482.99999999999994
73	11111011011000111010110110011111111000101001101010111011011010100110001111100011001011101111100001100100100101110111110000110001110111011100000001111011111011101111010100101100100110111101101110011000101000011010001000110101101110110100	1156833.6000000003	578.3999999999999
74	01000111001111111000111000000000001011000010011001111010101110001101000000101011101010110011010000111100110111111100010110100100100001111010110010110011110100110011000010110110000000000001100000011100101111101000010000001010011101111010	1029428.3999999996	470.9
75	11010100110100110100010000111010001000101001110011110100000111101011100100011111100100001011011000011011010101010011101011000001001101001011001010100011000100111101111011100101111111000001001111100011110111000001001001101100101011011111	1044196.3999999998	535.0
76	01011101001100001001100010101001010011110010000101011010011000001100001100100111100110101001010100000101001011111001110111010101000001011101111011000000011000001000001110100001111000110100000110011010001010110100000000000110000100001001	889410.5999999997	431.20000000000005
77	01011011010011100100000001011000000101001100101011000101010001011111001101100001001100000010111111010001110110100000000000011101000100011111010111010111110011101011110010011100111100011111101010010010010100001111010000000111011111010100	1011546.7999999998	494.39999999999986
78	10101100101111110111000111101111100111001011001000000110110111110001011000011001101101110101111010110010010110110010100100110111110111001101110000110000110100010111111000110010011011010000100110011001100000111110011010011011110101000110	1093703.7999999996	556.8999999999997
79	11110111001010011110000000000100110010001111101110001101101011110100101011010001010001101101010011101110110001110110110110011000100110001101011111110011101000010001101001110000101110000100111100010011100111101001001000000001001010010100	1016719.3999999999	502.2
80	10000000100101110000101111111000110101110010001011001111001011100000001001010111001111011100011010001010001011010011111000100000100010100011011101111100000110010101111100101001101110001110010100110010010001010011110100011000000110000110	963964.5999999997	484.29999999999995
81	00011011010101001011011101111001011101011101010110110100000101100100000000011101100000100010001110000100110000010110001011110111011111111001101111110110100111110000000110000101101001101101110111000110101000110111100001001110000111001110	1016563.3999999993	531.9
82	11001110110000000111010010001101100110101010110000101010100100011100101110100011001110001011111010110101011100111101001111001001000111001011000000100010111100101000101111000010001111101000110010111110110001100111101001110100110000110010	1002836.1999999997	517.5999999999999
83	11000010000011001011101101011100011111000101111101010100001010001001000000101101101100001001111001101010000011011110110011111101011010001010010100010100100111100100101100001100110100100101100111110110010011010101010101001011001101100101	1000552.3999999997	496.3999999999999
84	00110110101010000001111001111001010100000001111100111101101111101100100000000111011110111010011000110011111111010001011111101101010101001010000000011111101001101101010011001000110100000010101000000100110110000010110010110111001110101001	1042150.1999999998	514.4000000000002
85	01111000101001011101111000010100101001001010111010101001010000010010011011001000101100001001101110010100010001000001011011000110010110011111000110011110001011010011111011110110101011101001110110101101111000001111110010000001001111001001	1070326.5999999999	507.99999999999994
86	10101110011010000011100000001111100111000110000010110000010111110101000101111100111000010110110000010110110000011111110111010001001011000101110101011101111100111101010100011100011100111111000100101000101101010100111111011011111010010011	1092410.7999999993	546.5999999999999
87	10010101010110101011111110100110010011101011100011010000110100010010010001100101011010001111111111000001100100011110110100010101010111000000011001111110111001000111100001001111011111101001010100100110000000001100010111001111011000111111	1032073.7999999995	529.0
88	01001010110001110001000101010011101111011100101110101111000111011011000100000010010000100101111011100111101010110000000000011010111010100000110111111001001100001100101000001000110000000001011010101010101011000011110010100000110100100101	856080.5999999997	464.1000000000001
89	00110011110000001000010100110101001101011110010010101000000000010101101001011100001010000111010101110000100110101101011100101111000011101000100001100000010111001111011110011111000011011000001010111010110110101101110000111010000011001101	1044079.7999999998	478.8
90	11110011110100001001010110010100101011111111000001011101110010011110010101001011101010100101010000101111101010111110011011110011011010101011100010101001000101111110111011100111101111110101100100100011101010010010010000000011000011010101	1195427.4000000006	551.4999999999998
91	11000110000110110110000111000101100111001011100111010101011001100011000001011101101111110011101000100111010000110010111111110110111000010101000110010101010110100000010001100111011101011110101010010110001101101111111111000000101100011101	1047358.3999999997	543.0999999999999
92	10110110000011001100010110011110001010001110100110011000101101101010001110110001100000000010100011001101110100100100110101110100000111111100111100111010001110000111001100100000100000010110101100000000001010101100010111100011110010001010	930477.9999999994	467.5
93	11100100010100111011011111010001001010100101011011001111001101011110000010111101010101000010001111110101100011001010110000001100101000001110000100010100011110100001101010111101111100101101101110100000010000100010001111001101001010111001	1000070.3999999998	509.10000000000014
94	00110000011011100100101000010001110110111101001011100111000001010101101000000011110001111110010101011011000000110010000101101110011000111111100000100110100000001111110101010010101000001100101010110100011010011001001110010010110110111101	987878.9999999995	491.59999999999997
95	11100000101100110100111110110110010011110100011111100000001011101011011101111010101111110010110000110101110010010101100111110010111110100000000101110001111101011000100000001101110000010100100001011011100010100001110111100100010001101011	973144.3999999999	529.8999999999999
96	01000010011101011100100010101001000101110111000111001111000110100001101011011001010111000001101111111111000100111100011101010011000001001101100100000101110110101001111111000010011000011001110110101000011000010011110101101111010111010001	1068081.2	522.6999999999999
97	00101010000011101001000101110000100011010101101110000010010010100011010001111011011110101011111000000101011111110000000001101101001101101010111101100001010001001010011010110111000011111010110011001011110000100000010111001101111010101110	1054823.9999999993	506.7
98	10001000000001001011110100111011101000110011100100110111111100100100101010001001010111001101001000100100000010000111011001011001111001101010111101101110011001101000101110011010010100100000011100100111101000101101100011001001110010110011	1025025.3999999998	499.70000000000016
99	01101011000111010010111110000010110000001011101010010100011111010101001001100111001001100001011000010111000001001001010011101101001001111011110011011111000111111100001000011001110111100101001010100000000110010000000101000011101110111111	982344.9999999998	496.50000000000006
