SOLUCIONES INICIO 

0	111100110100111101100000111111000000101010100001110100010011101111001010010100011001110101111110011000001110000100001011110011110000101110010110100011000011000000000101001000101111000100011110110101011010000101011010000010000001000010010	927680.6000000002	465.8999999999999
1	110100010111100010111000010010000111000111101110011110001111100110100101010010000101110100111000011111011011110101110100101010101001000100111100001110011011010101000111011101101001110111010000011011000001000100000010110001100110101000101	1180083.0000000002	511.7
2	110000110001101010100010100010100110101001000100101000100011000000010000001111010111110011000010011010001101011001101010101100100001110000101000000110100011111100111100110001110011011110010111010111010101101111010101010011111010111000011	1070929.4000000004	497.8999999999998
3	010110100110010111010011100001101110001010111101010001111000100110011110010111000000010110110101110010100110101110000111011100010111110000100100110110001101001010111011011111111010100101001101000101110100000010111001001011010101100101111	1263084.8	542.1999999999997
4	100010101000001110001110111011100000010001010101010100011010011011010111110001101101111111001110010111001001001010000010110101100101100010001000010110011001001101110011110011010011111100101101010111001101101010111111101000000000010111101	1142321.0	527.6999999999997
5	011001011101001111010001101001110111111001110010100000100111110101001011000010100010110010110001001011100000000100010111100110111101000100101011100010100111100111110110001010111110100000011111100101100111011111011011101000101001000110011	1145580.6000000003	533.1999999999999
6	010111101111110011010000010000000010110101101000010100100100010110010010001111001010011000001111010010010110011111110011111100001000111010010001010010100100100101001110001101101110010010101010100011010010110001100111001010001111101101110	1082379.2000000002	498.0
7	001101101010000111111011001000111110111001011001111111000111100001111010100011010111010101110000000110011101100110100100101110100111000001010010111001111110111111110101100110011101110011001111011000011100001010011100000111100110010111000	1210198.8	566.3
8	101000011010100110011111100011001111000000010101110010000010111110110110110111111001110001010000100010000010110110000010000010100000000001011000010011010111101110011110011010100001110110111010010110011110110100011100110011101101011001000	1025213.4000000004	504.9
9	111000100111110100010011110111101110000101000100100100111100010000001000100101101000111010011110101010011001111101100110011111111111000101011100101101000011000000101011100100000011110110110101001111111010000100111111001001001001101101101	1125760.0000000002	540.7999999999997
10	110010010000101011100000000110111001001100001010110101111001100011100010000110001001010100111001010011011001101000000000000000000000100110111110001000101110010010001100111111001000000100011110000110111111101101101111011101111010000111100	1005624.2000000002	469.2
11	100110001110111110111100010001011001101100101011000001110111010111110100010011010101001000001101111000110011011001011100110010111010001100010010000111001111100010101100011110111011100101111100000001101110011001000111110011111000110010010	1197844.8000000005	544.6999999999997
12	010011101010110100001001111110101100100000011101000100011111011100111000011011111010000100000011010001110100011011001111010101110011101001000000111011101000010100100011000110001000110011000100101101110110011001000000101101000100100101110	1016676.0	481.59999999999997
13	000001010110011110101000110001000111000001010110001110110111001111100011100000000000101111101000110000010100000001100110000000101100010110000011100101100110100100100100101101110001010101001001001000110101110000101011111001011011100000101	994569.2000000004	446.5999999999999
14	101101011100001011101110010001010001000101100110010110111100010110111100111011001100110100000001011101010100111100110111010010010111001110100000011010111000010001011110001000110011100111111001110100001110000010011101010111001110110000101	1094490.4000000004	526.9999999999999
15	101111110101110010111010100110010001000000110111001001111000011101001110111110001100111110001001001100101011010101110010000101101010100111111000110111110001110110011001111010100000111101001001011101010110100001000111011000100100111001111	1213561.0	553.8
16	111010111100001100001010101000001011001101011000111000010100010100100101011100011101111111100100100011110000011010100010101101111100000001111101111010101001110000100111110000001001011100101100100110001110101111110001011111011010010011001	1096865.2	527.8000000000001
17	111001111010100111111000010110001101100101010000100001001111010101110101000110010010101011010101000100001000011001001000001001010110011110001101001001101001101000100011111010001000111111100101001001101100100110010111000001000101101000100	1029694.0000000002	473.1
18	100010101011111111101100010011101101011000011001010110101110110111111001100000101100010100001100010100010111101000010111111110111100101111101001110011001111110010001100011101011001100000001001000001000001101011011010101100100111011001100	1198703.7999999998	538.2
19	010111000111101001100001001001110110110001101011011101110000011011110001001100101110000111000001010110010101001010001100100101110101010000010110111001000111010100111000111001100010000101111101101111001001101001010100101100101111101111101	1116716.5999999999	523.6999999999998
20	100111001001011000000010111010110101001001111010010111001110100000100111010001101011110010000100111110001010001000100111000110110110000110100011110000101111101010010110101100001011101101100110100001100011010001001011100001100001110001101	1017654.4000000003	489.79999999999995
21	010000001010000011110010100101101011000110000001000000100011010101010110000100111110100011101110101101101001011111101001101110011111001111011110100000001001110011010001101000011010000000011011101101101001010011110111101110011000010100010	1079093.8	500.0999999999999
22	010101111000110010010111011111000011010100010010001000101001110100000111010100011111100101010100110101100010011100001001011111011111000000011110101011111011111001111101110001000001110000100100001010001010100110101100011010010101000000010	1104451.2000000002	489.7999999999999
23	101100001001101110011011100001000000110001000111010111111001011010001001001101001010110010011111101110011000010101001010001111010011100001010111110100110110001000011110011110001110111010111001011110010111100001011101000101000100010011110	1108655.2000000004	524.5999999999998
24	010010110100101010111010010011010110011110001111100101000010001100110111111010110100100100000111010001101010100000100011110000001010011000001100010111000101000111110001100001100110111111011011110110010110011110011111100100101110111110100	1043072.0000000002	535.4999999999998
25	111101110100110111011010111111001010101101110100011000110100101100001100110110010100101100100001011010100111101100011000110000001111010010011011011110101010000101111000111110010101100011010001110111101011010000101110010011010111100011110	1208502.8	558.9999999999997
26	011100011110010110111001011011000101010000010100101010000010010101010101110101100110110001110101100000001101011100100011100101011110111110110001000011101110100011010101011101010111000011100001100000001000010110011100100100010101000000111	1123674.2000000011	488.2999999999999
27	010000100101110111000000111101111111010010000010110011001110111101101001101001001111011001110010010000110100100111010000101111011010100100100111001001101101001010100000001101100101110001110010110101111100100111101010100001100110101010010	1079323.4	515.2
28	000000001110101110101010011110001001111101000101000101110011100010010111101100010110010100001111111011110011110001001001000000100101011101100101010001001100010011101010100001011000011100100000111110001101000011010111000110111100000010010	1018060.8000000003	483.39999999999986
29	000010110100110011100010000101100101101111100001000110101110010110110000101111110011010011111100011100011110001010101110001100110101100110111000010010000100010111010010111100010000001110010001100010101110100000011100111110101100011110100	1108666.4	502.40000000000003
30	100111101011100110010100100110011111000010000001110001011010100010110011101011101100001100111010001100110011100000000001001011101010011111001101110110010100010100111111101001101100010010011110000101000111010010111100001111110010001000001	1120523.4000000004	508.7999999999999
31	011001000010011100000100011000111011110101101100101101110101100110011101110001010000100010000110010101011100101101111100100111011000110010011001110000101010010111111101101101001111110010100000100001100110101100000010010000001000101101111	1131693.8	502.9999999999999
32	001001010110101111100101010110110001100110101011010100110001010001011010011100101011000000010001110000000011100001010011110101101101100011001110100110001000010001110101111000110110110111110111000000110111001100011110110110010000101000111	1100634.8	500.1999999999999
33	011111101011101000001000101100011010101110011010111011101101000000011110100011001111101101110101010110101011110110001111010110011011001110011000011101101001110110111001000100110110011001000001111000111111111101001010101101110001010111111	1217288.2000000004	577.1999999999997
34	101011111101111100100001101110101010001111111011110111011100110110111010111111011110111011101100001000001001110011010110100010010011001110001101011101111000001100000110011000100111011100111010110011010000000101100001100101010101011101100	1140197.8000000003	572.5999999999999
35	100100011000101001000001001000101001100011110000000100101101110001110111101110100010011110110111100110111100100000001001001011001000100111000111001100001010110011101001111011111010101001110111101001001011011110011000000001100011000111001	1116828.6000000003	492.8999999999998
36	001011101100101011100000001010110001011010001010101101101101110011111110000101101010100011111110000110001101100110100111001100110011111110111111011000111011110000110111111010000110010011010111100011000111111001100000100000011100110001001	1224576.8	545.8999999999999
37	101100001001011100011101011110001100101011000010001001001010110110110110001011100000010010011000100011000001111110010100111000101010100000010111010000011111010111011010010001110000010001001111011000110101101010010101111111101010101000111	1103556.0000000005	502.40000000000003
38	000000100110110100000100100101010001010011010101111100111001111010101110100000011000101111001011100011000111110011101100010001000011100000001111000000001001111111011001010100101110011001011100001101001111111010101101110010010100111111101	1056837.8000000003	519.0999999999999
39	011010101101111101001010000010100111110111111111001000111101000011010110001101011111111110010010100001101101010110110011000011000001011110101010000111010111111110000001001010101000110110011010001011001001101001001000101010110001011101101	1131721.6000000003	536.4
40	010100101111110101001010010111011110011000101010111001011110111100110111110001010001101110010101100001011001011111101011010111100000001100001111001011110011001001100111011110111011100010110110000010100001101000010001101100101100011101110	1276084.8000000003	555.7999999999998
41	001010100010011111001100011100011011001001010110001010011000110000100001001101010110010110111011010000001000111001111100110010001000001100000001011110000100011110111101110101010011110000011000010101001011010111110010011110100000010100101	1081437.1999999997	468.79999999999984
42	000011000110000011101111010101100001101110100011110011010001000010100100001110010001111011011011100000001010001000110011000101101110110111111000110110100001001000100001101010010010111111010000000010111010100001011100111010011000110001111	1027698.1999999998	486.0999999999999
43	011100100101011110010010011000101100111110011101110100000100110101100111101110000101000100111011111100101011010111000001100111001000010110100000101100001011000111101001010100011110001101111100110010001001110011101100101111011000111010000	1059629.9999999998	524.1
44	101000110011101110111100100011101001001101010100000001001001110001110111111010101100011001100000011100011101010010011111000100010001000010000110011101011100011100111111110000100011101110101001000000001010001110101111111110000001101111000	1075061.5999999999	508.70000000000005
45	101000100111000000001010010101011011100111101111010111100000111001101001110011100111100000000000010111101101000111001101000010010010011110101101000001011001011101000100101100011110100000010111000100010010010110010101110001110011000011010	1028123.4000000006	479.19999999999993
46	110111001110100011000100000001011000101001010010000001101000010000011100110100000000110110100110111100000010000100101011101101001111111101101100010000010011111010111001001010001011100000110010001101110011111111000111101101111110001101101	1008229.6000000003	500.5999999999998
47	010110100110111101110001001011101010110010000111010010100011100110111001000010011111110101111101011011001111100110100010000111001011110001001101111001000000010101111101101111011010011101111001000011001010110101111010011101001110011011001	1219403.8000000003	562.0999999999999
48	101000101001111011011100110010101111001100111001011011101111011101001001110111101000010000101001110001001101100010001000101110010011010111101010111000100011000101010000011101101010001100101010000010001101000010011111111110000011000001000	1064004.8	506.29999999999995
49	100100110110110110100000100111000110101101001011010010011111010101101110110000011101110110101000011010110000110010101100111110010111001000010001111000001000111011111110011001000000010101001011010111101110101001100010100111110110111100010	1098969.5999999994	533.9999999999999
50	000010011000001010001011011000010001001000111001010101110101110000100111010111110000011111101101110000101110101101110100111111001101011000010001101111101010000000000001001011111100011000101100011111001111011101111010001111000011000101111	1136521.7999999998	525.1999999999998
51	000010000000000001110000110101011010010010011110110100101101010110110011110000111100011000001000100000001101100011011101001111111100011111000011111101101101010010100011011011010010110011111001111010001110111011101000000011101111110000110	1196508.6000000006	524.6
52	011111100110010100010100111001100011010101000010111010001000110111010110001100111000101010111010101010000110011110110001101101001111011000110001010000101001010010010111010101101111001010010100000010000010010001111110011010011000100101010	1095765.2	496.80000000000007
53	011111000011010111010001011011000101011101011111001011000001001110100000000111110001100111111010001100111010101000110000001011011111101111001011011000100001011000010011110001010010111000101110111001001101101101111001011110011101110010011	1155071.2000000002	548.5999999999998
54	101011001101000010010100001100000101011011011111110111110100111110000100100111110011001101111110011011110100110101011000101011111011001101100010011010010110000000001111011111001101110100001100001011101101010111000010011111111101101011001	1249705.5999999999	562.8999999999999
55	111100000100000101000001000110101110011010100000101011010001101101001001111100111011000111101000101111110001110100010011011001111101010101100101000011001011000011001110011011100100110111001010101011011001111001000111010111000110010011100	1152603.8	519.8
56	001101101010110011000010011110000010111101101110110101110010100100001110100101101011000100101101110100101001011000011111001001111001110000110000011101001110110010011000000110110101100000010100010100001011110010110100110000101000100111000	1047802.4000000003	488.69999999999993
57	101110110001111101100000101111011100101100001011000000110001111101011111100011100111010111111100100110100111001000011111010111111101011100100010110111111011001010101110110110100001000000110010110001011011010100000100011101000101001111011	1260508.6000000003	559.1999999999998
58	101100100001001111100100111100110000010010111101101001010011100110001010101111101010000101111111101011101011110001111101001011100111101000111001111000100010011001100100101001111001101001001111100000011010101111010011110110001110001101111	1191858.2	563.4000000000001
59	000100111101001111001110010111101111011011101000101011000111101011001000010011001010101111111001000001011010011100011011010111000000101100000111011000000100011101001110011101000111001000011000001011010100010011100111001000000111001001001	1076797.0	494.8999999999999
60	010101001001000101001100011011010101000110000000011000000001011110011111100110011110111010100000110010111000010010010010100000100101001011100010000000010010001101011111010100010100101010011010101001111011000100011101000100000011100101110	941010.6	439.0999999999998
61	011111100111111110010101100000100100111101101001111110001011101110011001110011110101110001010000100000000001010111100111001110010111100101011000011011101001111010101000111010001100110001110100100011000101110010011100100111110101101100110	1118993.1999999997	555.5999999999999
62	100001111110011010101111000110000001011011001111100001001000010111010011111100001001100111111000111011110101111110010110011001001101101010111101111100000111010011100011010010001001110111101110010001100100001011110101001101111110000010010	1166864.2000000002	552.4
63	000010001101110100000001000001111111010101011101011011100101000001110111011000100010000100110111111001001000100011110001010101111010111001110101100011110011011110101110101011001100000110101010101010100101001101101110111010010100001111101	1152609.0000000005	522.6999999999999
64	101110000101010000101110010110000001011101000001110010000110111111011110010100111100101000100111100000010111011011110100000111011110001110110101001010101110111110010101111010011101101000100000100110100101011110010010100101010100101011110	1192217.4000000004	533.9000000000001
65	011111101010101010100101001101100110010100111110111001010010010100101000101011111110000101110111011011011101100010001001111101011110111000111010111001111001101111001111101000111011101110101100110010100100100110001110100111100101101110100	1277522.0000000002	585.0999999999999
66	101110100101010000001111010001111011111001001101110010101101011101001111101011111001001010010111111111100000111101001000000011100111000010101111001110011001111110011010010000100111000001101011001010001011001011000110001010110000001100110	1090026.1999999995	528.8
67	000011010010111110010100001110111010000001111010110110001001010000100110110110101001011111001001111011111100110101100111010111110100000110010010001111100001001111000011001000111011111100011001111101110110000010010111001101111101101110010	1155832.8	556.1999999999999
68	010001001001100001001001010100111110110110010001011100111000100000110111010010011111111111111110011111001001010100101101101111001101111111000100010101011101010101010111001101000010000110111011001100000100011001100111111110011001011001010	1196726.2000000007	543.8
69	001101000001110101001101110010000011101001001111001000010001010010101101110100111111001001001000000001010101101010101000110011100100000011111100001011011010000111101101011011001100000001100110000101100000000000001000001111011110100100011	1032429.2000000001	454.0
70	000110011110111100110011001000100111111000010100001011111001110101111001001110101010100001010111001101011110111100110111111101101110010111000101010001011101110010010111101010111010010110100000010111111111100000101001111000000000001110111	1287908.8000000005	563.1999999999999
71	111011010101011001010100000010000100111101001011001101111111100110011000011001101100010101111111011001111010011011111110110010010000111001110101001101000000111110011001111001010010111000110000100101001110011000011010100011000110101011101	1201886.4000000004	537.0
72	111101010001101100010011100010111011111110101100101100000101111101011111111010100101100010011010100001011011101011000011011011011111011100000010110010000010001001110001110110010110111110110101001001100101101100101001001011010101001001101	1185350.8000000003	554.4999999999998
73	100110110111011010011000100110000010000100000001111000101111010110011001110001101101011111101011100100001010111000010011111011100000011011000001111100001101101001001010101110001110000111000110100010111100111100101111100010011011110000001	1107274.8	519.0999999999998
74	100010001101111011001111101101011100011101011001000101000001010011101100101111010100010100110001011101110101100100111110000011001000110010000100110110010100000010111011001000000011100010010100101101111100010110001101001000001101111101100	995165.8	496.8999999999998
75	110111110101110010101000011001000010010110110001011011100100101100100110001100001001110001100101000011011000011001101001101101100010010010011011011010101101010110001001000010100100000000001101110111000011011100101001011000011101010100100	986087.4000000003	480.59999999999997
76	000011011101000000111001100100101100000111010000010011000101101101011000011001101101000110111001101100000110000001010010111100000001110010001100001001000000001111000110111111001000001111101110011011110100101100000010101011100001111110100	1003291.4000000003	467.29999999999995
77	111100011101011000111010011011001111011100001101101011010101101001011110101000100001100001110101000011100011000011011110011010011000000011110010000101100101110101011110001111101111101000110110111101001001110111001110101001011000011000100	1182418.8000000007	544.2999999999997
78	000010100010000001111110011001111110011110111101010001100001001000110111000111011100101001011110101111010101100001010101110100101100100111100100011001000111110001101011101001001000011010010101110111000000010000111110011001101001101011010	1110091.2000000002	523.3999999999999
79	010011111001000001111111101100010000010110110101111100010011001111110010011010001111100001001101000101100111101001001010000010010101010111110010111010001001001100101110110110101111000010001010000111000000001111010000110100000000101110101	1111785.5999999999	498.89999999999986
80	001010101000011101011111011110110000101011100101101001010111011001101100101000110001000100111100110110000010011100011010100001110101001100101111001110110101101100000110001100111011011111110001100101010001011110110011101111010011001100111	1169775.6000000006	543.5999999999999
81	100110101101011010011110101000101101100001010011011100100001001001111110010110101111010001110101110111111111001000110110001001111011111001110110101010110101001011100111000100011110010011110111100000110100010110111001000011111101001101010	1201064.2000000004	567.4
82	001110100111100011101010010010000100111010011110110100110110001010010000111110001011100110011111101100001001011000101010010111100110111000001111011111010110110100000100110110000101001100010000000000100100100101001000000101010101111111110	1067565.2	496.90000000000003
83	100110110110100000111010110010010111001111010010011011110010011011100110011010100010110010101000010100101100111001110000101000100100010101001010100111111111011100100101000111011101101001010111010011110110000000000011111100010010111101010	1143693.4000000001	522.8999999999999
84	101110100011101000001101001011101110110001001000010100000100011000000101101110010000111001100011010101010001001000001111101011000010001101100100110110010101010101110100111110000000110001000010010100001111001110000111001001000100100110010	1017747.8	450.3999999999999
85	101101111000001100110101101111110111111101111100110110101001001000100111001100010000011101101010011000100111100101101011011010110000111110011001100101100011100101010010011111110000110010101111100111111011010011000101101111101011100111111	1312071.0000000002	596.0999999999998
86	010111111101011110101101111111100111010000100100111100111110010110101000000111000011101100100010101100111111111110000010011011001100110000010001001111000001000110111011110100000001110010001111110110101001000001100011000000001011110001111	1142371.4	535.7999999999997
87	000011100100001000001110000001101100100100110111001101101101101111001011111010111110100100111011010110011010111101101010010001111101101101001101110110110000110000110100101111100010101100100011110000111001000111101110110011000011011110010	1225579.2000000002	541.4999999999999
88	000111100110100100101100101101110101001110011001011001000101111010100100011000110101010001001111110010110100100001010011101100000011100000000100001011100000000110011011011010010000011100010110000011110001010001011000100001000011111001100	980405.7999999997	456.5999999999998
89	001110101011010011010010111000010001010110010010111011010011100011001001011011000111110000100001011001011001100010001110101010001111010000100101000111011000111101001100100000100000100001000100011000011110000000011010111001001010110101101	945454.8000000002	457.19999999999993
90	011110010111110000101001001010000011010101011100010101101111111101100111001110011101011001101111000111110010011110000011100111010010100000000011000100100111111100010011010010101001010110100010010011011011010101010000111101001111000011000	1098139.2000000002	529.8000000000001
91	000001101010000101011011000001010110001101000100100111100010010111011011110110001110111100000001000010010100011110000011110001010000000100010010111100010100111000111010111101101001001000000111101001111100011011011001001110010001001111110	1078815.9999999998	479.8999999999998
92	001010111101001000001110110101110110001010010110100000100111111100011001001101110111100011010100110001000011111111011011011110110110100011010100000000110101111110111000111110010001001111100100111101111011110010100100000101111000111011100	1254733.4000000004	555.2999999999998
93	110101110101011110000100000001110110111011001000011011010001111101000110010011010111111110001010001111110100110100100000010010011000110110110000101110010111111001001001110100000110000010101110010100010011001100111100011101101001111110111	1092830.0000000002	531.1999999999999
94	100110101010001111111001101001101100011010000110000010010110001110010111101011101111110110010101100011001100110110111001010110111001110001000101101111011111000110111000001101011101001101100101000010101100100100101100000101001110110000001	1152729.8000000007	532.8999999999999
95	000001001011001111100000101001001010001000001110001100000010101110011001101011101111111111100001010111101100000000000111111001000010010001100111111000110001010110000010111100010111001101110001010100101111110010110100101101101001011011101	1070240.2000000002	502.3
96	001010101110001000100010010011100010101010011011101111110111000111001001100101010111100101011000000000101011001101110001000110111010000100001101111111000100010010011010100101111100101011000001110111000011001100111101100010100011100011010	1114508.7999999996	501.1999999999998
97	110001111011101000001101111101010101101111101111101001001000010001001111101111011101011111010110010010100100000000000100011010001000000110001111011100110100101100010010110100010110100110010011111111001110001111001000100000111000011110111	1078759.4000000001	526.3999999999999
98	110111110100001100101100011110000100011010010101001110000110101110000000111001001110001111010110100101100001010000110010001000011011001010101001110100110111011100101011111110100011011011101011011100011000011111011101110011100111110101111	1207121.4000000006	546.6999999999998
99	101011001111110011011110110110001001110110100001111011010100100001000100000101100110001000010100100011010110011010011101000001011110110111001100000001101110011001111110111011001011001000001001010011011110010010001001000110101100111001010	1149450.0000000005	506.0999999999999
