SOLUCIONES INICIO 

0	000111010011100000010111010111010111110011001001111101110110110010011101100000110000110010100111101111010101001011000110010011000011111110100011010111111010011110111100000110001011011111111100101010001001100111000100001101000111111110	1305964.8000000005	556.6999999999997
1	111101111111000111101000001111010110000100110111011011001111111101001001111100100010000110001000000101000010001111011011001010110011111010100011101010100000100100100111111011000000001110111010001000011110000010010011100010100100101100	1272114.0000000005	505.00000000000006
2	101000100101011100001011100001011001100011110100000010011010000111111010010011000110001011010111011100010101110001000101100101110110010110110000000110111000100001111010001111111010001001111001100011000101011000101001111101110011001110	1185468.2	508.8000000000002
3	011011001111100100010111001110011101010010011110011001100000001100011000001110011010000111111011011100010101011111010100001100110011111011000111010000110000101000100110011100110011100010110111001110101011101111110010010010000011101001	1244916.5999999999	524.8
4	000110010100100011101011100001111001111001100011100110001111001001111001000101011100110011001101000101010101101111111010011000011010101010001010100110111000101100111110110100111110010100110010111111101001001101101100000111111001010110	1323136.4	552.5999999999998
5	111000100010101101010000010111100101011011010000110011001010101110011010001010110001010000111110001000010011111010011100010010110111101111101000000100101001100010000111110101110101010010001101111000000111110100011000000100100101100101	1216825.3999999997	487.2000000000001
6	100000101110111000000110010001000110111010000011010101100101001110001111011111100010110110010110000100010010001101100010101110110001001110001000011101110111011000011001110010000110000010001010001010111010001100000001001000100110011010	1139173.6000000003	452.6
7	100101110100001011000110010001110011000111001110010111100111111000101010100000010011101001110011110010111011011011010010000111101111100011011100101100111110100110101100011000110000011000000000110011110100011010001111011100110101010011	1262564.4	520.4
8	101010001011111111001000100011001101110100000000001101111100111100011110001110111010010010101000011100001001100101101001110000011110000100011010000101101110011011111001000101010000110100011001010000000100010011011011101100001011101000	1131719.0000000002	472.40000000000015
9	100011100111111000000001010010111011010000111100101101100100110000111110001110111010011001111010110110100010110000000110100011010000101011010001001101100000010111001101100110110000001100101011001100001101010101111101010010000111000000	1153748.8	472.6000000000001
10	100110010101001100111000101101111001101111111101111101101111011111110011010110100100110011110101111000010011010010101111101001011100011001111111010011001101000010011111010011000011111011101001001101011100001101011011011110001101000000	1403366.0000000005	583.9
11	110000001111100100000001011010101010010011011010110011011010111100010010111111100001001001001101010000001110000011110010110100101110101111011000011111111110001111000100111101111011000001010100100110111011000001001100011110001010001010	1263108.0000000002	517.9
12	010001011101000001011110010110111001101100111100001110001001111010100111010111110000010010000100001100100110000101000001110101011100001100101011001100001011110100100101011000011111010110111010000011010100010000010110110100100101010111	1123921.0000000005	492.3
13	111101001111001101101111110100101110111101110010010111111100101110110001011001100111011110011101010110101010011100110111111101000110011100011100111100010000100111011010011101101111001110000100101111001001101101010110011000111110100000	1396307.4000000008	598.0000000000001
14	000101101011110110001110111001111001000010101000001101010011010010011011110100010100001110110010011001011011000011110011110001001000110001101100001001001001110010001001001111001111011011111001011010101111011001001111110100000111101101	1205262.6	526.3999999999999
15	000010111110111011010100111101100010101101001111101100000001011100011111101001100000000111010101000010110101000011100111000001011010110000000011111100001111001010011100010011100001000101000010101001000000011111111000100100100100100011	1103188.4	478.8
16	010010100110000010010011010100010010101010110110011100110100110111010011010000110001010000011101010101110000010100101001110100100001011010010110010111100001010001100010101100001100011010000010100000011111010010011100011001001000011010	1052396.2000000002	444.00000000000006
17	110000100101001101000101011010110101101111000110111110111111111101011101101010100111011011111110100001011101011110101001000000101111111110010101011001101010100100110000001110111111101101101011000111011011111101110001011001011000011100	1339457.8	589.5000000000001
18	010000001001100111000110010001110111000000000110101000111110110111010011001000101010010100100000111100111100111111110011010100110110101110001010000011101010010111110101100010001101100011111001101110000110111011001110010011000110000110	1233132.4	497.30000000000007
19	001001100101101111010010011100110110000100011100010101101011011111000111100010110010101011100011000110010000100010010101001000010001011100100110010010101100000101010001110010000110000001011110101000011111011000111101011010000101110000	1079325.4000000006	466.70000000000005
20	011110101011101111101010000011110111111110111001101000100101000011010011100011000000010111111110101000110001110110111010111101110100111100011101000000101001110000000100000001011110101010100000110101001001000101011111110000111101100110	1159586.4000000004	527.4999999999999
21	111011001010100011000111100101111111001000101000111110100110010110110000110000111100010011110111010000111101011010010110111101011100010100111010010001100111010011000100001010110001000110011000000000110110011111110011110000101011000000	1193282.8	513.2
22	110100111010111010100101001000011010101111101111001100001100010101110010011010001111001001001001010100100110111011000011111100111110000010001111100110011101110000101000010001100111101000011001000100010001101011001111111010001001011101	1191135.4000000008	517.3000000000001
23	000000110001111111011001111101000110111111100010100000011011100100100010100100111101100001000000101010111111011010010010001000100111111101011110101000100110010111101011001110000001100110000011101001011101111110101100100110101111101000	1314591.8000000005	529.3
24	110101011000100101110010000101001111010010010011000010111010001110110110110010010010110010000110011000001001001010000101111111111000011011000001000010101010111101000011010110111111011100110110101111101001010011001010000001011111001000	1163922.0000000005	501.1999999999999
25	101101111000001101100011110110111000101010110100110100010010000101001011010111010010111000101000100100000101110011000011010110100110010010001110100011010011001100110010011000010100110011011100101101000101111101001101100001001101110000	1125332.6000000003	478.20000000000005
26	110000000000010010011010110111110111101111110110001101011111000101010010111010001011101000111000110010101001000010111011110011100001111010001000111010001000010111111111111100111110110101101010101000110101110101110011100111111111010000	1371843.2000000002	557.2999999999998
27	100010110000011101010110111101100010000101101111000001111101001011110011110100111000001010100100001001111011100111001111001110101010010010001001101011100101110110101111101110010110100111000001111101100001100100101111100101000110100011	1386690.0000000002	537.1999999999997
28	001011110001100101011011110001010010010101101110111010001011100111110111010111001110110111111110010111000100001000110111011100000010100111011111110010101010110001010110110101000001111110110100011010010011010010001110101011011111011100	1306219.0000000005	566.6999999999999
29	001100001100010010110011010001001000000001001100101101011000111101111001111100110100101010101001000101011110111100010111000111111001001100111000010100111001101111110110011001101110010001011110100001010100111101100101000010100110101011	1254062.8	518.7999999999998
30	101110000000000101010000001001000100101001110000110011001010100000001111001110000011001111101111110000011011010010100001011101100011000101101010000011000010100111111110100001011111110101101001100001000100100001001100101110001011001001	1086525.2000000002	444.80000000000007
31	001111010100111011101001000000000100111101101100011100100011000010100101101001110011011010111001111011100100000111000000100010000010010001111111110111000010101100000001100010001000111011011101100101011001111010100111111101100000101011	1110218.4000000004	490.20000000000005
32	001001100000001010110010111011110110010100011111010011011010101110001000101100111001111000100100110001110010101101000010111011100001110110010111011100100011010101110100000011111010110000111010000110011010011110011111101101001011011001	1183238.6000000006	526.1999999999999
33	111011110001110001101011110001101001010100101000010110100010100001001100010100100010001011111011100101000001101001111011100011001110000010110110110111010101011101011101001011001110001111000101110100111001000011111000010000100011110111	1230356.9999999998	508.90000000000003
34	010111001010001111010001111101101101110000010001000111000011010101011001110010101101110001100000000000000111110000010000100011011000101001001001100000101000010110101010010011110010110110101010101111000011101010110110000011101110110000	1057857.8000000003	472.4
35	010011011110100100101010110101000000101001111001100111110100101011010010011001010000011111010101110001100111011111010001110001111011010011010100101011010110100111100010010001100110101111000011101011001000101001101010101111010010000010	1192442.7999999996	520.6
36	110101001001011000110011110100100100010011001010000101010110011011000100000110101110010111111000001100010000100010101001101110010111000000111110110001110111010110101010110110110000010000101011110010111111111101010110100011011100011100	1258624.2000000004	505.89999999999986
37	001010100011101010010111011011100111011110001111011010111010111101011010010001001011101000101001101100110011100101001010100101000000101111101011010011010111000001101000111001101100001000111001010110001111110000110001100101110010100100	1210341.8000000003	513.8000000000001
38	100100110110111100100001000000001011000101010110101100011110011010111011110000000111101100100110100010111101110101111010110110111010011010001011010010000101101010001000110100101010110000001111110001110100110110001010100000010011110101	1211025.8	494.4999999999998
39	011010011101000100110110000000111001011010111111001010011000000100111010001101100110101100001000010101010111111011111111011100101101101011001001010110110011001110101001110000001100001111011110100010111000000010101001010000101000101110	1254845.6	510.59999999999985
40	011001000001001100001011100010010110001010100111110010010001011001000000101010011001101100100110101110001110110000110111111000100000110101011111011100000101011010001000101100001010110100011010111011000011111001000010111010111101000011	1135078.8000000005	475.4999999999999
41	110111000100101110111101001001001000100011111010111100011000011101011001101110100111011001110000100100110100110110111011011011101010101101101001111010100111010111111100101011010110110000001100001101111001111101111101100010110000110110	1390781.0	562.3999999999999
42	001001000010100111000010110100010110100100010010011010011000000001001110000100101110110010100001001010101011000100011110001110100010010011101111101011110110111010011011011011000001111100010010100111111100110010000100010001011000110111	1213481.4000000001	472.99999999999994
43	101101111100111101010001011010011011001001110001001110110100100011110110001100000000100000010101100111110101010001101111011110001101011111010010101100110001111111000010011101110001111011101001110111010101010101110011001101110000011110	1305096.7999999993	557.8
44	011010000110100000100000001101111101000011001101010110100001001100101101111110000111000000100001011111001100001001001011100010001011110101010011000010110100111010110100110010011001010001110111101111011101110011110010001101001101011000	1175367.0000000005	493.0
45	100000111001110100011100010001011001010001110001001001101000000001110100001011001110110001011101111011100101001101000010010000010110100101000111001110100010010101001001010000000000111011010101010000111110000001111110110100010110011100	1046798.6000000004	452.8
46	011000101001100000010110111100101011000001000101010101001110110000011111010011011001110011001011111101011011111111100100110101001100010101010110011100111001100010100101001010110100100110101010101101101100000011111110100000101001110000	1257533.5999999996	518.0000000000001
47	001100011001101101010000011000011110101110110000001101111110000011011000110100101101001010000011001101101011011111110111011010001011100000110000110101011101001100000000111101111101110010010000001001010001000101100111111110000001111111	1224196.7999999998	516.5999999999999
48	010001001000000011001110101110011111001100111111101000101011100000100011011000111010010101111010101000010110001100100001111000000101100111000010001101011010010001001111010111111011000110111001011100010101000111010000111001100001000010	1179236.9999999998	476.50000000000006
49	001001101001011000100101010011000001010001010110000011010111000010101110101001111110001100001011110000010100010110101111100001010101101010000101101010101101011111000000011010111110011110000011110010111100100001011010111010111101001111	1161318.6000000006	502.5999999999999
50	101010110011010010110111011011111000100110001101110101000011101010000011010011101011100101010110110000000101110100101001110110110111001001010011100111000101100101101110111101111111001111100101100111111001010110101010101110111011000101	1374630.6	571.1999999999997
51	111001101111110000001000010011011001101010010111010011111100100010111010010111001011000100100101101100000100111010010011011010000101001111000000001011011011101010110000000000111001001001101110110000001110110011100001111011001010001000	1031276.3999999997	474.09999999999997
52	000010000101110100100111101101111001100001110011010101011001000100100101000101001011100000111011100111110001110111000011100010001100001110111001000000110001101001101001011011011011101010000010010000110010011110110000110110010000000110	1147629.2	466.8999999999998
53	000011000001101000111101101001101110000011010110001001100010110111110010100100000111110000110011001100100100101011010100100011000100010001100010100010010101011001110000111111010110111111011001010011100111010101011011110001110010110001	1143537.200000001	494.4
54	011000001100101010000110111110111110110011101111110001110101011110000011111100011000010001100101101101001101010011000111101000111110000011011101001001011010010111111100100110100011010101101000010110000100110101000111110000010001000111	1291703.2	522.8
55	100101000011011000000011010010000011001101011010001000011110011100000010100000101011010111001010111101010000110100101010101001010101000001100000101000000110011000110100110000111000100001111111111011001101010000111101111111000011101001	1032736.4000000004	457.1
56	101011000101010111111000111001100101101110110011000000000000100000010000111110101010000000000110110001110010000111001010101100101111000000011111010111011111111110100011000001011000101001101100100110010111001100111100011111101111101001	1156590.000000001	505.2000000000001
57	111111001111001110100001101111100100010001011000110011010001101101000111001001001011100101011011001111011001111100111101000111010010100000110001111001001110011101100100001101011011110001010111100001110110010111111101111000010101111110	1279688.7999999996	569.5
58	000111101011011000010110100010011000011100000100010011110011111001110001111100100010000101110111010101101010111010100111101110000010111101111010110011010101001000010000101100011010001000101010110001001000000111101111111100000101011101	1194132.2000000004	502.89999999999986
59	101011101110110001010110011100000111111000110100011010101000110001101010100011110100111011010111100101110101010000001001011100101100000110110010000010111010010110010110010111101101111101000100001011000111100101110100111101010101011010	1220689.9999999995	532.2000000000002
60	010011110101010101001000011100001111001111010110101100001111101001100010110001010110001111011110111011100110111111110011111111000000111000110100101110010111010010000110010101001110001010000101111100000110010111110110110111000110110101	1318286.2000000004	554.6999999999997
61	101010000100110000111110010100101001111101100001101100110110001111011111110101110110110011101101111000000000011101010100011000000100110000111000011011001010000000111011100000010100100101101001111100010101011111000000101100110111010010	1108780.4000000004	492.6000000000001
62	100011110110000111001000110101101010001001111110000100111100000100110010111101011010100100100010101000011111011110101001101000001111111010000000101100110000010000000110101100000101001100001000101111000101010100110011111111101110110110	1188446.0000000005	489.6000000000002
63	111100010011100010011001100000010000011100110110111100101110011010101100010110101011000000001101011110111110010010111000000011001100010010011100001000000111011110110111101010011010011011011100111100110101101000000101111111111101100010	1243129.8	524.7999999999998
64	110110100101110000111101100000011010010110011110000111110010000011101001001001101001110011100110000110101011001111011010010110110100110010111101100110000001001111100001100111100101001001100011110110100111010100110000010110100011001010	1229323.9999999995	514.4
65	111101001001100110111011101010100100101100001111111010000000110000010011010000010100000000100011001001101111001111101010110100011101001110111010111101100100101000010111001000001001110011010110001111101111010000011100101001000011000010	1197002.7999999996	490.0000000000001
66	111001010100111111101001100101010100101111001111100111101110000111011001001111111010100011011001001101000011110110010100011110000001101001001111001100001110100001101110000110001010110011101101110110000111000011010001101110111101001001	1289478.2	547.6000000000001
67	111100101100100101100111100100100001000001111101011100110101111101110111001110001000110001010011011011011101011110001000010101001011100101111001011001000101101001100100011110110100111011101010011001111001101111111100000010110000100001	1287413.5999999996	544.0999999999998
68	111110100011011101010111111010101111001001001011011010101001111101100100001111001010111100111001000000000100111101101101111011100110100000010001000111110110010111010101100000100010000001110011011110010001010111111100110101111010011000	1257085.0000000005	540.1
69	110101101000101111100110010000010000000001111100101000001011100011101010001101010011001110111100000110100100111010100101010000111110010011000101001011011000100111000100001110111000101010110111010101001100010000011110101010111101011001	1125171.2000000004	487.4
70	011001110000101011111111111100111111010101111001010001101111010110100011111101111011000111000111010001111011001011011011011111110110101101001111001011000111000010111110010001000111010001001111011111110110111110010001111111111110111110	1455073.2000000007	649.7000000000002
71	111100000011100001100101110111111111101011101001011010000011000001101000111101001011110000001011100000011111011101100100010000000000001111011111001101101010101110110100101110111010001111001001101111010111101111000110011101011101010010	1298471.8	546.5
72	011110100000001011011011001011010011111111111001010111001000100001101100000001110111001111001000011101000101000011101100100111001011011001011010110101111011000011101100100001011001000000111010000011111111110010010100010011100110000111	1184499.0000000005	516.5999999999999
73	010110101011001011111010010001011010001010011110110101100100100110110001111101110010000011100110011110001110010001011011110000011010110000001101100000101110011011001001111000111111010000101111000111110011111011100100101001011110000011	1244643.3999999997	535.2999999999996
74	011111100011000011000111101101111011011110111111011110111111111100100110001010100110110001101011001101010111010000110000001100101100110101001000011001001101110011001011110100110101111101111111000000111100001010101011010111011110000000	1344468.4	569.4999999999998
75	101010000111011111001100000100000010100010101111111110010010110111110011100101101000011001100100101100111000010010011111000000111111011100101111110000000011010100110000111100010010000011110001101001000111010010110011001011010000011010	1195427.2000000002	489.59999999999997
76	100111101101111011111001000100000110111110101001001101000010010111011101110110000110100100001000110100110100100111010101100110010011111000111001000010111001100111101100010000111100010011011001101011101000100011001111011000001010000100	1165594.2000000004	507.6999999999998
77	111001111110100001110101110111011000010001101101111000010000100100100000001111100000110111111110100010101011001000110101011001000100011011111000100000110100101100000011100100101001100000000111010100100001100011000001001111000110101101	1091647.4000000004	469.8999999999999
78	111001010110000000011000100001010000001000110111010101010010111001110100101011000011000010000010011101101110001111011000001011111000000000100110010010011011001100001111110100010110101011101110011101011110001001001000100100001100011100	1167065.8000000003	461.9999999999999
79	100001111101101100010101110000010011100001100100000110010100011101110011101001100010111001100001010010001000100001100000011110001011101111010000001110001100110111111000110101111000011101011100011011001000110100110010100110000001101010	1111757.4	469.1000000000001
80	100000111100011101000001110000010101110100110001101010111110111101101111101001101110101100000011001001000011001000001101101011100101100010000110010111110011110110000111100001101101110011010110100111111110011011010100001111100110001100	1215913.8	535.6999999999999
81	010001011001001010111001111111100110111011001111000101000011010111101001000111101000010000110010010001110100101011011101110010111101110001110101010111110101001110111111111011000010101000111011011001100011101100110010100000001101100011	1420276.4	552.8999999999997
82	101000101110011101001111010011101110011000010010011101010010010010001010100100111101101011110100010010111111100101001101000010100111011001001011101110001001001011111110101001101011100100001001110111111000010001110111101000000101111110	1269329.8	541.5000000000001
83	000111101010101110111111011000011111010010011110010010010100100111001011110001101001011111010011001000111111001001101011111000000110010001101111110011010110011110110111000100010110101001101010010100010110111111110100011011111011011101	1336167.2000000004	580.7999999999997
84	100101110110001100100110100100101111100010011011010100100110010101010010100100101111011001111100111111101000011111111011000100001000101000000100001010111011111110000101011110001100111111001001111101111001010001001101100000000010001011	1269831.5999999996	510.3999999999999
85	111101111111011111111010010010011111001001001111101100100000011001010101110000001001001011000110001111010010010001001011001001000010101010100100011010100001000100111001011011000100011000011111101110011010100110011000100000111111001111	1167568.0000000005	513.9999999999998
86	100001011010000000101001010110111100111001001010101010101011001100110100011001011011011111011000101100000001110010100001110110000100110000110011110000101110110011100111010001010110011010010000110010010011001001101000001111101001001000	1114839.0000000005	468.29999999999995
87	010011110111000000001110011101010111001110110011101101111110100001100000100111010100111000101111111100101110001100000010111100110011110110110000011001111100101110101111010110010111110101001100111101111110100001010111010110011100010011	1397164.2000000002	569.6999999999998
88	011101001100001011001101111100110100000001111110000001011010001010111101110110101000110011100110100010111010001010001011000110110010110010100000001001010100000100011010100000000010000000110101111100000111101001111110100110111110000000	1030332.2000000003	464.7
89	001010010101011110010101111101100000010010100101010010000100011111000011100111001101010101000110010000110111100001010111010110101000100111001111010010011101000011011100100000111010101001111011111001000110000110010011110010110001001000	1137117.8000000005	497.3999999999999
90	110100111111000011000011011101011111010011110100100100010100111101010111011000001010111000110110111001100010101010101001011100010000011010110011011101101110011000100010100101001111101001101011001011011110000001010011001011010000101011	1188061.8000000003	513.4
91	100001001100011100000110001101011010011111101010000110111011100110110110001111111001010001000110000110011001111010111001010100011110010011011011110000011111000011111111011111110110011111001001011001010111001100000000010000011110111111	1401368.0000000002	556.0999999999998
92	100111010001000000101101010011011010000111001100111100011010110001111110101010011011001010111111000010011100110110111000001001100111111111111110000101011010010010010110011011010000000100001010011101011101111101101110101001110110110111	1306121.4000000004	547.1
93	101000011010000001001110101010101011110011100111000001000100111111101010001100100100001101001110010001010010100011100101001010110110101101011010111000011010111000011000011101111000111101100101101011110010011110110100011100111100000001	1154726.2000000004	510.09999999999997
94	011100000001100010111000010011010001001110001111011101100101010010000011010111100111111100001111010011110001101101011110100011011100010101111100100001001111101000111110001010001001100111101011110111111010010010100101010101110111111101	1302782.4000000004	557.4
95	011110111101100001110010001011000011011000111010100001111001110110011001101111110011001000101100110110000000001100000001000000100101011000110001000011100110100001010001011000001101011011101101111110000010111001110101010000110010110010	1024286.6000000002	471.5999999999999
96	011010010111011000010101111110111011001010110011101111100110101111111011011001101011101110110100110110100100100100110000110100011100000011111000100110011010100100111100110011111101001011101001001111101100000010101000110000000100000011	1239333.9999999995	528.6
97	101010101111010011011011010100011111110010100110011000011001010011001100001111101110001010000101000110101110110100110101110001010011000010011001101110011101111000100001100010101000010101101001111001011010010101110001100010010011110101	1199313.2000000002	515.4000000000001
98	100111010100000000110100100110100111100010001011010101110000101111010000101001100110110000000010100011011110111000010110001000101110011001101101011110110010011100110100010001000101000100000001110000011100111101011010011010000110111101	1126240.800000001	467.9
99	010100110111111001011101110011100001100111101001001011101111101101011000011111101110010101100101110101001101110001110000011001011110010111000111100101101000011010011101110001001010111000100001001011100010100101111011111100110010000000	1310272.5999999999	541.5
