SOLUCIONES INICIO 

0	0000001111011110011100110001111011011111010111000101010011111100000111101100111110110100101010011000001011011001110101011001000000001010011001101011100010011000000100110001000011010100010011101000111011000100010101111000010100000111010	1108093.7999999998	501.20000000000005
1	1111111111110000111101010001010001001100001110010111001000001100001100111001001101111010100111010110111101010010011001000110011010000101101101010011001010110100000100100011000011101111111111000011110010100101110101011100101000010101101	1165356.2	524.0999999999999
2	0111011001010101001100000111101011111010100011010010001010110101001100111111011111101011111101101000011010001010010100000000010101000101110110001000001101101011110001110111101101110001001000000001010000111100011010011110111110100100101	1258836.3999999997	516.4000000000001
3	0010101000111101110001001011001010100111010010111110111010110010111010101010010001111001111000010101101001101101010100111110000011000000001000000000010000100110010110001111011000000101001111101010111011101111111101000111001011010001101	1180279.1999999997	509.0000000000001
4	0100111000111001111000001010100011000111110001110010111000101111001000001011000101000100100111110111100000101101100101110001010101011010101001001010100011110100111011111011110011000101000001100000110100011111000110010110111111000110111	1337691.3999999997	516.2000000000002
5	1010010011011001000111001001101100101101111001110101111000000010100101001000110011011011001010111110010011110001110111000100000110110110001010011100110000110101111011100010010011110100010100010101110111011010010011100111100100111101110	1234401.7999999996	532.9000000000001
6	0000111010100011000110001110011011100001110001000100011010100011101011011000011010100010010011110001101101011101101000101100111110000001110000101000101000011101101000011001111010101100111001111011100011101001001111010111110111111100101	1217132.9999999998	526.0000000000001
7	1011101010010101001101100000101001100111010111001111001011111010100011001000001101100001011010110001110110111101101000000010101111001010110100011001101101011001001110010111010101001001101001101001101111000001101110001110010011100000011	1274787.2000000004	521.7999999999998
8	0000010100001001100110101000111100100011100011000100011111010111001010011000001110111011110110101000101001100010111011010100010101111111111000001010011101000000111101101110000111101000101000100010111110000110011011001110111011010110001	1213396.8000000003	508.6
9	1000101100001000111111011101101011001111100010010100001100110110111100010100110001000011011100011011001000011000001010100110101011100100110001010010001101011100101100000000101100000011001111010110001010010111100101010111100001101101101	1046164.7999999998	490.9
10	1001001111011010000100110001010110011011000100110101000100000011010101011000100000101101111100011110000001010010001000100010110111010110001010110011101010000110011100101110101010101101100100101001000010000001000000110000100001110010010	1064018.0	427.2999999999999
11	0011110000101100101011110111001111010100000110111000111010011010100111010010000101011000111001111101001010110110100101001110011000000110000100110001010000111001101000111000101000100011001000111010111101011101111001010101101000100001010	1141545.0000000002	500.49999999999983
12	1001110111010110110000011101011011110100111100010101101010111100011100001001000101100010010000101011010000110010100010101010110010001010001101111000110100011010100011010111010000010100101110110001011101101100100010000010000000100010100	1180252.7999999998	467.40000000000003
13	1001001011001100001010110001111111111101100100010001111101111001010101101011110111100001000100010001100111010011111100001001001100000010001111100011011111110000111101110011110101010000011000100101111110011110101010001111100111100000100	1347281.7999999996	537.0999999999999
14	1000100000110100101111000011011011011101000010111111100000001011101010100001011110110001101100101101010000110001000101011101001000100110000001010101111101010000011101000110100100100101111000010101100000010111101001111011101000011111101	1117864.4000000004	486.09999999999997
15	0001101100110000111101100101000101101000000110001011100010111110000100100011110001110110101100001100000000000001101110110011000011110001010011010101111101001011001100110100101000000101110101000100010001000111000111001110110011111010111	1102708.3999999997	473.3
16	0011111011111000111010010101010101110100010100011111100000000100110100001111010100101100011000010101101101011101101001111111000000010011101101111101001010001110110111111010110111110011001011001010111000111100010011011110111010010101110	1416743.7999999993	560.6999999999999
17	1100110001000100010011010010110100010101100010010011001001110111110111110101000001100110010100101010101010111110010111010100100000111001101001011101100100010100100001001101001001111100001111011001011110110101001110001001011010001000011	1157938.2	495.39999999999986
18	0111000010000000000101011010100000011010100110101101011011001110100000000000111100010101011001110101011100111011010101010111110101001000100010010100001101100010001010110111010010101101101000110100110001110111011110010010101101010111000	1205754.0	487.70000000000016
19	1101010101001111000101001001000100001010101100001001010101110000111011000110101011110010101010011010111100010011011110001111010101000010100011011011000101111000010001011110111001100101000010100101010100100110100110000110111110011100110	1249044.1999999997	503.8999999999999
20	0000100100011011001111111101101000100100111110000000101100010111010001000000100011001101011001011111101001110100110000110001010000110000110010100011010100001110010100100100010111101101111000111101001110101110110100111001001100000101011	1079365.4000000001	492.70000000000005
21	0000111000101110101111110011010111111001110010000011101111000010001000011100111001000110110011000100010110100111010111010010110000110111100111010111000001010011000000001011101110010111101101110001000000100100111110010000010010100000110	1155994.9999999998	497.79999999999995
22	0011110010000110101101010111110100001001001110010010001001111011011101101101011111011100101000010001101010001011101001111100111010001011001110111011111110111011101111010101111001000001000001100111101111001011100011110010111100001010001	1409538.0	567.7999999999998
23	0010101110011101010000101011111001110001110110010101011000001011100010100101110010111111010010100000010000100010100001101110010110111110010111010001100000010100011010001100011000100000110101101000111101010101100001111001000011101110010	1119090.9999999995	486.59999999999985
24	0000110000100001001000101111101100011000100111110101001000101011100110010111101111000100001000011101011000000011100000110001101000001011010100110001111110101000111110110001000011011010010010001001010100000010110001000101011010011011001	1078448.7999999998	453.4999999999999
25	0010111011101010001100000010010010110010001000010000111101110110001010010000011011100101100000010011001101111100010001110000011011001100001101010100001111010110110000010100110000110110110100000100100100000100110010101110010010110011111	1080795.6000000003	453.2999999999999
26	0011000000100110110110000010000101011111100000010000000001100011100011101010010101001100000000010001111001010100100001000011000000101110010000110101111101111101100111010110111011101101111111110001010010100101000010110011101100101110111	1196276.7999999998	487.6000000000001
27	0110101010000101010001110110011001011000110111100110111110111110110100100011101011010100011111111001111100010001111101101100011111110111010000100001001101001001111101100111101110011010001101001011110111111001011101001000110110110100000	1370231.8	580.3999999999999
28	0010101000100111001101010101001110111101010000010111010011110110001110000100101100111011000100010000111000101100001100010101111101111000111000101111011111110000000011111000010111011100000111101001001010001100100111110011010001100011011	1275365.3999999997	508.59999999999997
29	0101000001110011000001010100011000111110010101101001101100101001011110111001010100000110000111010110000110011000010010110111001010111111001010111110001000111010001011110001001011111011110000000001111110111110000110000100110010011111011	1205829.7999999996	513.1
30	0110111001110101011000101100110101111110101111011011111101110000111000001111101100010100010000110001101011000010100010011100001111010101101001000111100100111010100010010101010011000100000110111101000110011010110011011111011101101110010	1249918.4	550.6999999999999
31	0000000001101100100111011001001100111000000100110001110110010110001111101101011000010010110100010101100001110101100000111001001000101000010111011001101101100000111110011000101001100010001101010001001100001001011101100001011111110011111	1120536.1999999997	477.3999999999999
32	1101000000111100010100001000100001110101100110000101111001010110001100111001101001110011110001111100010100000111111000001010001100011110010101111100001110001101110100100110100101001001010011010011110010100010001011101110101100110011011	1176456.2	497.1
33	1101010100001011011000000000011011011110011101110010111101000101111110100010001001001101110110100111010001111111010101100111100101110100101010110110110011011010111111111001100101000001100100100011010010000110110111110001110110000111000	1389422.5999999994	540.8000000000001
34	0101001101001101100110010001111000000100110010101011000110011110100010000000100100100100110100001111111100000001110010111011010100111000000100111011011000001000011111000011000110101101101100101001111111100111010111100100001001110110001	1124076.8	480.80000000000007
35	0010111010110101001001100010100100001100001100011111110010011111001110000011101110010110010001010110011101111101100110000010110010010010101011000110011010100100000101000011010111000110001001110101110000110011100001101011000001111000010	1134835.7999999998	488.6
36	0100010001010000111010011110111000101100110010010101111111100001010010100010100000001001000101100100110011111100000001011100111001110111101110000010100001101101100100001000111110011010001101010001110111010011101111101001010111111100110	1155879.1999999993	508.1999999999998
37	0011010100101001000001000101011011010100001100010000011101011010101101001010011010111101011111110010000100000111100011001000110110100010101000100110010101111010100101100100101000011010010111100001001111010000011000100111000000100000110	1066160.0	451.49999999999994
38	0010011101110101111000011100001000110000001011101111100100111000010110001111001100000100111110000000111101110101111010010111000011110000101111000100010100100001001000101100010101010111101001000011010000000101000001101001101000110001111	1121438.2	473.0999999999999
39	0000001000010111110111000001011101101111010110100001001011100011000010101101011110011110111011101011011111010100000111110010010010011011001011101110110100000101101100000000110011010111010100110110110011010001010011101000010111111100000	1154188.3999999997	533.4999999999999
40	1111111110111000110010110101101001011111110110000110101101100100000101100000101100011101101001110011011110000000011110111011100010111101100001100000111000011101100011110110101101010001010111101010100000011100110110000110101100001011110	1297242.0000000005	549.2
41	0001111001101110000101010001001101001101010010001010110001010011110001000011110000011001111100100111000000000000110100101101110100010101001000101101000110011000001011011101000010110010100100111010110000001100100100110110101000011010111	1084388.8	447.6999999999999
42	1000011010010000110111101001101010001110001111100110101001000110111011000001001100000010000100000010101101000011101100101001100001110100010100011001011110010111111010001001011110001010010100111011000100000001010010000110010010111010100	1080384.7999999998	452.3999999999999
43	1111010011110001101111111000001111110110010100000000001011000010000011111110001001001100100111010111001100110100011111110011100001011010000100110111011101100010010101111101010011001101000101111110001100101101111000010000101110000011010	1296451.8	523.9
44	1100001111011101110001101000110100001100110010100101100100010110100111010101101011110001101010001110111111010011011001100101100000110101110001001010010010010000000011111001100101000011001000101110000101101001101011101011000011011111010	1237416.2000000002	505.69999999999993
45	0110010100001101101000000101000001111101010000001010011110000010010010100101110101000001100110010000110000111011100010000101001111000100100101011100101000011100001000111101110000101100110010110001010100001001101010001001001000001001000	1073267.0	414.59999999999997
46	1101000011000001010101111110011010000100110011011010000110000010101011011000000011000111101111100010110001100011011001111000101111101111110000000111001100101000100000101100100011010101001111010110001010010100011001110101000111101110110	1150295.0	498.2999999999999
47	1110110111101100110000101110000101000011011010110000110111100110101110111011000111011111100111111101111000010001111011111100110111100001000010111110001001101110000101110000101111101111011001001100101001100110011111010100011111011000110	1320802.3999999997	583.0999999999999
48	1000001001000010001101110001000101111001000110101100011100111011110011111010010001111111101001110111100001110101001011011110010100010111110111010000110011000101101100111011101011100011111000110011010111011000000100111011001101110010101	1321611.3999999997	545.0999999999998
49	1101111001110000101111011111110101110100001110001100011110000011100011100011010100011010001111011000011110000110001110001111111101011100000001001110100100011000001100100001011000010011111010011000010000000101011100111010011011100000010	1122974.7999999993	501.6000000000001
50	1100011100010000111010000011101001001000000110111101011001110001101001010110011100101111000110100010111010110110000010110101110101110010001000111100100010101010000101101101100010001010111011100001100100101100001110000101100001001010000	1177083.8	466.1000000000002
51	0111010110110101110001011001101110110101001001100010001101111000000101101101010101001101011001011000000100000100111000010110011001001010100101000101101111000001001010101101110111010001010001011100010110100101001011001101100100100001001	1172216.0000000005	489.7999999999999
52	0010001001001111001000101101100101100111111010101000100101110011100100000001101101110111100110110100000111111110110011000011110001101101010011111100010011100110100001100001001101111110001101000000011001000110010111001001100010101111111	1215797.7999999998	518.0000000000001
53	1011001001001100111001010100000111101000000110110001111011100101010111100011110011001011010110111111100001110111100101101101000010101111000111000110110111110111111101111001011111000001110101010101001100101110111010011011100000100001011	1406988.799999999	561.1999999999999
54	1110011001011001111010111001110111111010101110100000000111010000101101011101101000110000110001100101110011011100010110000110101111101010111000100101101000011010011001011101100010010100001010000101111111010000001110111000111011011001100	1285256.3999999997	530.8999999999999
55	1001000000101011100100011000100111010010000000100001001000011010111000111110011011011100101001110000111011001001110110101001101110000110010001111001111001110001011111110010011001101000010011001001110010010111111110011010101100101110001	1230166.1999999997	514.9
56	1011110100001111111110000110010000000110001011001100110000001100011111011100001110001000100111010110101111011110111100001011000100000011010010001101101110110010110010011101100111110001101011000101101000111000001001010010000011111100111	1255757.9999999995	508.2
57	0010010111001011110000010100010001101011010000111011010111010011000100100000010101011101100100101101001010000110110000101010011111001111101101000111101110000111011110111010001010111010100010010011101011101111100111001111101101110010101	1279636.2000000002	532.5999999999999
58	1010001000001110001110000000111011110101000101011000011100110000111001011100011010010011111101001001100110000111001000010000011011001011100000010111010001100000100000100100100100111110101011011100111101001000101010010111111010110111111	1071744.6	488.60000000000014
59	1110111000110100100010001111111101100001111111100000011111111010010001111111001101111111001010111110101000000010001110010001011011010011101101111101011011111100000000111101010100110000000010111110110101101000100111111001000110011110101	1357906.3999999997	567.6000000000001
60	1110010000010110100001111110101011010010111001101110001111100010010010000101001000000110011010110000101111010111000000001000100110000100000110110010001000101101100110011001110001000100110101101001101010111110100011100110111100001101011	1139415.7999999998	486.90000000000003
61	0000000111011011001111110001110111100011100100100111001010111010100101010100111010111111101101101101011101001000001100100010110010000110110111011010110111101001111111010111100101001110000111100110101110100111010101100001100000000100001	1331618.8000000005	537.5999999999999
62	0100000001110011001011010011011110010011101011000110110100100010010010011101011011001011111110111001100101101101100100010100000100110100110010101111101001010111111110011011101011110010101111110011000011111100111100101000001001110001101	1324606.9999999993	550.3999999999999
63	0001000100011011001001011011000010100111100011100010101000000010010000111100010100000011111101001100100111011000100111000101101000100011001110111100110011110011101011110111000000100010011111000010101111111001011101100000010010000001101	1208950.5999999999	469.40000000000003
64	0011001011010110000111100100101000000101011101101000100000010100101001001110010011011001111110001001011000000011101000011111011000010000000010111001110110110011100111001101010110000110111111110011000100001011100111100100100001101100111	1171722.9999999998	485.90000000000003
65	0100000001101011010110101101010111110101001011100010001111110100000011011100011000101001100011001100101110011101101100010111101001101110010100011010110000011101000101101011001001001111000011000011001100110000000101101011001101000010110	1197182.2	492.80000000000007
66	0101001011001000010000110111011111011011110001111000010010100001011101101111101110001101011111010100001011011100001001000110010001000011011001010011000110011001110001100001001000001001010110000101111011100000000001100110110011111110101	1118722.1999999997	491.5
67	1011001010011110101100111101000001110010011100000000111100101111110010111000110000110011000111010010100010010001011100010010100001110011100000001000110001111011101011011111101111011101111101100110111001100100010000011011111111110100001	1272528.0	530.8999999999999
68	1110011001100010001011101101011110101110101100110010110010010010101000100101100010110010111101101010011001100010100101111111110100110110111110000001110100101010100111111011011110001101001110101011100010110101111100011111010100001101011	1407310.3999999997	567.5
69	0110101101110010110010000101010001011010010111001010111000010111111110001010110100001011010011011101000010011001001100000100111110011110111111000010110111111010000101000010111001011111011010111111110011110000111111000101010111110100100	1253548.8000000003	556.1999999999999
70	0010100111111111101101011101000011000111111000010011100110101110100001011000111001110011101111110001001010001000111011010001110100010111101110111010000000000111001110101010001001100001011000110001000111010111110010110100110000000111011	1193657.4	519.6
71	0000110000010100100111110011100000101010010111000001010110100110111011111111011000010101010000101011110100010100111111000010000001000001011010101100001001000000000011001010111000000110001101001010110101010101000110111101100001010100111	1082126.4	464.6000000000001
72	1000000001100000001111010110000001100110001110011111010101101111110001010001110000110101010000111110010001010001010100101001001100110001110001001101010101111110100010010110111000001010110001001101100111011001101110000110001000101000111	1166386.8000000003	476.5999999999999
73	1011010101101110010010000011110101010011010100000110110000110110010011111000011111101100001101100001001011010111010001011100100010011011110001101011111110111011001001110101100011111110101110100000110011010100010011100101011000110001101	1323681.6	532.9999999999998
74	1111101100001111101011010011101110101110111110011010100010000000111010100101000011001010111000110001111001011001110101100010001011110001101110111010111001000000011110011011111000000011001000111001110111000010110101100111010100110000111	1313271.5999999999	543.3999999999999
75	1000001001110101010110011010001001101011110110110010011110101001110010010011100111011010011000101000001011100001011100010000000000001011110010011110111110110010011110000000001000011111010111010100001001101111101110011010100000101000111	1075329.5999999996	497.3000000000002
76	1110111111111001101100100101000110110100110101001000010101001110001111011101010110100001110001011000111000011000001011101101010010000011100111100111111000111001010110000100111011011011110101000001010001111001000000000100100100100110111	1179621.5999999999	513.1999999999999
77	1001000111100001001101000000001010011100011111111001111001111110110000111011010000001001011111010110010110101011111000001011111011000011111000100111100110111111110110001000100010000110101011000100101010010111000010111000110111110100110	1256309.5999999994	528.9000000000001
78	1101000011111000000100010010011011010110010011011111100111000011010100000010110011110001011000010110110001110000011111010111100000011100110111001010001011000011001111110011111111111001111110100111110111001001100001001110110111100001000	1318225.1999999997	534.0
79	0011100111100000101001001111010111101011100101001111011001111000111101010010000011101010100001000111000010000100000100001110101010110010011011011001110010010000000001110011000011101100011000110100010110101101011011001010000000011011110	1116503.7999999998	474.09999999999997
80	1110110001111011101010110111001000010101100111001001011101010011100101010110010110101000001110100111010001111010011000010000001000000000000111010010001111100011000001100101011000001110010100010111001101001010111010100000001010101110001	1082623.2	465.0999999999999
81	1110111010101101010011000011100110000010010001100011010101101110000110100001111111111011111000100110000111010000101011000011110110101101001001010010100010100110100000111111011111111011110101010111011000110000010111000010010001000010110	1254870.7999999998	518.3999999999999
82	1001101110111001001111100101111110101111010101101011110000101010110100110110101010110001000101011000011000010110111100101111111010101101001111110110001101010011101111100110111011011001011110010011111111100011101101110111111011110001110	1480715.9999999993	622.6999999999999
83	1111001110000110100101101110010100111000001010110100101110101010010001001011011001001000111000101111011110010111110000101011010111000101011000110100001111001111111000001001011111000011010110111000101101111001100111101001101011010001011	1250314.0000000002	544.5999999999998
84	1011011001100010011000111000111111001011001111001001000101010110010000000001100000010111101011011000011101010000001000000110101110001001110000110110001111111100100010010100110000010001011000101000100011101110000110111011110000101101100	1119656.5999999996	472.0000000000001
85	0001000110100110000011111101001011111100010000111110110000010011010110000100011001000000100010001010010001001111110110110010111110010110111001000100011001111110001001000000010011100111011111101111000001010100001010001111010010101101001	1105069.9999999998	491.5999999999999
86	0110111011001100001001100011100000111111100111101100100111101011111001111010101101001011110110000101010111110100100000001001010011101011101101100111000000110000011110011001101100000111111110011010111100011000011011110010000010001000110	1261450.1999999995	527.8
87	1101010111010111010000010000101010010111100000000100100001011000100000110011100100101101101010110011011111110000101100000110011101111010001011010100001000110101110010100100001110100001100101110011110000100000110111100111000100110000110	1093395.5999999996	471.2
88	0001110010001100101000000001011111011111111010010000100000100101011000010101000101010001110000100101000011100011100110100000111000110111100111110000010101011111110100101011101011101101111011010011000011001011000011000011011111011010001	1185412.8000000003	497.29999999999995
89	0101101000010101000001001010010011000110001001001100011111000000011111101111100010001011101100000000110000001010011001011101101111000011111100000111101000110101111101110010010001011000010001101000111001110101001000011101111111101001101	1196652.3999999997	490.4000000000002
90	1000111101010000110101110001000001010100111110011100101010110111010010101100000010000000000100100101101000101100010001011111000111100011000100100010101000001010101010001010101100011000011110101001010001110011011110100011010100010111110	1066162.1999999995	462.1000000000001
91	0011001100110010101100011100000000100110010000101100111001010000011110110000100010000100010001111101110110100000100011001101010111100010100111101110101101110011001101111011110111101000100000101110001011011101001010110100100001001101010	1271141.4	490.59999999999985
92	1011011110100101111010101101100111101101001010000000011001110001100100010010011101000111001100011101100011000100001110010111100110111001101111100101011100100101111101111111001000000011011000111010101100001000110101010100101010101010111	1337145.2000000002	524.8999999999999
93	1010111010110011010110111001101010010011010010001011000101111100010000000110100011011110001110110010100000111111000100100010011100101011001001100000010101001100011000010001010111010010110101100001101010000000001010101100010010001100111	1051255.8	465.9999999999998
94	1011010100000011000000001000011100111000101110011110010111110110001001011101101001010000001100100111100111100110000000000001101111011001000100101011001000000010001111111011111010110011000000010101111000000010111011000011011111101111110	1234056.7999999996	489.79999999999995
95	1010000010010100011111011111001010001010000110101101010100110111010101110110111011011111100000010010110001110111011100001110111101110010101110110101010010001101101100010111111101011111011101100111000000101001011011110111100001110001010	1383715.0	571.5999999999997
96	1011000011110100000111100111010111111110000100011000000010110011011101011101010111111000000001001000010001001010011000101011110011101000101111001000101110101010101101100001111011111100010111101111100001111010011011001011001110011010000	1215034.4000000001	530.3000000000001
97	0111011010000010111100011100011011111000100111110111101001111001001011011011101110001000100011011100101110111010101110000010011110110111010110011101110110001110010110100111001011001100000000011100001100110000111010011010111100111111111	1354420.3999999994	572.7999999999998
98	0001010000111110100011111010111111101001111001001100101111010000000100110100111110001111111011010100000110010010101000100101110001001010000110100000101001110111101100110101010011011000000101001001111111010101000100001111000111000011100	1168306.2	506.99999999999994
99	0010101001100110000011101001100000110001111111111001100011010110000101101100001000010111111001011010000001110000000010111011000101101010100010000111001001000011000001101101101111011010101110101000011000111010100111010101011000101111101	1158521.6000000003	499.30000000000007
