SOLUCIONES FIN 

0	000000000000000000000000000000010000000000000001000000000000000100000000000000000000000000000000000000000000000000000000000000000000000000000000000000001000000000000000000000000001000000000000000000000000000000000000000000000000000000	43187.0	22.5
1	000000000000000000000000000000000000000000000000000000000000010000000000000000000000000000000000000000000000000000000000000000000000000000000000000000000000000000000000000010000000000000000000000000000000000000000000000000000000000000	43141.6	8.6
2	100000000000000000000000000000000000000000000000000000000000000000000000000000000000000000000000000000000000000000000000000000000000000000000100000000000000000000000000000000000000000000000000000000000000000000000000100000000000000000	35635.799999999996	13.899999999999999
3	000000000000000000000000001000000000000000000000000000000000000000000000000000000000000000000000000000000000000000000000000000000000000000000000000000000000000000000000000000000100000000000000000000000000000000000000000000000000000000	13704.4	8.7
4	000000000001000000000000000000000000000000000000000000000000000000000000000000000000000000000000000000000000000000000000000000000000000000000000000000000000010000000000000000000000000000000000000000000010000000010100000000000000000000	42620.600000000006	21.4
5	000000000000000000000000000000000100000001000000000000000000000000000000000000000001000000000000000000000000000000000000000000000000000000000000000000000000000000000000000000000000000000000000000000000000100000000000000000000011000000	42620.0	27.0
6	000100000000000010000000000000000000010000000000000000000000000000000000000000000010000000000000000000000000000000000000000000000000000000000000000000000000000000000000000000000000001000000000000000000000000000000000000000000000000000	38611.200000000004	18.5
7	000000000000000000000000000000000000000000000000000000000000000000000000000000000000000000000000000000000000000000000000000000000010000000000000000000001000000000000000000000100000000000000000000000000000000000000000000000000000000000	40173.2	13.3
8	000000000000000001000000000000000000000000000000001000000000000000000000000000000000000000000000000000000000000000000000000000000000000000000000000000000000000000000000000000001000000000000000001100000000000000001000000000000000000000	32858.600000000006	27.099999999999994
9	000000000000000000000000000000000000000000000000000000000000000000000000000000000000001000000000000001000000000000001000000000000000000000000000000000000000000000000000000000000000000000000000000000000000000000000000000000000000000000	40303.8	11.600000000000001
10	000000000000000000000000000000000000000000000000000000000000000000000000000000000000000000000000000000000000000000000000000000000000000000000000000000000000000000000000010000000000000000000000000000000000000000000000000000000000000000	35188.6	4.4
11	000000000000000000000000000000000000000000000000000000000000000000000000000000000000000000000000000000000000000000000000000000001000001000000000000000000000000000000000000000000000001010000000000000000000000000000000000000000000000000	37333.200000000004	17.3
12	000010000000000000000000000000000000000000000000000000000000000000000000000000000000000000000000000000000000000000000000000100000000000000000000000000000000000000100000000000000000000000000000000000000000000000000000000000000000001000	43199.4	17.5
13	000000000000000000000000000000010000000000000000000000000000000000000000000000000000000000000000000000000000000000000000000000000000000100000000000000000000000000000000000000000000010000000000000000000000001000010000000000000000000000	42542.59999999999	21.900000000000002
14	000000000000000000000000000000000000000000000000000000000000000000000000001000000000000000000000000000000000000000000000010000000000000000000000000000000000000000000000000000100000000000000000000000000000000000000000001000000000000000	36635.4	17.6
15	000000000000000000100000000000000000000000000000000001000000000000000000000000000000000010000000000000000000000000000000000000000000000000001000000000000000000000000000000000000000000000000000000000000000000000000000000000000000000000	42081.8	17.1
16	000000000000000000000000000000000000000000000000000000000000000000000000001000000000000000000000000000000000000000000000000000000000000000000000000000000000000100000000000000000000000100000000000000000001000000000000000100000000000000	42912.0	21.400000000000002
17	000000000000000000000000000000000000000000000000000010000000000000000000000000000000000000000000000000000000000000000000000000000000000000000000000100000000000000000000000000000000000000000000010000000000000000000000000010000000000100	42520.8	21.9
18	000000000000000000000010000000000000000000000000000000000000000000000000000000000000000100000000000000000000000000000000000000000000000000000000000000000000000000000000000000000000000000000000000001100000000000000001000000100000000000	38036.8	26.9
19	000000000000000000000000000000001000000000000100010010000000000000000000000000000000000000000000000000000000000000000000000000000000000000000000000000000000000000000000000000000000000000000000000000000000101000000000000000000000000000	42086.200000000004	27.3
20	000000000000000000000000000000001000000000000000000010000000000100000000000000010100000000000000000000000000000000000000000000000000000000000000000000000000000000000000000000000000000000000000000000000000000000000000000000000000000000	42241.2	22.5
21	000000000000000000000000000000000000000000100000000000000000010000000000000000000000000000000000000000000000000000000000000000000000000000000000000000000000000000000000000000000000000000000000000000000000000000000000000000000000000000	15931.4	8.7
22	000000000000000000000000000010100000000000000000000000000000000000000001000000000000000000000000000000000000000000000000000000000000000000000000000000000000000000010000000000000000000000000000000000000000000000000000001000000000000010	42633.0	26.6
23	000000000000000000010000000000000000000000000000100000000000000000000000000000000000000000000000000000000000000000000000000000000000000000000000000000000000000000000000000000010000000000000000000000000000000010000000100000000000000000	36398.399999999994	21.8
24	000000000001000100000000000000000000000000000000000000000000000000000000000000000000000000001000000000000000000000000000000000000000000000000000000000000000000000000000000000000000100000000000000000000000001000000000101000000000000000	40596.99999999999	32.1
25	000001000000000000000000000000000000000000000000000000000000000100000000000000000000010000000000000000000000000000000000000000000010000000000000000000000000000000000000000000000000000000000000000000000000000000000000000000000000000000	42754.0	16.6
26	000100000000000000000000000000000000000000000000000000000000000000000000000000000000010000000000000000000000000000000000000000000000000000000000000000000000000000000000000000000000000000000000000000000000000000100000001000000000100000	36284.2	21.7
27	000000000000000000000000000000000000000000000000000000000000000100000000000010000000000000000000000000000000000000000000000000000000000000000000000000000000000000000000000000000000000000000100010001000000000000000000000000000000000000	32939.0	22.099999999999998
28	000000000000000000000000000000000000000000000000000000000000000000000000000000000000000000000000000000000000000000000000000000000000000000000000001000000000000000000000000000000000000000000100001000010000000000000000000000000000000000	31897.8	17.4
29	000000000000000000000000000000000000000000010000000000000000100000000000000000000000001000000000000000000000000000000001000000000000000000000000000000000000000000000000000000000000000000000000000010000000000000000000000000000000000000	42725.6	21.2
30	000000000000100000000000000000000000000000000000000000000000000101000000000000000000000010000000000000000000000000000000000000000000000000000000000000000000000000000000000000000000000000000000010000000000000000000000000000000000000110	42626.200000000004	30.5
31	000001000000000000000000000000010000000000000000000000000000000000000000000010000000000001000000000000000000000000000000000000000000000000000000000000000000000000000000000000001000000000000010000000000000010000000000000000000000000000	41403.6	31.9
32	000000000000100000000000000000000000000000000000000000000000010000010000000000000001001000000000000000000000000000000000000000000000000000000000000000000000000000000000000000000000000000000000000000000000000000000000000000000000000000	40720.0	20.9
33	000000000000000000000000000000000000000000001000000000000000010000000000000000000000000000000000000010000000000000000000000000000000000000000000000000000000000000000000000000000000000000000000000001000000000000000000000010000000000010	41103.2	26.299999999999997
34	000000000000000000000000000000000000000000000000000000001000000000000000000100000000100010000000000000000000000000000000000000000000000000000000000000000000000000000000000000000000000000000010000000000000000000000000001000000000000000	41724.4	28.5
35	000000000000000000000100000000001000000000000000000000101000000000000000000000000000000000000000000000000000000000000000000000000000000000000000000000000000000000000000000000000000000001000000000000000000000000000000000000000000000000	39187.6	23.0
36	000000000000000000000000000000100000000000000000000000000000000000000000000000000000000000000000000000000000000001000000000000000000000000000000000000000000000000010000000000010000000000000000000000000000000000000000000000000000000000	40464.600000000006	17.7
37	000000100000000000000000100000000000000000000000000000000000000000000000000000000000010000000000000000000000000000000000000000000000000000000000000000000000000000000000000000000000000000010000000000000000000000000000000000000000001000	41798.6	21.299999999999997
38	000000000000000000000000000000000000000000000000000000000000000000000000000000000000000000100000000000000000010000000000000000000000000000000000000000000000000000000000000000000001000000000000000000000000001000000000000000000000000000	40962.0	13.8
39	000000000000000000000000000000000000000000000000000000000000000000000000000000000000000000000000000100000000000001000000000000000000000000000000000000000000000000000000000000000000000000000000000000000010000000000000000000000000000000	32703.800000000003	12.899999999999999
40	000000000000000000000000000000000000000000000000000000000000000000000000000000000000000000000000000000000000000000000000000000000000000000000000000000000000000000000000100000000000000000000000000000000000000000000000000000000000000000	36190.4	4.4
41	000000000010000000000000000000000000000000000000000000000000000001000000000000000000000000000000000000001000100000000000000000000000000000000000000000000000000000000000000000000000000000000000000000000000000000000000000000000000000000	42476.8	17.4
42	000000000000000000000000000000101000000000000000000000000000000000000001000000000000000000000100000000000000000000000000000000000000000000000000000000000000000000000000000000000000000000000000000001100000000000000000000000000000000000	37333.4	26.799999999999997
43	000000000000000001000000000000000000000010000000000000010000000000000000000000000000000000000000000000000000000000000000000000000000000000000000000000000000000000000000000000000000000000000000000000000000000000000001000010010000000000	42843.0	27.2
44	000000000000000000000010100000000000000000000000010000000000000000000000000100000000000000000010000000000000000000000000000000000000000000000000000000000000000000000000000000000000000000000000000000000000001000000000000000000000000000	40064.2	28.2
45	000000000000000000000000000000010000000000000000000000000000000000000000000000010000000000000010000000000000000000000000000100000000000000000000000000000000000000000000000000000000000000000000000000001000000000000000000000000000000000	43052.0	22.099999999999998
46	001000010000000000000010000000000000000000000000000000000000000000000000000000000000000000000000000000000000000000000000000000000000000000000000000000000000000000000000000000000000000000000000000000000000000000001000000000010000000010	36489.6	27.700000000000003
47	001000000000000000000000000000000000000000000000000000100000000001000000000000000000000000000000000000000000000000000000000000000000000000000000000000000000000000000000000000000000000000000000000000000000000100000000000000100000000100	41515.00000000001	26.299999999999997
48	000000000000000001100000000000000000000000000000000000000000010000000000000000000010000000000000100000000000000000000000000000000000000000000000000000000000000000000000000000000000000000000000000000000000000000000000000000000000000000	38016.600000000006	13.2
49	000000000000010000000000000000000000000000010000000000000000000000000000000000000000000000000000001000000000000000000000000000000000000000000000000000000000000010000000000000000000000000000000000000000000000000000000000000000000000000	41579.4	17.4
50	000000000000000000000010000000000000000000000000000000000000000000001000000000000000000010000100000000000000000000000000000000000000000000000000000000000000000000000000000000000000000000000000000000000000000000000000000000100010000000	38088.4	27.599999999999998
51	000000000000000000000000000000000000000000000000000010000000000001000000000000000000000000000000000100000000000010000000000000000000000000000000000000000000000000000000000000000000000000000000000000000000000000000000000000000000000000	42290.6	16.7
52	000000000000000000000000000000000000000000000000000000000000000000000000000000000000000000000000000000000000000000000000000000000000000000000000000000000000000001000000000000000000000000000000010000000000000000000000000001000000010000	35933.0	17.700000000000003
53	000000001000000000000000000000000000000000000000001000000000000000000000000000000000000000000000000000000000000000000000000000000000000000000000000000000000000000110000000000000000000000000000000000000000000000000000000000000000000000	40001.0	17.6
54	000000000000000000000000000010000000000000000000000000000000000000000000000000000000000000000000000010000000000000000000000000000000000000000001000000000000000000000000000000000000000110000000000000000000000000000000000000000000000000	39182.4	22.2
55	000000011000000000000000000000000000000000000000000000000000000000000000000000000000010000000000000000000000000000000000000000000000000000000000000000000000000000000000000000001000000000000000000100100000000000000000000000000000000000	38806.4	26.4
56	000000000000000000000000000000000000000000000000000000000000000000000000000000000000000000000000000000000000000000100000000000000000000000000000000000001000000001000000000000000000000000000000000000000000000000000000000000000000000000	41698.6	12.0
57	000000000000000000000000000000000000001000010000000000000000000000000000100000000000100000000000000000000000000000000000000000000000000000000000000000000000000000000000000000001000000000000000000000000010000000000000000000000000000000	42161.4	27.6
58	000000000000100000000000000000000000000000000000010000000000000000000000000000000000010000000000000000000000000000000000000000000000000000000000000000000000000000000000000000000000000010000000000000000000000000000100000000000000000100	40985.00000000001	25.5
59	000000000000000000000000000000000000000000000010001000000000000000000000000000000000000010000000000000000000000000000000000000000000000000000000000000000000000000000000000000000000000000000000000000001000100000000000000000001000000000	41408.799999999996	26.700000000000003
60	000000000000000000000000000000000000000000000000000000000000101000000000000000000000000000000000000000000000000000000000000000000000000000000000000000000000000000000000000000000000000100000001000000000000000000000000000001000010000000	42845.6	26.300000000000004
61	000000000100000000000000000000000000000000000000000000000000000000000000000000000000000000000000000000000000000000000000000000000000000000100000000000000000000000000000000001000000100000000000000000000000000000000000000000000010000000	40077.2	22.5
62	000000000000000000000000000000000000000000000000000000000000000000000001000000000000000000000000000000000000000000000000000000000000000000000010000000000000000000000000000001000000010000000000000000000000000000000000000000000000000001	37626.2	21.1
63	000000000000000010000000000000000000000000000000000000000000000000000000001000000000000000100000100000000000000000000000000000000000000000000000000000000000000000000000000000000000000000000000000000000000000000000000000000000000000001	37669.2	12.899999999999999
64	000000000000000000000000000000000000000000000001000000000000000000000000000000000000000000000000000000000000000000000000000000000000000000000001000000000000000000000000000000000000000000000000001000000000000000000000000001000010000000	42549.0	21.700000000000003
65	000000001000000000000000000000000000000000000000000000000000000000000000000000000000000000000010000000000000000000000000000000000000000000000000000000000000000000000000000000010000000000000010000000000000000000001000000000000000000000	31059.6	22.700000000000003
66	100000000000000000000000000000000000000000000000000000000000000000000000000000000000000000000000000000000000000000000000000000000000000000000000000000000000000000000000000100000000000000000000000000000000000000000000000000000000000000	39511.2	9.3
67	000000000000000000000000000000000000000000000001000000000100000000000000000000000000000000000000000000000000000000000000000000000000000000000000000000000000000001000000000000000000000000000000000000000000000001000000000000000000000000	40735.200000000004	17.200000000000003
68	000100000000000000000001000000000000000000000000000010000000000010000000000000000000000000000000000000000000000000000000000000000000000000000000000000000000000000000000000000000000000000100000000000100000000000000000000000000000000000	42629.200000000004	27.0
69	000000000000000000000000000000100000000000000000000000000000000000000000000000000000000000000000000000000000000000000000000000000000000000100000000000000000000000000000000000000000000000000000000000000000000100000000000001000000001000	42220.799999999996	21.9
70	010000000000000000000000000000000000100000000001000000000000000000000000000000000000000000000000100000000000000000000000000000000000000000000000000000000000000000000000000000000010000000000000000000000000000000000000000000000000000000	42407.0	18.299999999999997
71	000000000000100000000000000000000000000000000000001000000000000000000000000000000000000000000000000000000000000000000000000000000000000000000000000000000000000000000000000001010000000000000000100000000000100000000000000000000001000000	42505.200000000004	31.799999999999997
72	000000000000000000000000000010000100000000000000000000000000000000000000010000000000000001000000000000000000000000000000000000000000000000000000000000000000000000000000000000000000000001000000000000000000010000000000000000000000000000	42689.600000000006	27.299999999999997
73	000000000000001000000000000000000000010000000000000000100000000000000000000000000000000000000000000000000000000000000000000000000000000000000000000000000000000000000000000000000000000000100000000010000000001000000000000000000000000000	35888.6	27.5
74	100000000000000010000000000000000000000000000000000000000000000000000000000000000000000000000100000000000000000000000000000000000000000000000000000000000000000000000000000000000100100000000000000000000000000100000000000000000000000000	37341.0	27.799999999999997
75	000000000000000000000000000000000000000100000000000000000000000000000000000000000000000000000000000000000000000000000000000000000000100000000000000000000000000000100000000000000000000000001000000000000000000000000000000000000000000000	41342.6	18.0
76	000000000000000000000000000000000000000000100000000000000000001000000100000000000000000000000000000000000000000000000000000000000000000000000000000000000000000000000000000000000000000000000000000010001000000000000000000000000001000000	42806.600000000006	26.9
77	100000000000000000010000000000000000000000000000000000000000000000001000000000001000000000000000010000000000000000000000000000000000000000000000000000000000000000000000000000000000100000000000000000000000000000000000000000000000000000	42745.4	27.299999999999997
78	000000000000000000000000000000000000000000000000000000000000100000000000000000000000000000000000000000000000000000000000010000000000000000000000000100000000000000000000000000000000000000000000000000000000000000000000000000000000000000	40476.2	12.6
79	000000000000000100000000000000100010000000000000001000000000000000000000000000000000000000000000000000000000000000000000000000000000000000000000000000000000000100000000000000000000000000000000000000000000000000000000000000000000000000	42834.2	22.799999999999997
80	000000000000000000000000000000000000000000000000000000000000000000000000000000000000000000000000000000000000000000000000000000000000000000000000000000000000000000000000000010000001000000000000000000000000000000000000000000000000000000	41219.6	9.0
81	000000000000000000000001000000000000000000000000000000000000000000000100000000000000000000000000000000000000000000000000000000000000000000000000000000000000000000100000000000000000000000000000001000000000000000001000000000000000000000	40868.8	22.1
82	000000000000000000000000001000000000000000000000000000000100000010000000000000000000000000000000000000000000000000000000000000000000000000000000000000000000000000000000000000000000000001000000001000000000000000000000000000000000000000	38358.600000000006	20.9
83	000000000000000000000000010000000000000000000000000000000000000000000000000000000001000000000000000000000000000000000000000000000000000000000000000010000000100000000000000000000000000000000000000000000000000000000000000000000000000000	43098.6	17.2
84	000000000000000100000000000000000000000100000000000000000000000000000000000000000000000000000010010000000000000000000000000000000000000000000000000000000000000000000000000000000000000000000001000000000000000000000000000000000000000000	38477.8	22.699999999999996
85	000000000000000000000000000000000000000000100000000000000000000010000000000000000000000000000000000000000000000000000000000010000000000000000000000000000000000000000000000000000000000000000000000000000000000000000000000000000001000000	37077.6	17.4
86	010000000000000000000010000000000000000000000000000000000000000000010000000000000000000000000100000000000000000000000000000000000000000000000000000000000000010000000000000000000000000000000000000000000000000000000000000000000000000000	41924.399999999994	23.200000000000003
87	010000000000000000000000000000000000000000000000000000000000000000000000000000000000000000000000000000000000000000000000000001000000000000000000000000000000000000000000000000000000000000000110000000000000000000000000000000000010000010	39773.799999999996	27.0
88	000000000000000000000000000000000000000000000000000000000000000000000000000000000000000000100000000010000000000010000000000000000000000000000000000000000000000000000000000000000000000000000000000000000000000000000000000000000000000001	38810.8	12.600000000000001
89	000000000000000000000000000000000000000000000000000000000000000000000000000000000000001100000000000000000000000000001000000000000000000000000000000000000000000000000000000000000000000000000000000000000000000000001000000000000000000000	41139.8	16.0
90	000000000000000000000000000000000000000000000000000000000000000000000100000000001000000000000000000000000000000000000000000000000000000000000000000010000000000000000000000000010000000000000000000000000000000000000000000000000000000000	37207.4	17.3
91	000000000000000000010000010000000000000000000000000000000000000000000000000000100000000000001000100000000000000000000000000000000000000000000000000000000000000000000000000000000000000000000000100000000000000000000000001000000000000000	42652.6	27.799999999999997
92	000000000000000000000000000000000011000000000000010000000000000000000000000000000000000000000000000000000000000000000000000000000000000000000000000000000000000000000000000000000000000000000100000000000010000000000000000000000000100000	42836.4	26.8
93	000000000001000000000000000000000000000000000000000000000000000000000000000000000000000000000000000000000000000000000000000000000000000000000000000000010000000000000000000000000000000000000000001000000001000000100000000000000000000000	41824.200000000004	21.800000000000004
94	000000000000000000000000000000000000000000100000000000000000000000001000000000000000000000000000000010000000000000000000000000000000000000000000000000000000000000000000000000000000000010000000110000000000000000000000000000000000000010	42702.200000000004	31.299999999999997
95	000000000000000000001000000000000000000000000000000000000000100000000000000000000000000000000000000000000000000000000000000000000000000000000000000000000000000000000000000000010000010100000000000010000000000000000000000000100000000000	41146.0	31.6
96	000000001000000000000000000000010000000000100000000000000000000000000000000000000000000000000000000000000000000000000000000000000000000000000000000000000000000000000000000000000011000000000000000000001000000000000000000000000000000000	42531.6	26.799999999999997
97	000000000000000000000000000000000000000000000000100000000000000000000000000000000000000000000000000000000000000000000000000000000000000000010000000000000000000000000000000000000000001000100000000000001000000000000000000000000000000000	41226.4	21.7
98	000000000000000000000000000000000000000000000000000000000000000000000000000000000000000000000000000000000000000000000000000000000000000000000000000000000000000000000010000000001000000000000000000000000000000000000000000000000000000000	36071.2	9.0
99	000000000000100000000000000000000000000000000000000000000000000000000000010001000000000000000000000000000000000000000000000000000000000000000000000000000000000000000000000000000000000000000000000000000000000000000000000000000010000000	29382.799999999996	18.1
