SOLUCIONES FIN 

0	00000000000000000000000000000000000000000000000000000000000000001000000000000000000000001000000000100000000000000000000000000000000000000000000000000000000000000000000000000000000000000000000100000000000000000000010000000000000000000010	39183.6	25.300000000000004
1	00000000000000000000000000000000000000000000000000000000000000000000000000000000000000000000000000000000000000000010000000000000000000000000000000000000000000000000000000000000000000000000000000000000000000000000000000000000000000000000	13978.8	4.4
2	00000000000000000000000000000000000000000000000000000000000000000000000010000000000000000000000000000000000000000000000000000000000000000000100000000000000000000000000000000000001000000100000010000000000000000000100000000000000000000000	36537.4	27.1
3	00000000000000000000000000000000000000100000000000000000000000000000000000000000000000000000000000000000000000000000000000000000000000000010000000000000001000000000000000000000000000000000000000000000010000000000000000000000010000000000	42470.6	21.9
4	00000000000000000000000000000000000000000000000000010000000000010000100000010000000000000000000000000000000000000000000000000000000000000001000000000000000000000000000000000000000000000000000010000001000000000000000000000000000000000000	40796.2	30.7
5	00000000000000000010000000000000000000000000000000000000000000000000000100000000000000000000000000000000000000000000000000000000001000000000000000000000001000000000000000000000000000000000000000000000000000000000001000000000000000000000	41188.0	22.0
6	00000000000000000000010000000000000000000000000100000000000000000000001000000100001000000000000000000000000000000000000000000000000000000010000000000000000000000000000000000000000000000000000000000000000000000000000000000000000000000000	42770.8	26.5
7	00000000000000000010000000000000000000001000100000000000000000000000000010000000010000000000000100000000000000000000000000000000000000000000000000000000000000000000000000000000000000000000100001000000000000000000000000000000000000000000	41565.799999999996	36.3
8	00000000000000000000000000000000000000000000000000000000000000100000000000000000000000000000000000000000000000010000000000010000000000000000000000000000000000000000000000000000000010000000000000000000000000000000000000000000000000000000	39012.799999999996	17.299999999999997
9	00000000000000000000000000000000000000010000000000000100000000000010000000000000000000000000000000000000000000000001000000000000000000000000000000000000000000000000000000000000000000000000000000000000000000000000000100000000000000010000	40169.399999999994	27.200000000000003
10	00000000000000000100000000100000000000000000000000000000000000000000000000000000000000000000000000000000000000000000000000000000000000000000000000000000000000000000000000000000000000000000000000000000001000000000000000000001000000000010	31140.2	22.200000000000003
11	00000000000000000000000000000000000000000001000010000000000000010000000000000000100000000000000000000000000000000000000000000000000000000000000000000000000000000000000000000000000000100000000000000010000001000000000000000000000000000000	39337.4	31.299999999999997
12	00000000000010000000000000000000000000000000000000000000000000000000000000000000000000010000000000000000000000000000000000000000000100000000000000000000000000000000000000000000000000000000000000000100000000000000000000000001000000000000	37788.2	20.8
13	00000000001000000010000000000000000000000000000000000000000000000000000000000000000000000000000000000000000000000000000000000000000000000000000000000000000000000000000000000000000000000010000001000000000001000000000000000000000000101100	37269.2	35.5
14	00000000000000000000000000000000000000000000000000000000000000000000000000000000000001010000000000000000000000100000000000000000000000000000000000000000000000000000000000000000000000000000100000000000000000000010000000000000000000000000	37457.8	20.700000000000003
15	00000000000000000000000000000000000000000000000000000000000000000000000000000000000000000000000000000000000000000000000010000000000000000000000000000000000000000000000000000000000000000000000000001000000100000000000000000000000000000000	22604.8	13.4
16	00010000000000100000000000000000000000000000000000000000000000100000000001100000000000000000000000000000000000000000000000000000000000000000000000000000000000000000000000000000010001000000000000000010000000000000000000000000000000000000	39397.2	37.00000000000001
17	10000000000000000000000000000000000000000000001000000000001000000000000000000000000000000001000000000000000000000000000000000000000000000000000000000000000000000000000000000000100000000000000000000001001000000001000000000000000100000000	39847.8	36.099999999999994
18	00000000000000000100000000000000000000000000000000000100000000000000000000010000000000000100000000000000000000000000000000100000000000000000000000000000000000000000000000000000000000000000000000000001100000000000000000000000000000000000	42764.4	31.1
19	00000000100000000000000010000000001000000000001000000000000000000000000000000000000000000000000000000000000000000000000000000000000000000010000000000000000000000000000000000000000000000000000000000000000000000000000000000000000000000000	38751.8	22.4
20	00000000000000000000000000000001000000000000010000000001000000000000000000000000000000000000000000000000000000000000000100000000000000000000000000000000000000000000000000000000000000000000000000000000000000000000000000000000001000000000	41780.4	22.299999999999997
21	00000000000000000000000100000000000000000001000000000000000000000000000000000000000000000000000000000000000000000000000000000000000000001000000000000010000000000000000000000000000000000000000000000010000000000000000000000000000000000000	39445.2	21.8
22	00010000000001000000000000000000000000000000000000000000000000000000000000000000001000000000000000000000000000000000000000000000100000000000000000000000000000000000000000000000000000000000000000000100000000000001000001000000100000000000	39933.2	35.9
23	00000000000000000001000000001000000000100000000000000000000000000000000000000000000000000000010000000000000000000000000000000000000000000000000000000000000000000000000000000001000000000000000000000101000000100000000000000000000000000000	42111.0	36.400000000000006
24	00000000000000010000100000000000000000000000000000000000000000000000000000000000000000000000000001000000000000100000000000000000000000000000000000000000000000000000000000000000000000000000000010000000000000000000000000000000000010000000	39574.200000000004	22.2
25	00000000000000000000000000000001010000000000000000000000000000000000000000000000000000000000000000000000000000000000000000000000000000000000000000000000000000000000000000000000000011000010000000000000100000000000000000000100100010000000	39344.8	40.9
26	00000000000100000100000000000000000000000000000000000000000000000000000000010000000000000000000000000000000000000000000000000000000010000000000000000000000000000000000000000000000000000000000000001000000000000000000000000000000000000010	39806.399999999994	26.200000000000003
27	00000000000010000100000100000000000000010000000000000000000000000000000000000000000000001000000000000000000000000000000000000000000000000000000000000000000000000000000000000000000000000000010100000000000000000000000000000000000000000000	41868.399999999994	31.7
28	00000000000000000000000000000000000000000000010000000000000000000000000000000000000000100010000000000000000000000000000010000000000000000000000000000000000000000000000000000000000000000000000000000000000000000000000010000000000000000000	42089.0	21.6
29	00000000000000000000001000000000000000000000000000000000000000000000000000000000000000000000000000000000000000000000000000000000000000000010000000000000000000000000000000000000000000000000000000000000000000000000000100000000000000000000	24158.6	13.1
30	00000000000000000000000000000000000000000010000000000000000000000000000000000000000000000010000001000000000000000000000000000000000000000000000000010000000000000000000000000000000000000000000000000000000000000000000000000001000000000000	38048.6	17.3
31	00000000000000000000000000000010000000001000000000000000000010000000100000000000000000000000000000000000000000000000000010000000000000000000000000000000000000000000000000000000000000000000000000000000001000000001000000000000000000000000	42521.600000000006	31.400000000000002
32	00000000000000000000000100000000000001000000000010000000000000000000000000010000000000000000000000000000000000000000000000000000000000000000000000000000000000000000000000000001000000000000000000000000100000001000000000000000000000010000	40948.799999999996	36.3
33	00010010000000010000000000000000000000000000000000000000000000001000000000000000000000000000000000000000000000000000000000000000000000000000000000000000000000000000000000000000000100000000000000100001000010000000000000000000000000001000	37561.2	40.2
34	00000000001000000000000000000000000000000000000001000000000000000010000000000010000000000000000100000000000000000000000000000000000000000000000000000000000000000000000000000000000001000000000010000000000000000000000000010000100000000000	42988.4	41.1
35	00000000000000000000000000000000000000000000000000000000000000000000000000100000000000000000000000000000000000000000000000000000000100000000000001000000000000000000000000000000001000000000000010000000000000000000000000000000100000000000	42381.799999999996	27.4
36	00000000000000000000000000000000000000000000000000000000000000000000000000000000000000000000000000000000000000000000000000000000000000000000000000000000000000000000000000001000000000000000000000000000000100000000000000000000000000000000	42215.6	9.0
37	00000000000000000000000000000000000101100000000000000000000000100000100000000000000000000000000000000010000000000000000000000000000000000000000000000000000000000000000000000000010000010000000000000000000000000000000000000000000000000000	40690.2	35.9
38	00000000000000000000000000000000000000010000000000000100000000000000000000000000001001000000000000000000000000000000000000000000000000000000000000000000000000000000000000000000000000000000010000000010000000000001000000001000000000000000	40288.600000000006	36.0
39	00000000000000000000000000000000000000000000000000000000000100000000000000000000000000000000000000000000000000000000000011000000000000000000000000000000000000000000000000000000000000000000000000000000000000000000000000000001000000000000	39885.4	17.2
40	00000000000000000000000000000000000000000000000000000000001100000000000000000000000000000000000000000001000000000000000000000000000000000000000000000000000000000000000000000000000000000000000000000000000000000010000000010000100000000000	29701.999999999996	26.800000000000004
41	00000000000000000000000000000001010000000000000000000000000000000000000000000000000000000000000000000000000000000000000000010000000000000000000000000000000000000000000000000000000010000000000000100000000000000000000000000100000000000000	38752.6	26.9
42	00000000100000000001000000000000000000001000000000000000000000000000000000000000000000010000000000000001000000000000000000000000000000000000000000000000000000000000000000000000000000001000000000000000000000000000000000010000000000000000	42752.6	30.6
43	00000000000000000000000000000000000000000000000000000000000000000010000000000000000000000000000001000000000000000000000000000000100000000000000000000000000000000100000000000000000000000000000000000000000000000000000000000000000000000000	42223.2	13.499999999999998
44	00000000000000000100000000000000000000001000000000000000100000000000100001000000000100000000000000000000000000000000000000000000000000000000000000000000000000000000000000000000100000000000000000000000000000000000000000000000000010000000	42718.200000000004	31.5
45	00010000000000000000000000000000000000010000000001000000000000000000000000000000000000000000000000000000000000000000000010000000000000000000000000000000000000000000000000000000000000000000000100000000000000000000000000000000000100000000	39499.8	27.1
46	00000000000000000000000000000000000000100000000000010000100000001000000000000001000000000000000000100000000000000000000000000000000000000000000000000000000000000000000000000000000000000000000000000001000010000000000000000000000000000000	40295.0	34.7
47	00000000000000000000000000000000000000100000000000000000100000100100000000010000000000000000000000000000000000000000000000000000000000000000000000000000000000000000000000000000000000000000000000000000000100000010010000000000000000000000	42450.4	35.199999999999996
48	00000000000000000100000010000000000000000000000000000000000000000000000000000000000000000000010000000000000000000000000000000000100000000000000000000000000000000000000000000000001000000000000001000000000000000000000000000000000000000000	39159.0	27.7
49	00000000000000010000000000000000000000100000000000000000000000000000100000000000000000000000000000000000000000000000000000000000000000000001000000000000000000000010000000000000000000000000000000000000000000000000000000000000000000000000	40878.0	22.5
50	00000000000001000000010000000000000000000000000000000000000000000000000000000000000000100000000000000000000000000000000000000000000000000000000000000000000000010000000000000000000000000000000000000000000000000000000010000000000000000000	42466.0	20.6
51	00000000000000000000000000000000000000000000000000000000000100100000000000000010000000000000000000000000000000000000000000000000000000000000000000000000000001000000000000000000000000000000000000000000000000000000000100000000000000000000	36017.8	21.300000000000004
52	00000000000000000000000000000000000000000000000000000000000000010000000000000000000001000000000000000000000000000000000000000000100000000000000000000000000000000000000000000001000000010000000001000000100000000000000000000000000000000000	40407.600000000006	31.499999999999996
53	00000000000000100000000000000000000000000000000000000000000000100000000000000000001000000000000000000000000000000000000001000000000000000000000000000000000000000000000000000000000000001000000000000000001000000000000000000000000000100000	43154.00000000001	31.2
54	00000000000000000000000000000000010000000000000000010000000000000000000000000000000000000000000000000100000000000000000000000001000000000000000000000000000000000000000000000000000000000010000000000000000000000000000000000000000000000000	36122.4	22.1
55	10000000000000000000000010000000000000000000000000010000000000000000000000000000000010000000000000000000000000000000000100000000000000000000000000000000000000000000000000000000000000000000000000000000010000000000000000000000000000000000	39275.200000000004	27.7
56	00000000000000001000000000000000000000000000000000000000000000000000000000000000000100000000000000000000000000000000000000000000000010000000000000000000000000100000000000000000000000000000000000000000000000000000000000000000000000000100	42247.200000000004	17.6
57	00000000000000000000010000000000000000000000000001000010000000000000000000000000000000000000001000000000000000000000000000000000000000000000000100000000000000000000000000000000100000000000000000000000000000000000000000000000000000000000	42146.4	27.2
58	00000100000000000000000000000000000000000000000000000000000000000000000000000000000000000000000000000000000000000000000000000000000000000000000000000000000001000000000000000000000000000000000000000000000000000000000000000000000000000000	20542.199999999997	8.3
59	00000000000000010000000000000000000000000000000000000000000000000000000000000000000000000000000000000000000000000000000000100000000000000000000000000000000000000000000000000000000000000000000010001000000000000000000000000100000100000000	32883.4	26.500000000000004
60	00000000000000000000010000000000000001000100000000000000000000000000000000000000000000000000100000000000000000000000000100000000000000000000000000000000000000000000000000000000000000000000000000000000000000000000000000000000100000000000	42436.6	26.9
61	00000000000000000000000000000000000000000000000000000000000000000000000000000000000000000100000000000000000000000000000000000000000000000000000000000000000000000000010000000000000000000000000000000000001000000000000000000000000000000000	38098.4	13.3
62	00000000000000000000000000000000010010000000000000000000000000000000010000000000000000000000000000000000000000000000000000000000000000000000000100000000000000000000000000000000000000000000000000000000000000100000010000000000000000000000	40024.4	26.000000000000004
63	00001000000000000100000000000000001000000000000100000000000000001000000000000000000000000000000000000000000000000000000000000000000000000000000000000000000000000000000000000000010000000000000001000000000000000000000000000000000000000000	37402.0	31.399999999999995
64	00000000000000000000000000000000000000000000000000000000000000000000000000000000000000000000000000100000000000000010000000000000000000000000000000000000000000000001000000000001000000000000000000000000000000000000000000000000000000000000	42103.2	17.5
65	00000000000000000000000000000000000000000000100000000000000000000000000010000000000000000000000000000000000000000000000100000000000000000000010000000000000000000000000000000000000000000000000000000000000000000000000000000000000000000000	38067.8	17.5
66	00000000000010000000100000000000000000000000000000000000000000000000010000000000000000000000010000000100000000000000000000000000000000000000000000000000000000000000000000000000000000000000000001000000000000000000000000000000000000000000	40431.6	26.9
67	00100000000001000001000000000000000000000000000000000000000000000000000000000100000000000000000000000000000000000000000000000000010000000000000000000000000000000000000000000000000000000000000000000000000000000000000000000000000000000000	37563.0	22.799999999999997
68	00010001000000000000000000000000000001000000000000000000000000000000000000000000000000000010100000000000000000000000000000000000000000000000000000000000000000000000000000000000000000000000101000100000000001000000000000000000000000000000	41587.2	40.300000000000004
69	00000000000000000000000000001001010000000000000000000000000000000000000000000000000000000100000000000000000000000000000000000000000000000010000000000000000000000000000000000000000000000000000000000000000000000100000000000000000000000000	39351.8	27.0
70	00000000010000000000100000000000100000000000000000000000000000000000000000000000000000001000000000000000000000000000000000000000000000001000000000000000000000000000000000000000000000000000000000000000000000000000000000010000000000000000	42241.4	25.799999999999997
71	00000000000000000000000000000000000000000000000000000000000000000000000000000000000000000001000000000000000000000000000000000000000000000000000000000000100000010000000000000000010000000000000000000000000000000000000000000000000000000010	39627.99999999999	17.1
72	00000000000000001000000000000000001000000000001000000000000000000000000000000000000000000000000000000000000000000000000000000000000000010000000000000000000000000000000000000000000000000000000100000000000000000000001000000000000000000000	42843.799999999996	27.4
73	00000000000000000000000000001000000000000000000000000000000000000100000000000000000000000000000000000000000000000000000000000000000100000000000000000000000000000000000000000000100000000000000000010000000000000000000000001000000000000000	39056.6	27.3
74	00000000000000000000000000000010000000000000000000000000000000100100000000100000000000000000000000000000000000000000000000000000000000000000000000000000000000000000000000000000100000000000000000000010000000000000000000000000000100000000	35165.8	32.4
75	10000100000000000000000010001000000000000000000000000000000010000010000000000000000000000000000000000000000000000000000000000000000000000000000000000000000000000000000000000000000000000100000000000000000010000000000000000000000000000000	40722.2	36.3
76	00000000000000000000000000000000000000000000000000000000000100000000000000000000000000000000000000000000000000000000000000000000000000000000000000000000000000000000000000000000100000000010000000000001000000000110000000001001000000000000	37536.2	34.7
77	00000000000000000000001000000000000000000010000000000000000000000000000000000000000000000000000000000000000000000000000000000000000000001000000100000000000000000000000000000000000010000000000000000000000000000000000000000000000000000000	42314.399999999994	21.799999999999997
78	00000000000000000000000000000000000000000000000000000010100000000000000000000000000000000000000000000000000000000000000000000000010000000000000000000000000000000000000000000000010000000000000000000000010010000000000000000000000001010000	41897.79999999999	36.3
79	00000000010000000000001000000000000000000000100100000000000000000000000001001001000000000000000000000000000000000000000000000000000000000000000000000000000000000000000000000000000000000000000000000000000000000000000000010000000000000000	42303.799999999996	36.5
80	00000010000010010000001100000000000000000000000000000100000000000000000000100000000000000000000000000000000000000000000000000000000000000000000000000000000000000000000000000000000000000000000000000000000000000000000001000000000000000000	41570.4	37.300000000000004
81	00000000000000000000000000000000000000000000000000010000000000000000000000000000000000000000000000000000000000000000100000000000000000000000000000000000000000000000000000000000000000000000000000000000000000000000000000000000000000000000	17027.0	7.8
82	00000000000000000000000000001000000000000000000000010000000000000000000000000000000000000000000000000001000000000000000000000000000000000000000000000000000000000000000000000000001000010000000000000000000001000000100000001000000000000000	40992.4	35.8
83	00000000000000000000000000000000000000000000000000000000000000000000000000000000000000010000000000000000000000000000010000000000000000000000000000000100000000000000000000000000000000000000000010000000000000000000000000000000000001000000	42214.200000000004	20.8
84	00000000000000001000000000000000000000000000000000000000000000000000000000000000000000000000000000010000000000000000000000000000100000000000000000000010000000000000000000000000000000000000000000000000000000000000000000000000000000000000	38745.4	17.5
85	00000000000000100000000000000000001000000000000000000001000100000000000000000000000000000000000000000000000000000000000000000000000000000000000000000000000000000000000000000000000000000000000000000000000000000000000000000000000000000000	29747.2	17.2
86	00000000000000000000000000000000000000000000000000001000000000000000000000000000000000000000000000000000001000000000000000000000000000000000000000000000000000000000000000000000000000100000000000000000000100000000000000000100000000000000	37910.799999999996	22.799999999999997
87	00000000000000000100000000000000000000000000000000000000000000000000000000000000000000000001000000000000000000000000000000000000000000000000000000000000000000000000000000000000000000000000000000000000000000000000000000000000000000000010	16955.0	9.0
88	00000000000000000000000000000000000000000000000010000001000000000000000000010000000010000000000000000000000000000000000000000000000000000000000000000000000000010000000000000000000000000000000000000000000000000000000000000000000000000000	41278.2	21.4
89	00000100000000000000000000000000000000000000000000000000000000100100000000000000000000010000000000000000000000000000000000010000000000000000000000000000000000000000000000000000000000000000000000000000000000000000000001000000000000000000	43114.2	25.7
90	00000000000010000000000000000000000010000000010000000000000000000000000000000000000000000000000000000000000000000000000000000000000000000000000000000000000000000000000000000000000000000000000000000000000000000010100001100000001000000000	41505.0	35.8
91	00000000000000000000000000000000000010000001000000000000000000000000000000000000000000000000000000000000000000000000000000000000000000000000000100000000000100000000000000000000000000000000000000000000000000000000000000000000000000000000	37089.8	17.200000000000003
92	00000000000000000000000000000000000000000000000000000000000000100000000000000000000000000000000100000000000000000010000000000000000000000000000000000000000000000000000000000000000000000000000000000000000000100000000010000000000000000000	41358.99999999999	22.6
93	00000000000000000010000000000000001000000000000000000000000000000001000000000000000000000001000000000000000000000000000000000000000000000000000000000000000000000000000000000000000010000000000000000000000000000000000000000010000000000001	41934.600000000006	25.000000000000004
94	01001000000000100000000000000000000010000000000000000000000000000000000000000000000000000000000010000000000000000000000000000000000000000000000000000000000000000000000000000000000000000000000000000100000000000000000000000100000000010000	40507.6	36.800000000000004
95	00000000000000001000000000000000000000000000000000000000000000000000000000000000010010000100000000000001000000000000000000000000000000000000000000000000000000000000000000000000000000000000000010000000001000000000010000000000000000000000	42358.8	35.5
96	00000000000000000000000001000000000000000000000000000000000000010000000001000000000000000000000001000000000000000000000000001000000000000000000000000000000000000000000000000000000000000000000000000000001000000000000000000000000000000000	42238.600000000006	21.7
97	00010000000000100000000000000000000000000000000000000000000000000000001000000000000000000000010000000000000000000000000000000000000000000000000000000000000000000000000000000000000000000000000000000000000000000000001000000000000000000110	40378.2	31.5
98	00000000000000000000000000000000000000000000000000000000100000000000000100000000000000000000000000000000000000000000000000000000000010010000000000000000000000000000000000000000000000000000000000000000001000000000000000000000000010000000	40596.600000000006	26.4
99	00000000001000000000000000000000000000000000000000001000000000000000000000001000000000000000000000000000000000000000000000000000000000000000000100000000000000000000000000000000000000000010000000000000000010000000000000010100000000000000	40876.799999999996	36.3
