SOLUCIONES INICIO 

0	1110000011001100010101111101110100011110000010100010010011000010011110000110000000010000000001000000101110001111101001111101000111011110111100100111100001110001010110110001000010101101101101100000110111010100110011110101100010100011100	1183851.6	484.8000000000001
1	1101100101101000110001001010111100100011001010111010101010101011001100101001011011100011000001011111000111101110101100100000010000100001100110011010101011010001001011110100000001111100011110000100110010101010110011111111101111101110110	1239342.3999999997	523.8
2	0111111000010110010010010100100001000000001100011010011111101101101111001110110001101011110000100100100101101101101000101101110100101100011110100000111001000110100101110010100110001100110001010100110101101000001100011001011000101110101	1204139.0	495.70000000000016
3	0111100100000001011001011010110010101000101011000101101010111101110110111101110000100011001001011001101010010111000000010010000011010010000111010000011100111100111001010010010101000011110010100010011111001010100100111000010100000010000	1106251.4	449.8999999999997
4	1001110101001000000001010110110100000001001000011100101010001111001101011011100011011011001100001010001101011010000101100010100100111110101100111010010101011001100000001111110101011101010001110101001011011011000011001101101000000111001	1196782.0000000005	480.2
5	0111011010010010001110001001101111111011100000010111111100010101111101011110110110000001110100110000010011010101001011001110101111000110000110000110001111011000010100111010001110010111101000101111001111011101000011110100011001010100010	1245300.4000000001	538.7999999999997
6	0011001111110110010100010111101111000011110111011101101111000001110010110011111100000010000000100010000111000010110000101000001010101111110101101111010100101101110011011101100100101101011011001000101010010000110010100000111000011100111	1311100.200000001	518.8
7	1000010101011111000110001111111010011001100011100100000000100100111010011001110011010011110101111001001000000100110110011111001100101000101101000000000011110000111011101011111000010111011110111101010000010111111011000110000111000111000	1257528.2	512.6999999999998
8	1011110100100111001000101101010001011000001000100001011011110001111011101101011000001111011110111101101010101100000110011100110100001000100000001010111010000100111101001011100011000111010100011010001001001011100010111101110011001111101	1202709.4	505.1
9	1111101011101011111111100110010111000010000110011001011111111001110101001100001010000101000011000011100001100000101111010001001000010010001101100000010101111110010000010111001110001011011001001111001100101110111111001001100010011000111	1161759.5999999999	522.2999999999997
10	0001001110000010010110101111000010100111110111111011111110011101011100001101110011000000111001010010110000110110110110011001000100011010111100101001010100011000101111100000110100111010000001110000101010001001000111110001100111011101010	1243884.5999999999	514.6000000000001
11	1000111010000010100011011110011100000010010111111100000110100001110111000100011010011000001110001101111110111011100101111110010000111110101101000111011001111110001000110001010111110000100101011011010000111000100110010101001111101010110	1301171.9999999998	525.7999999999998
12	1001011010000001111100111101001111001011001001000101010000100010101001010000000000101110010101010010100111100001001111010101110011011000100010111000110111110001001101001100110001011100011100110101000000000111010011001101000111001111100	1154217.4	474.7
13	1110010011111111010011100110000101100110100010010011111000111111011001011100011100011011101100000001010011011011000010111110001010000100101100000001010011100000010010100101110011110010110011000111011110110101100100101101001111100011111	1235649.2000000002	530.7999999999998
14	1101001100110000110011010010000001111001100011101111010000010100010111001001100101101111001010000100001000101011111110011010001111000011101000100001011111100010011010111010101101111100000011100011011000000101001110011011110110010110111	1249911.1999999997	506.8
15	0001100000001110111000101001111000000111110111101011101000100110001101001000010100001110101111011111000010101011100101111011010110010110110101110110110101000101000100010001001111111000001100100000110110111010101011010100101100110011101	1215798.8000000003	515.2000000000002
16	0111010111100001001100101011111100100110010010100011100100101010100011100110101000011011110111001000000101110100011011011000001010001110110001110001100110101000010010101101101011010001011011011010011001011010001100111010001011001011111	1239408.5999999999	513.8
17	1110101010100011111011111010001000011111101001010001101011010010000101111101101001111100001100110101001101001110001000100101110011110111100101000010100100111011011100110000101101001110011011011011111010100001001110100110011010101101110	1261539.4000000004	549.6999999999999
18	0011001101110100100001011011100110100100100110110110111111110101100101000100101100111101110101111001011101011100111000010110011000111110010010001111110000100011001100111111000010110110110111010011001100011111011110110111100010110000110	1382210.3999999997	564.7999999999997
19	0111010101001100001111010000101011111110110111100001010001110000100111011110101011001101000101011100111011100011100000011100010111000010010101111100001011010000010000101101001000101111110011101110010100111011011110111010111111001000110	1237918.4	545.4000000000001
20	0000001000001111011111001000101001010000101001000011111100100011011001010111001001001011111110001001001111010010010101110100101001010111111011110011010011111011011001110000110111111101101000010110010110010101101100111010111011110110111	1340540.2000000002	551.4999999999998
21	0001110001000010011100111110101010010001010000010110101101010001110000010101100110101111001100001011111011010110011110001010001011000111100110000110001110010100001010001001011000110110101100010011001010011001010000111001011110100111110	1167024.2	478.4999999999999
22	0110100110111010010010111010010111000110010000101000001111011000010111111001011100010001100011010011100100010000011100101110000010101010100001111010100101110101100010011110001110010110100111111000111001101010010010101001001101011000110	1179145.4	504.7999999999998
23	1100100000010011111110100011110000110011110000010100111110101100010001011010110011100101011111101000101101110010110110001101000110100110011110011000111100001011001011010011010011111000100010100000100100001011010110111100000001101111110	1268931.7999999996	507.6
24	0110010010101000010110001111001001010000100011111100110010111011001111001011101000111011010110111001101011101101000011010101110100111110000100001000011011111110110100111111001101000001000010101010110010101111011000000001000101000001010	1279889.4	504.0999999999999
25	0001000000001010111010101110001000010110010111100000110010111101001100011010010010001100110001011101001100011100010011100010110111111111111000111110110001100011010011100100010101000101001111100101001101100001011011110100001011100000010	1232643.6	494.8000000000001
26	0110000011001001111010100101010001010010101001110110010001101011110010000110111010001100110010110100111101100101010110010110001001011101110000000101011011101000111100000011000011110001110111000101000010101000001110001011011100001101111	1144245.9999999995	497.8000000000001
27	1001011101100011000011010011000110010100000111010011010101010000100110000000100000000000100111110110010011011111011111100001110011001100001111000010111111110101001111011110000010001101011001000011001011000111110011110010000010111010101	1257963.0000000002	499.39999999999986
28	0101011010001111111010000110100010100110001110000001010110110011100011011011111001101011100100100011110100010000110010001001011111111000100011111100010000110010101111010000010000101111000001001010001011100110001110110001010101011010111	1187378.0	502.6
29	0110111110101010110110001101000100100000000101100110101001000110110011101101111101011010010111101110101110001001001000110101001100100101101111010001010010000100001001110110101100111111001001000110011110110100011000001000110001100111111	1214071.0	518.0999999999999
30	1101110101100001010111010010001011100001101001000000111010000100100010011110101000001100000010110011011111000110101010101011011010110101001001111011010010000101010000101111010110100000001000110101110111001101101110111100111010000100100	1234668.6	492.5
31	1111010011001000000001011011111111001111101011110111011110110010000000110011110010100001010010010100110001010011000111011101000111101001101011110101010010101010010001100011100011101010101011100001001001010101001100110111011010000100111	1258961.6	526.6000000000001
32	1100110101011000011100010000001111010111010111111011010000001011011000101000000000001011111111010101000011001010101011000011110010111111001000001100011010111010111001111110110111001101101001111100111110110011100101001101001100110001000	1322704.8000000003	534.4999999999998
33	1011011101010110101000100000011100000100111111011110101101010100011011011100000010100111011111111001101110001001111001101001101101101100000111001100000101100110000000010101000100011001100101011111101110000011011011101001111000110111001	1183263.6000000003	520.1999999999997
34	1010011101010101100110000110110111011110010010001100001100011001111110100100001000101011001100110111000111000100010011101100001011011110010111001101101001111101110001011011010010000001110101101100001110011001011111110000111010011010110	1315966.8	529.4999999999998
35	1001001000011110110000101011100110110110000101111010000011000010011010010011110111111100011101000101010001011101011010110101011000110000101111001011101000001001000001010000101101010011010001111101001101101101111001000111101011010111000	1150379.0	508.5999999999999
36	1011111010101011101110011101011010001000000000101111010101100010110011111111110010001110100101000001101110010101101000010100111100111011110100001101111010101010010110111010000000100101111100001111100000000101010011010101010100101010010	1270191.0	524.9
37	1001101011011100001001010111100001101011010110000100110100100011101000101110000110101011010111010010100010100101100101000110110110111110000110101011001010010101111100011000001111110001010001110101001111111000000011101111000010110001110	1189546.4	515.4
38	0000010010101111000101011111001111111011010011000000111100110100010110000110111011001000011011010111100001100000000111010111110101011111010001101100001110000010110010110100010100010110100100111010010100110000100111100011110001010111001	1208672.0000000002	508.30000000000007
39	0000011010010111010000010001111101000000100111101001111111101011111010001101100010011001000110011001101101010100001100001001101000000100000010001110011100100111111001011010011000100011011011010101111111000010001100010100001001111000010	1151164.8	476.79999999999995
40	0101111001111011111010100110011010100000000001011010101011011010000100111011100101010101001100110110101001001101001001100000100001101110110010100010110100000110000111011001110000101000010011010110110111010010011110001011001001111000011	1210483.5999999999	495.70000000000005
41	1100000101010110010010000011100000110111100110101101111100011111110011011010101110111011000000001110000100011101001110001110111101101101000101011100110101111100110001010100001101011110010010110000101100010110011011000000110010011011100	1219865.4	514.6999999999998
42	0111110110001100110101001010110111000110000110110111000010001001000101010001110100101110010110100101011101011001011110011000110001001011110101111100000100101101110011000001010001111100111010101011101100010001011101011001100110111111000	1234004.8	531.9000000000001
43	0101111101010110001100000101111100111000011101111111101100101000110011001110110011000100101111101011100000011010001110100110011100110100000000111000100111101010100011100011101001100100010111000110010011111010101110000001001100000100011	1215237.5999999999	506.7000000000002
44	1001100101001010000011111110111001111010011000101011110000000101001110100101010011101010000011010110010000101111110001111101111100010110101010000000011000001100100001000000010000111111101001111111100101100110001101001100110100100000001	1089407.8	487.50000000000006
45	0111101000011000100101011101000101011100110100110010100000010101111101111001100110110110011100100001110111110010100110011100110110000000110000110001010110011011100001001110100001110000111011110110110001000111000110101110010110110101100	1231080.4000000001	512.4000000000001
46	1100110111010111001011001000011100101101110001001010010010100110100010011110010101000001010101000011001000100110111010010000110101001111011010100101001110111101001001111111111010011011101111011001000101101110011011101010010000111000110	1378280.0	532.1999999999998
47	0001100110110000011110101011110010111100101100101011111010001110110111001000010011111011100000111001111011100110011110000011100001010101100001111000000110011110010011001011111010111001000110000100110011101100011100110010000101010011101	1318796.9999999995	524.1
48	1110000111110101001100001111011001111100101100011010001111111000110110001111000011100011101001011100100111000101101111110110101100011110111010001111001011001001001111000110000001111100111110100010111001000011110110011110101111101100111	1359677.5999999994	573.6999999999999
49	0001010100101000011101010000010101011111101010111010010010101110001100100011001100000010001010100101110010111001010000000011101111011111001001111001011100000111111010001110000100010100010010111100011100000101011110101010011001001101010	1173347.5999999996	485.4999999999999
50	0100101110101110010010101000001101000111101100010111011101110010100111011000000110110110101010111101001001001011011011001001001110111101011001010000011010001100001011000101010111101111111011111111110111010011001111001100101010110110111	1295786.6000000008	560.6999999999997
51	0011111000010111100001010110000011001001010010000110010001101000001010011111100100101101100101101001000101111010011101001100010100111011110010010111001110100010100100101101111110010110111110010101000110110011010000000011101100101100110	1250482.1999999997	500.50000000000006
52	1010011111000101111001101010000101011110000100000010111001101110011111100101011100010011100001010101001111000001101111001000011100010011110001001101100011101011001011000100101101110001111111101111000010101011000010000010110010011110100	1203533.8000000003	524.5
53	1111001110010011110010100111100101101000111110010101011010101010101101000110111000010011101011101010000010000001101111101001111110111000100011001110111111000110000001100010011001101000101111011100001000010100011011101101000110110100100	1225908.0000000002	522.5000000000001
54	0110010100111111111001100010111000111100001001000100010011010111110111110010101011110111001101010100001001010010110010101111101111101011010101001100110000010000110011001000101100110110001010100100011001101000011110101000010011001011000	1192190.7999999996	507.69999999999993
55	1000010110101000010100111110000010000011110101011100100100000000001000010100101010000001010010010001100101001111101010110001010110101100000111111110100100110100000100010011000111100011000000000111111101101110101111111011101110101111000	1111446.3999999997	482.80000000000007
56	0001100101111010100110010010111110000001000010000011000000100100011100000000100110010010001111100010011001111000010001000001101010111100011001111011000011101001101010011000110011111101101100111111010111101010100111010101010110011111000	1159396.3999999997	491.69999999999993
57	0011100110010000001001001111010010110011101000011111110111101110000111010011011111011101001001010100001110101100111000000101010011011111010110001000111001110100001110010101111100111111000000110011100101110010111110111101000110100110111	1339665.0	556.1999999999999
58	1111110111100011010010001001111101111100100111000101011010101011011111111101111010001110010010101011110110110100000010100111110001010100001101010100010101011011101101000010110100010001000010110101101010011001010001011111101110011001001	1283864.1999999997	553.5
59	0101010101100101101100110111100101010011011100001001010101001000001000000100111110100111111010111000101001101011100110010011011001101111010001011111001111010010000000100111011100101100001011111110011101010111011010110000010010111111100	1271188.0000000005	534.7
60	0111011011111110101010010101010010010110010010000101100111010001001110001100101001001010101010100111001001110101100011100001010000011011111010110110110111110000000100111100001000000011101010011001101000100010100001100000011001011010111	1190896.6000000003	485.5999999999999
61	0111110001100100001101000111000001011000000001000001110010001100101111011111101100011100111110000000011000000011101110111000010101011111000010010111100010111100001101010011001110000110011100000011010000110100101001010111000001011001110	1140665.1999999997	471.1
62	1010001000100001001111100110100010111000010001001010011010110100011111100011000011100001010101001111111111010010010101110100110001000010001100011111100000011111000000111001001011101101011010011100001110101010110010010101111011000011101	1172390.0	501.90000000000003
63	1001010011101001110011100010011011000100011100000111000100100111111110010001010100100110101100011001001000100100010000110100000101000001000111111001110010011100000001000101001101101110001101011001110100011001001001011010110010110000001	1020084.1999999998	447.50000000000006
64	1001111111000100010101111010011111110001001110111010110100101101010000001110100111011000011110101100111011010011111110110011011010110000111010001010100001011010011001110110010000110011100101000111011111100110101101010100110110000001011	1338090.1999999995	555.1999999999999
65	1110000110101011110110010011010111101110100010110001110100100001100001100100001011100111110011101010110001100001000111101101111111010011110110111000111100101011100101100110111100110111100100000000000100101001111001001011101110100100010	1332526.7999999998	534.4000000000001
66	0110110010100010111111001010100010110001011110011110111000100100000110110101011010111001000110100110101000000101111011100111010110100111000000011111011001111100000111100000110101101110011000001001001000100101000001111000101000101111111	1242169.5999999999	515.0
67	1110011011110111000010011001001111001101011111101101010010110100100111100100001010011001111101101111110001101010100011010010001101010101011001100001110101011101110011000100011100001001000111101100101110010111111101101110010010100110010	1273682.6000000003	556.6999999999999
68	1010111110011010110001000101101101011100100111111101101100101100100001001011100001011000010101110101010001100001011010101110000000010000001001101111001111101000010101010001000100010000010001111000011000100101101111111101110011110000100	1135283.4	495.3999999999999
69	1010101100001100110101010100111011001110110101110110010000011101110110100110010111010010111001010101010100001110001101101000001100111010011110010110010111010101010110111010010000101110000000011101011001101010100111110111010110011011100	1330685.4	537.5000000000001
70	0001000000111110100010011011111101101011100100011110110001011000001110011011010011101000101011000010101110111110110101101110010010000001011000110110101111010000111010001110101011000001111001011000000011000011110100100101100110011101100	1260236.2000000002	512.5
71	1110101101011011001110001100100100100001010110010101010101011110000100000010011110111100000100100010001101100101101100111101000000110100111100000001101101110011110010111100100100100100001100011101001001010110001000000101100001100101000	1182632.1999999997	463.90000000000003
72	1010101010111111000010011001100110010110100110010011111111111001110011110010011011100110011011001001001010010011101010111011100110100100001000001010100010111101011001000100010111000010000101001101101000010101011110011011101100010100010	1195266.9999999995	504.8000000000001
73	0010010000010001000010010000011100100100001101101100101111000101101100000110001000010110111110110101101111000110011101001111101100010001101001111110111011111001111011001010000110111101101000100000011100110001011001010011110111110111000	1271617.1999999995	512.3000000000001
74	1101011010100110010101101100000011000000001010110101110001001001011100010010110001000000011110001111000100101010000000001011000100101000011011110100101001000101000110011111100111101011100111010001111100001111100110001011110100000001001	1131805.9999999995	461.5
75	1000110101101010010001010101001001010010000101110011110100010010110110110111100110110001101001111010100110110010101111000110011110010001110111111101110010001001000011100000100001111000101011100010100110001000101111001010001001101000101	1213487.3999999997	493.70000000000005
76	1000111001010101100010101100010110011101101110111111010010101000000110000111100011011001000010111111100111111001010001110011101110110111101101000011111111001111000100001011001010011100110101101101001111111000010000001101011111111110100	1328040.4	572.8999999999999
77	1100101011110101111010011101110011110110000111010111010001010100000011001111111001101011110001111000100111101101011101110000111110011111001000010100100111000001001011100011010000111001111001010011010100010110100100000100100111110011010	1310301.3999999997	541.8000000000001
78	1001111000111011110100100111000110111111100011001101010011100011000010110000010000000010001100101100010000101011101001100001010110101011000110100111110101111101001011011110110101110001110011110101001001110100011000010111110011010110101	1334354.5999999999	525.4999999999998
79	0110011001011001111101011101001100011011111111010110000110111100000000011011101101110101001000111000101110010101100111110111000111001000100111110101011001110011000000101000101110010001100111011001000010100010011100101010100001000000001	1205302.1999999997	501.3999999999999
80	1011111001010000110001011010000000101001100111001111011001110011100110001110011010001010001100010101000111011010010101101110100011010110100010101011001010111101101001111110100011000110101010011101011000001100111110011011010101011011010	1343351.399999999	531.0999999999999
81	1110100000111010011011100000110110000000001011010001110111101110100011110000010001000000010010110110110110011000111101000000100011001010101111010000110011110011110101101101010011001010100100010110111101001001100011001111110010100011000	1210468.2000000002	493.8999999999999
82	1100001110011100100001000000111101010001111011110101111011001000001111111000010111110011100010100111011111000001101010111001010001110110100111110000111011011000011001111000001111000001000110100111011110111110110010101011110000010010110	1271739.5999999996	539.8999999999996
83	0000101001100001001000000101010001010110110100010010001110111111000000101000001001010101100011100001111010001010011111001101010010001101010110000101111011001101110011111111001101110110110101010110000110111101100010000101011101010001000	1271594.0000000002	493.1999999999999
84	0001010100100011010011101000101000011101110111010111111010101101111010001010010000101001111000000011010010100000100011110000011100110011101111001010000100010111011011111100111001000100011001101101100001101011010100001110011100111011000	1284947.1999999997	500.30000000000007
85	1010110011110111101110010100001110011111010111011001001110000110110111100111000011011001001100101100110000001001101011001100001011100000110100100011011101000010110100000101101100010000101011011111010111001001111111001101001000011011010	1174824.2000000004	522.7
86	0101001101110110010110111101111100010011011000010001100001101000110001111010111101110100010110000111110100001110001111010111101100001011101000000101010010010001001001100001110110001100011001110101101000101001111111000100100111011000101	1226289.6	514.9000000000001
87	0000101010010010011011000101101111011010110110000100101010001010010010011111010011001101110011011000000110111101010100010010000000101111000000011001101001101000000101111010100101111000111001011010010101001100100111111100011011000001001	1158200.3999999994	483.4999999999999
88	0011111110110100001001001110100011001000000000111011001100101111000000110011100111010010001110111110111100110111001111110110011100010110010100111000000010000000011101111011000011100000000101001111100111110001011000010101010011000100111	1259539.2	498.09999999999997
89	0110011111100110100100101100000100011010000010011010001101100100111110100000011011010001000001100101100000010101001101111010111101111101110001111011011110000000001111010010010000001001111001001001011111100001010011111001000111101101110	1252274.3999999997	508.20000000000005
90	0101001100111010101110111101011011101011001000000001100100001001001000111000011100111110100110001001101101010001100110010100110101110101111000011111000010111001011010010000111100111010011010010000111110011011000010101111101011100110100	1220185.6	518.2000000000002
91	0100101000001001010010010100111110011101110011001100010000100011101000101011100100010100001001010001010101011110100001000000111100011100100000110110000111110110110011010011010010111001010110011000000100001111000110101001101111110101010	1191512.3999999997	472.7
92	0000100110011011100000000010101010000101101110010100001110001110010011000100111110011111100101010011001011011010001110001011111000100101010101011101000010001101001010101111001000110110100110111111011000011011100100011010100010100111111	1232512.5999999999	510.9999999999999
93	1001010100101101111110110001000011000001000010010011011010100110010000110110110101001001101101101100101010110101001011100111001111110110110011010000110000000000111001110111001001000111101100001101011001001101100111010100001001111110001	1252779.5999999996	501.1000000000001
94	1100101011000100111100000000010110011100010011111111100110010010000101001111110100100001010001101010110110000110001101001100101000110011111100010101011011101101101111101100111111110100101010110101101010111000011000111010110011100001010	1351378.7999999993	529.9999999999999
95	0111001111000000001000011111110101000010110101101100111100110101111100010110001111111011110111000010110010010010010010111100001111101111101100100101001100111100010100000011001000110000100100110001100111011101011000111101110010110010011	1202373.1999999997	532.3999999999997
96	0010010011001100010100011111100000000100011111011110101011110011011100101101001010101011000110001110100111011000001101110001011000011001111001111001111001010110010100100011011111110100001100111111100010001001100000110001110110011001001	1228019.4	516.0999999999999
97	1111110001010110011100010110101001101100011011010101101110100001000000101000010010110101010011111100111110011010101010000101000011100001011000111011110101101000110010100100011001000000100011101011100101011111000111000110101110010001101	1189943.9999999993	502.50000000000017
98	1001110110111111111011110100101100011011001101111010010110001111111011000011110111101001011101101110000010100001100111100001101011101110001010000101101100111100110111001000000000111100111001101010011001101100000000010100000110011100100	1220291.9999999998	532.3000000000002
99	1101110000111101100110001001100001101010011100000010010101011000101100000100101100101101001011001000001000001000111001110101111011101010100111011010110110001101101100010010110110101111110010101000110010101010010100110000011011011111111	1206657.2	503.4
