SOLUCIONES INICIO 

0	01010101101111010010001100011110011011100001100110100101010001111110011011111010100010000101000011100011110101001101000111100001011000010000100110111011011011001011010011000010011111111110001011010101010110101010101010100001000100001000	1198874.7999999998	503.7999999999999
1	11010010010000000011101111000110110110000100110110001011001000111101101011101111011011111010100110010101010000100001000101001111001111100110001011100111110101111010000100110011001101001111001100111110011100011011001101100110111111111001	1295853.4000000001	557.2
2	10000111110100011111010010010011101111101111110000100010111100101011001011111010000010001011100100111011010011101000000011011000110000011011111010000000100000011000001100000000100100010111011110001010000100100000000000100000010011100100	1014366.2000000003	447.3
3	00100100011011111011001100010010110000011111011101111101001110011110001011100000010111100011001100010010010111101110010110001101111001111110110110010000111111101001010110010110110011011101110000110010110101111110011100011010001000101100	1394646.4000000006	560.9999999999997
4	00010100000010101000000011111001101011101110011100111000010010110111001100111110000011001010001000100101001001000111100010000111110100001000001110100100011101001000011010011100100100010000011011100000011001100000001110111101100011010111	1105600.7999999996	461.79999999999995
5	11110100010001001010010010110110111001011001011000111111011000101111010000011110110111010000000100001011100110111101111000101110111110000110001000101011100110101110101010100111110001000000101011000001000010000111111011100111101000110011	1322063.4	528.5999999999999
6	00100111001011111010000111000101001111000001111101001000100110001001100011111100010000001010100111111111111011110010101110000010011010001100011110001010100000100010101110010101100001110110111001011010111000100100111011000110001101011100	1233660.2	513.8000000000001
7	00011000010110110111010111101001001001000000100010010110100000000010101010011001000100010101110101110101100001100111000110100000001010100001100110000100011101101101100000010010000010111010100110110000111000010000000110000101001100010101	947829.9999999999	408.8
8	11101001111010100110111100000010000101100011010000110001011010010110011011100101111111000011101000100011110100110001001011010101011000011111010011110110010001011100011010001011111100010011001111000110101010010110000001110010101100111010	1255378.4000000004	520.8000000000002
9	11010001110011110101110110011101010100000111111100110100111101101111000011011101000001010001110011110110001001010001101000011100011000100101011110000011101010110110110111100101111001101111000001111011110100001101010100100111110110111101	1326979.9999999998	564.9999999999999
10	11010101011111111010011011101001101010110001100011010100001001000010111100000000000001110001001001001011100011100100000100101010100011000101010100001101110110100010000110101001001101110001110101111101001101010010100100000100010010001001	1082594.5999999996	453.29999999999995
11	01110011111111101001100011100100100110100100010100110101100100011000101001100101100000010010100101100010010111010011100111111111110010111100000111111111010100001100000001000011011010001011110000011110110010110000100010000100110000101010	1173270.6	491.1
12	10100001000101101111100011100110110011111000000111010001001110111011001110100001110001011101101101110010100100000110100000001101110000011000101110001110011111010100001001001101011000001001010000110011101101111100110001010001101110000001	1127911.2	491.4999999999999
13	11010101001100000100010011100101001111010000000110001111010111001110000010100101111011100011010110111001100111110000011101110011111111001100101000011001110001111010001100011001001011000111100110000011100001010011100111100100001110010010	1242165.5999999999	508.4
14	11001001110101001001100001101000110011101110111000010111101101101101111010100000100101011111101000101101000010110011011111001000010000111101110010100101101101111001001001001001010100100111001111000110100010001110100110111001011111101100	1249403.9999999998	536.1000000000001
15	00001010111000011010111001000001010011011111010010111010001010101111010100111001101001100111111011010001101000010001110101100111100111000111110001010110011110100011111000111101011010001001100000010110001100001101111111101011001110011110	1340062.3999999997	535.4
16	10001110101100110101000111011111111001101101110110101100011011011000110101000110111000111100010010110000100010110000001011011001101101101101101011010011100110110011000111001100001001110010000000110000011111000100100010111010101111110010	1297665.4	528.3000000000001
17	00000101101111100011011110101010100010101101101000011011011001001001100010110101001101100010000100001101011101100111100111101001000000010010010000000011110101011000110101010000010010111101010110110001100011000011001011110011011100111001	1150302.8	490.40000000000003
18	00111110100001011100110111111010000011100011101001000101110011101010101101101110011111011000011111011001001011000111100011100010001001101110000111111111101001000100110101100101001110110001011000110111011111101110101011000101000111111101	1337595.3999999997	573.5999999999999
19	01100010010011011011100011011010110010000111010110101100100011011000000100001001100001111101111010101101010110111110010110011011010100011100110110010011000111001100100011010111010010101010001111111010110111000001001010011011101110000101	1287805.9999999998	528.0
20	10010000010100011011110101010100111100010011111010011111011011101001010010000001101111110110000001101111001011100010000011010110101110101110010010111000101010011101100011011011010101110000111010001101010110111001010101101000110111010100	1312257.4	536.2000000000002
21	00010000010010111001010011110011110101110000111100101111011110010110010000100111011000111101111000000010010101101001000110011110011101011011011000000100111011111000101001111000101011110110100100101001001100110111000000011001011001011011	1251041.6	517.6
22	00000010111100011011010010101100001010010000000101101010101000010010111111101011101100101000111011100001100100011110010011010000000101110110001001000000001101000011101011101010111100010111111110111110001101011101001101010010110111011101	1215793.7999999998	507.89999999999986
23	01100010101110110111101111111010100001100010110110110110010011111111010000111110001011000101111100010101011000011100100100010011100100001111000100111100110010100001010111001100101100111111100010110001000011100010011110011011001000010000	1251353.5999999996	526.3
24	11110010010110100110100011110101110110101100010101000010111010001011001101111111110011000111100110110110110001001101110111111011001100001110011101000011011011101101111010100100110110110011011001111111101001001100010101111111101010011111	1426881.4	611.4999999999999
25	11101101111100100011000110111010111001101001001011011001001001011001010010110000101001010111001000011110000111100101111000000001110001000001100110110101110111011100000000110001000011000011011110011100000000011111001001011101011111001101	1144112.9999999998	500.5000000000001
26	00110000001110110001000100100011100100011000010111110101110001001110111111101010100110101101011111000011000110010011100100101011111110011001111010101001111111000000101101001011111101111000001110100010000011110000110001001110010010100011	1262626.0	517.2999999999997
27	01000010101011101000011011111000110010110100010110000101011111111011100010110011011100001001011011100001010000000100100001110011010101000011010111001000001011011111011001010111011111011110101101110000000000010011100000101000000111011001	1192688.7999999998	489.3
28	01101000101100111111010000100100111110110101001011011000001110110100010111010011011100100011111011110010001010111001001110010010000001011111010101100110110011100100110100100111001111011110000010101111100110100101011000111111110101010111	1293907.7999999996	553.0999999999999
29	10011011000110111000001110111110100100011001111111100000000110111111100100101010001100001100101101101110010011001001000110111111011011011101111100011100111111110000000111111101110010111111110011001101101101000101011110001010110101001100	1437228.6	580.3999999999997
30	11101001101001101011011101000001000001100000000101011111001111100010100111011001001010010101001101011100100101111100100010001000110010000010010011101100100101001110110011111100101111101100111110001010000100101010101000001100011000000010	1220567.8000000005	474.39999999999986
31	11111011111010110100011011100111101111000011000111101111001010110000111010100001001001010001101011011000000010100001000111101101101010100101101010010010101101101110010111011010000110000111000111110001011000001110011110100010110000010111	1321642.0000000002	519.8999999999997
32	10011100011100000111100110010101011101100010110000101110101000010010011011111101011000101101001111111110010000101001011111100111001101001111011011010100100011110110110111010001100111100001010011000000001001001100100011001001111110011111	1325879.1999999997	534.0
33	11011010100001110001101111100011011001101001010011011111111101001000010000010100000001111001110100100011011010110101100110001100011010110110010010101000001011000111000001000001101011110000100110010001110101101011100101101110001101111111	1131502.4	515.6
34	00101011110110111110110111010010100100110100010000011011101110101111100111010111000000100110100010111101100001000100101100111110001000110010010111001101011000100101110100001111110001100000001001011011111011010100010100110110011011110011	1253834.9999999995	541.2000000000002
35	11110111100111111011100001110000101110111000111111100110111111010001110001011110111000111001100101110011000100011100100110001001110001100101100110111100011111100101010000010011000011110001101101000100101011101001110110000011000100111000	1269333.9999999998	543.1
36	10001010001100110010011001000010110001011001101010011010011001101010010010011011101010000100101010010110001011101000110010011010110001110000001010010010010001010111001101110001001111011100011011001100001101001010010100111101000111000011	1136537.9999999998	477.30000000000007
37	10001110011011111010110001110100000111010100010111111101110110011101101010011000111011111111100011111110000000101010101000110100100000001111001111000010010101100000011001010000101101010000011000101110111100100001101011100101101111110110	1226063.9999999998	530.0
38	11001111110011000011010100001000111000001100001010101011111001110100101110110111101011010001011010111110110111011000011110110101001001000101110010010001010110111011000010110001100111100110010100101110110100100000111111001001101000101111	1262451.8000000007	537.4000000000001
39	11010010111101010001110101010110100010001000101110111101110100110011100100011010100111001011111001100001010000101110110011100111101100101111111001001101001011011000000110100110111000011001001100001000110001001111010001100000001000101010	1242460.2000000004	508.6999999999999
40	11001010001010110001011110110111010101010110111010010010010110101000011010010001100111011111001001101001000001001110010011011100110011100000110111110001111100010011010110011110110000111001110011000110001000000011111011101010110011010000	1299377.6	517.4
41	10000011111011001011010010011111100101010101110001010010010111111010111000111110000010100101011001101001101101100101001111101110001101010110101110011100001011100001111001010111110011110101001100110110101000101001011001000001001010000000	1312810.2	529.2999999999997
42	01010110110100000011101111100010110111001100111100100110100111001010110010001101101011101000000111111111100100010101000100000111101101110010111111001100101010111011111101001100011000000010001100100110001111011111111111101011010011001001	1373258.7999999996	553.8999999999999
43	01011011010001111101000010110001011100010001010011000101000110111110100010111101111110000011101100100110100100011011011101100110001011111001101100000001001010001111011101000110000111111101111010011111110000011111110011110110001010001111	1288625.6	552.3999999999997
44	11101110101011101001111100110010101111111101001111001110101111100011110100000111111101100110110100111000100010000110011111101010011000101010110000010011010000000101100001011100011000100001011001110111110011101000001011100000100100001110	1208519.0	537.5
45	00101011100010111000110110000011000010011111110011100011001110111001100110110001111000011011010101101110001010100100000101000111110011000000101111101010101011011110100111100100100111010001100110101100100010111000100111000101101100011001	1251869.6000000003	512.8999999999999
46	10110010010101110011111101100100001110001001001100101001110011110000101100101101001010110110001111001000110101001100000010110111010101110111010010100001010000100101000000110111010110011010110101111001111110001100110000001100010010100101	1169880.4000000001	497.4
47	00001101000100010100001000001110011001000010110000000111110111111101001001010001101010001101110010011111000111100111100001010111011010101101001011010101111000001001011011001001010000100111011010001111101111010110000001000011111110101000	1230420.5999999999	492.20000000000016
48	00010001001111011101100111101000011001001000101000111111000001001010100000011001110111011001000110011100101111100100110111010100011001000100010011000001001010010000111101100000100010011100001111101001011111001111101110111010011001010111	1190646.9999999993	504.40000000000003
49	01100000001000100111010010001011110011111110111111100100111110001101110111101101111010111101101001101100001000110001111001011010010110010010001101111001010101101000110010011001101011111011111101010110000101000010110111010011110111110111	1325469.7999999998	573.3
50	01011101000101101111011001000100111111111101100000100001011101100110110100001001001000010100000101100110110011101010100100010111111010100011111101111111001010101001110010101000100010001011010000010101110111100100010001010101110101110100	1264556.3999999997	519.1999999999999
51	10100000100101101101110111001010000001011010000110000001000100100011100010001011011111001100101001000011100101110100001110111000001101000000101010111111110001101011000011101001010000000010000010000100110011011101111010001101111010100011	1134231.5999999999	460.8999999999998
52	00100111000000001010101000000100111010000101010110100011010111010110010110111000100100100011101011001011011011001100110101101001110010010110000101111011101011000100000111101010011011010101110111101101100011101001010000010000111100111010	1250666.8000000003	499.6999999999998
53	10000101010010110000000100001101001001010000111111011101001011110011100010001000111010111010101101101110111000011000100011101100011111011111000000100001011010110111001110111000011101011001010110111000110101110011110110001010011110010101	1288864.0	522.9999999999998
54	00101111011010100001100100100001110000000000010001001110110001111001011001000111010011110010001010010001011001001110010100100100001111001011111000110001111001011110110111000001110001101101000110010111010111100110010011101001111101010100	1166825.3999999994	502.1
55	00101011010010010000110101100100111100101000010010111110110001001000100001010111000011011100000111100110000000101010001110001111011100011001101010011001011001010110011010010110111111011100010001011000111100101101100011010101111011111111	1245606.4000000001	522.8
56	01111011101111000011010000011111101001011010111010000011100111011111100101011110011111111010111100101011010011110110110010010000110111101000100110100011001000011010001100110000011111011111100010111000001000000011101101100001001011111010	1284396.6	556.8000000000002
57	10010001101010000111010000101011110011111110110011001010001000000010011010011100111000110100111110111101111001100011110100010011100011010000100011111011000100001101101011010110010001111100000111000100111110000000110011110001011100010100	1262911.7999999998	507.7000000000001
58	11111101100000011010110101101000011100101100001110000011011000011110010101011001000101010100100010111100100110111111001010000110110010000101010110111001011000101101101101100001011100110111101011100111000000101011110111011110100111110000	1267810.9999999998	537.9000000000001
59	01000100000110011010111001011100001010001110110011110110111101101101100010111101100100011001111110111010101011011001001010101001011001010010011100011100110010100001110111000010111001100100101010100111100011011011000011010000011111111011	1281744.2	542.9999999999999
60	10110000101100111000111011011010111000110000100111000001100011000101111010011110110111110000010110111010011000011110110111111100110101001110110110110101001111000111100011010110010001011100111101011000110110101011110010000111110010101001	1375076.0	568.3999999999999
61	01100010000110100011000110100100101100011100100110000111010111110011111011100101010010111010000100101101001110111001010001000000110110100011100111100011010010101111111110100010110100110001101100110101011101010011111000010101101110111110	1307525.4	539.8000000000001
62	11111010000100000101001101100000111111110101001100110110111010011101111111111101001100001101001001001001100101111100111110101000100010100000110100011001100011000100110011000011000100000111001100011111000110100110101010010000000000110000	1177374.1999999995	483.3
63	00010011010100011100000010000111110001000100110110010100011101101011100100110001001010010011100110000000110100100110000010001010100010001110000010001001011100010111010011001111000000111110000001011110110100111100110101011010011010010101	1118825.1999999997	449.6
64	01111110111010111010100001000101111110101000000010110001011000111000111110011010001100101100110001110100101100101111001001101101101110100000110111100001011000010001001110101011100010010100111011101010010001010101010011111100000110010111	1283221.0000000002	522.0999999999999
65	00111010011111011101001001101010011010111001001101001111001000110100011011001011111000001101011101011101010100101010001010001000100110110011010101010110010100001000100111001110001100110000000001100100001010101110000101100000100000000111	1178070.7999999998	465.40000000000003
66	00010011110001111011000100010110101100100011001110010111011010111010010000110000111101101011111101101011011011010100111100111110110110001010100001101101100011000100111111011110111010100100001100111100101001100101101100000111011101000110	1418060.1999999993	551.1999999999998
67	00100010010101100100110011100111000000100110011011111001110110100001001010110110110110100011101011110000100010101101100001000101011100010100110100100111010001001101010001100001011101101000100001011100000000111111001011001111110001101000	1094204.7999999998	483.3999999999999
68	10111101110110011100000000110000001011011001100101110001111111000111100011111101010110000101111010010000001011110101000101101011100000101000010111001000100011000101100101101011011110110101110011101000110011010001010001110111100000110100	1224821.0000000002	519.5999999999998
69	00011100011001100110000011100100110110110111000110101001001010101111101001001101100010000111100000001111000101110011001110100010011111111011100110100110000101101010110001101100001111001101110000110010001000001001010100100111011010110010	1260491.6	502.09999999999997
70	11010011001111010000111001001000110011111010110110111101000110111111010110101010011101100001110010011011010010011010110101101110110011111001010000110100000110101001000011111100001000011000001000110010001001101000011001010010000010110000	1260783.6000000003	494.3999999999999
71	01101000001110010001111101111100110001100100111011001110110010101010101101000000000001101100010010110111001110010101111001100100000010111100101010001010100110110010010000010101001100011010110010010010011000011110010001101011001110011111	1138374.5999999996	496.6999999999999
72	00101111110001110000000111001011000110100111100010110010101011010011101111010001001010001001111100000011001011001110011010110101100010000000010111101101011110111110110001100011001111100111011011001000010001010010001000101101011100001111	1221139.6	514.6999999999999
73	11011101000101011111010100011011000100001110000111001010100000001011000010011010100011001101001101100000011010001000111000001010001111110000010100010000011001101101001011110010100010010001000111010101010001001000101000110000011010011011	1093544.6	439.9999999999997
74	00000011100100001100101001000111101101011000100000111001100111000101000010000101010011111110001100000100100100001011111101101111011110000010000110011100000011101010000001001111101101011010100001111000000110011110100100101110111001000011	1115345.7999999998	476.3
75	01010111000011111010111010000011101010110110010010011010100111101101001001001110100110000001100111000111100100111100100100010001011001111010101110000010110000100101100101101010000011000011110011110100100100010100001000000001111010010000	1169078.0000000002	469.8999999999999
76	10001001101001111111011101100010000101001110111100000001101010101110110001010010010110111001000101011110100110100000001010101011011111000100111100001110001011001101010011110110101000001101010101101101011100010111100011011001110111110010	1312686.4	529.8999999999999
77	11100000110010001011011100101010110000100101001101011000111110100010010101011010000000100011010011001111110110110100000011100001000001111101110010110110001101101010111011000111101010010010101000001100000010101101110111101001000011111010	1265590.7999999998	495.0
78	10100001001011100111011101011000000111100010101000010001011000101000111000011100000111111110010001101100011010100111111101100100011001101010000000110110111100111101000001111101000110000111001100010000000110110010000010101101100110100000	1190513.9999999995	478.09999999999997
79	01100011000000101101010010010110011101110111010101101001011011000010010011011000010111001101010111101011001011010000110101001010011100101110011101111011001110110000000010010110111111111010001100000011110001110011110100101011100001011100	1238811.0000000002	532.8
80	11010110111001110111111001011100100111101010110110000001100000101010001011010011001001010000000001001011110100000111001101001000010111011000001011000110011100111011100100011011110111000110111110000010111000011110000001010011100000110011	1178970.4000000008	493.8
81	00101111011100110010010100100000111101101011100000001001110100110000100010100001100101101101110111110010001111001100000000111101100011101110101000111101000000001011111011000001100110101111010111000000100111100101100100000110001011100011	1174153.7999999998	490.4000000000001
82	00111110100001000011100010100101100111110100011110110101101111011000110111110010010110100011011111000100010011001110111110110101011100100100111010011010100101101101000101001110000111101110110000111100101110011101000001110111001101110011	1340907.8000000003	562.8999999999999
83	00000100110010011010010000010000010000001100101011111100101000101110101000110011010011110100101001011101010001011101011110100110110100011101011000011110000110000011011001110100111001110010101011110100011001011100101110110011001011000111	1240845.1999999997	500.0999999999998
84	00101010100010100100101110011011100010100011001010000111100110110000111001000110100101110110101010100001100010100101101010111001101010001010110011100100000001101110001100000100110110001010100000101000000010101111100001100101111101111000	1085084.0	473.30000000000024
85	00101010011101101101001110111101100011000100100101000101100101100011100100011111110011100010010010110010010000011100010101111010110011101010100110110111000110100010110010011101001011100111111000101010001000100111110000101011011001000000	1230912.8	513.0000000000001
86	00111000111011010100110110110101010101100001111111010000101000110100111110101110110010010011010111001101100110101001011111000011110011010101110010111111100001000011100100100011110000100110000100001000100010100001011001100100111100110010	1229630.1999999997	510.0000000000001
87	10100101001000011000100001000000111011001000100010001010111000110010001010010110000010100111101111100100000001110101111010001010110111100001110010100110011000110001101011100110110111000000100011001000101110000100110100111100010100001000	1158677.2	440.80000000000007
88	11001111101001111110011000000111000100001100000101110110111111100101111111010111000110010111011111101010010111000101101100110010010101110001111000111111000101101011011110111100010000010000100001101111000001000101100100100011010001101111	1402677.5999999996	547.3999999999999
89	10010010010111001101110100111001110110001111100011001010111010101110100100111011001011011010011010110011100111010100000110101000000000000110101100000000111000010001101101100111000111100111111010101010011010010100011110011110001111001100	1218271.2000000004	520.9999999999999
90	00110111110111111000001011000010001100100000011110110010100101101011100001110101110101010010010000000101001100101010101010000101100001000011011011101001111100010110000111100001011101001010110011111011101111110001001110110111011011000011	1202386.9999999995	528.4000000000001
91	11110100110100111010111010100100010000001110111110001100101100100101100110010111101011010110000110100011111101110000011100110011101000010110001110011111001000100001011100000011110100111010011110111101010110110110011110100001011111110010	1283794.5999999996	555.9999999999999
92	00111111001110000110101000100100110001011101101110000100010110011010010110001000111000101010110100011001011111010100110000010111111000000100110100000110001011101111011110100101100001011100101011100001001010111011011010100000000110100111	1222771.0000000002	500.4999999999998
93	01010110111011001100100110101000111010011110100101011110000010100110101100100111000110011000001101100110010101111111010001110000101000000001010000011100111100100110001110000001000000011110101000100100001001101000111011010101100101010000	1097459.9999999995	466.5
94	01111000110111100100010010011100010110001111001001111011010111111101001110100110101001100001001100011111001010010100100010001111001011001000001011101110101010010100110101100101101100011111000000011101011110111100001111111011011001001100	1257150.3999999997	540.4000000000001
95	10110001111000000110101010101111101111000100110000000110011010110100101011110100010001011010001000110101100011110001100100110010111110111111001000010111100100110101111011001001011001010111011000011101001100100010110100110010000111111110	1296505.1999999995	534.0
96	00110001000000110011101000011100000011000010000000101100111000010111000010011001110100001010101010100000101100110000011010101000000100001010100111010100011100000101011010100011111110001001100110111010010101000010101111010001110101110100	1060665.5999999999	443.4999999999999
97	00100101011111111101010001111111110010101010110110001110111110001001111000110001101101000111101100011001001010001110000011100110011010010110110010011100101110001111110101001110010011001001110010110101100101000000111101100001100111010111	1357995.9999999998	552.4999999999999
98	10101011011001110101111110000110111111111111100010100011101011111011101001011101100000010001100101000010110011010000010001101000001101100101100100101110011000101111111011001100000101101000111010101110110010010011011111000011011110010111	1317625.0000000005	553.5
99	10010010100010101000000100001101100000111000101001101001100101010011000101010010110011111001111100011110111001001011111100000111010111111011001000101100111011000111010111001110110001010110111101111101000111000101000010110100100101110111	1331593.9999999995	533.7999999999997
