SOLUCIONES INICIO 

0	1101000111011000010000000010110100101110111010011011100110100000111100111000011010010101110101111000111000011011000110001110001000000011100111110100100111010010010010010010000111110010010000011000110000101000010011011001001110000110100	877468.7999999998	463.5999999999999
1	1001001000101110100100011000101000100010001100110110010010000100111011011110111101111010111011000111101101110110100011010011001101001110101100001010011101110011101001110001111011000010101100110100100100100101110100010110001110001100011	1084197.8000000005	516.5999999999999
2	1001101011010000101010010101100110100111111000011100000001101110101110011111110001001011010001000010010011000001001010100011110000000101100111111001111100111000001111111100100110100011101001101111101101100001011100110111010000000000100	1044185.6	505.5
3	0010000110001101110111000010100001111101011000110011100110010101110000100011101100011010001111000101101100001011101111100000100010010110011111100100110000010110000110100101100100001000000111101111100000110111101000001101000010001110010	959897.1999999998	473.1999999999999
4	0001001111011001001000111011011111100011100000100001111100110100000000111111110011010000000100011111110011100010000001111101101100100111101101000011101100110111111101100100010001010111001000010111001000010101010100110101011001111111001	1049889.2	521.7999999999998
5	1101101010011000110010101101000001011101001111111000111111001011110101001100100011111000111001001011001101001011001111111000101100100001110000111101101101011100110110101111001010000001011000000010101001000010100011101111110111101010010	1100766.8000000005	540.7999999999998
6	1110000010001001100101011001000110110000100100011011011011110011110010110011011101100110101000001000111011100010011110100100001110011001101111101000010010100011111110100101010100111111100111001011110011100100011001000110100011001000110	1029827.3999999997	516.9
7	1101011100101001000111110000111100110110011010011001100001111000011001011101110010010000010100101110001110110110101110100110000100000011100001010100001000011101010000111000010100000111000100000101010111000001000111111000011110110011111	932258.5999999999	480.59999999999997
8	1110101101100111111010101110010011110110101000111001100110111000010000011011101000110001010110010110000100100111001001110000001101101011011101000110110011110010001010011000100010001010010011011001100000111011100000010100011110001001011	983230.7999999999	492.0
9	1010111011011100001100111111010010001000001010100011000011101011111010010111111111001010001111011011011000010111111011101011010010110100010010110101000101001000111010001101010110000101000011101111110100101110110101011101110010100000000	1067335.5999999999	540.1999999999999
10	1011100000011111101111110011010100111011110110001100001110000011011101000000001010010101100101111000110111110110010111111011000111110011010000101110110101101000100011100110111001011101000111000001101000011100101100111011010111101011010	1160266.8000000003	557.5999999999999
11	0111011011000000101100101111111010010110111111010001000010100110010011100000100110000111001000010100001001100100101101010000111111101111101001010010100001010110000011111110100100011110100000110000001101000001110100100000100010100101000	1018065.6	463.7
12	1111000000111100011000011001000000100101000001111100010111010111110010111110110110000111000011111101111111001101110110110010110100010000111001000000000101011101000110100001001111001001101011100101110011100111011101101010010010001010000	946811.6000000001	511.9999999999998
13	0111101010111010001111101100000111101010011110100101100001010000111000101110001110110000111001010001011111111011000111010000101010111111010101111101000100000011110010110000001000011001111000110110010011101010101111110110101101000011111	1035654.7999999999	549.3999999999999
14	1111010010101110010000011101010001100100000101010000001101100111011010010001101011010000010000100001100000001110111101110101011001101101001000011110101010010010001001011100000110110101100110100010000000000101100011100001000111010010010	894048.9999999998	448.3999999999999
15	1011001101011111110110111110111111010110110001101110101011001011110101010110011100010101001101111100111100010010110111111110000001101101101101110000100011010011000010010111101101001010011010101110011011011100000001000110110001001000010	1123820.2	564.1999999999999
16	1101001110001011101111110101111010100000001101111000010001100011011000011111110000110011111110000101101000011010010010110100011101111100111101011011111110000011011000111000010001110100110101110110111101011001101000111101001011101101001	1080295.4000000004	557.5999999999999
17	1000000100010001010100010001100111111010101010001010000000001010001010110000100101101101010111001111110111110000001001100001100010000100000010111110000010011011100100000000011101010101111100000110100001100000101010101010001100100101101	760579.5999999999	418.00000000000006
18	1110010001110101001000011110110010100000011010110101011101111001000110001101111011101111011001000001000011111001011011011100000101001000111111000011001101110100011110001101100110010010000011101001010000001111000111001001111010101100101	1035890.2	517.2999999999998
19	0110011000011011010001110111111000111000001111100010101100110001011000011011010101000011100100101110110010011101100001010101101101010000001010100011011110000001101111110100100001001010100110001001100110011101001111100110011110000101101	1037546.9999999997	504.20000000000005
20	1111101001101000000011100101000111001101001110110000100011110110111101001000111110000010110100110101111101100100101101111100010110011000101101000100000111101100101001010110100001000110111111010101001011110001100111010011110101011100000	1040621.9999999999	528.5999999999999
21	1010101000001111001001101001001011101000101100101110110101000000000111011001100100110101001100001010111010011100101110000100010100101111110000110011011111110000001000110110110010100001010110000110011010001001111001001010011011111111000	1037158.5999999999	489.7
22	1010111011010001110010010010011001011001111111111111001111000111111110101011100011101110011111001110100100000111101001000010011011000111001011000110000100101000010101101101100101101010110111100110011010001110011010000000100111010100100	1056051.5999999999	537.0999999999999
23	1010111101100100111011011011100000011111000110010001000101101111010001011100011010100111110001011100010010111010001000111011111100100010010101001000111011111100101000101111010101010111011001010011001000101001000101001000001110001000111	1062745.4000000004	512.4999999999999
24	0010001101100110010110110001001100111010100110110001111111010100000000111110100011100111111100001000111110110111010111110001001111001001001100100011110101101111100000010010101100100001000111100111000010110100100110011011111010011001101	1034425.3999999999	527.7
25	0101100110011011100000100101000111100001110111111000010101100010010000000000100010100110000110010000010001001111111001011101000100110100111111000000000100101001100100111101011011001111111010011110010001101010001011101110100010011110110	1015637.7999999999	483.5
26	0110011110000100101111011111011100100110100111001001010000110010111001101001110110001110110110001111000000110011011010000110000010001001010110101010100001000101110111000001100110100001100111111010001000101100110010100100100010000100010	901602.5999999999	471.8999999999999
27	0001010100001001100010001010011001110111101001101110100110111000000001101101001101101001110101111010000100000111010010000110011111100011100010001000000111110001100101010101001111001001101000001001001011110001111011011111011000010100000	925153.3999999999	475.4999999999999
28	0011010000011010101111010101011111100001010101010010011001001100101100010010011001001001111001001100101110111101101101101111001010000010101111011011100111110011111100110100000100000101111101001000110000011110001100111111001000000111011	1066082.6	531.3000000000001
29	1110011110111000001101011100000010110101000000100011101100111111111101100111111110110010111011111000110011001110110011000001011110110010111011111001011100101001011001111000011001100001010111001111111001000111100101100011101111000110101	1127877.0000000005	584.2000000000002
30	0100101101110101111100100100101001110001101000000100111000011101000010100100100111011000100101100001100000010111110000111010000010101011111100110011001110010100010000001111000010101000010111101011100000101111011111100110011001111000101	957826.2000000002	492.09999999999997
31	1101111101011000011001000010101110001100100011111001111011011000100100011010000111110010001100111010001110111000010101100111011010101001101011101001000001110100100110110001100110100111001100111001101001111110001101010010100010011010001	1010786.5999999999	517.6999999999999
32	1100011010111000000111111101110111001111001100100011000011011011001011001111011110001110000011110011100101100101010101011010001110001101110111100010000010111011001101100011000101110110111010100010110100001011011011010101110010111000101	1076818.4000000001	557.5999999999999
33	1000111010100111010011001001101100000000110000000101011101110100110110011100000110100000110101011111110101111001010011100001000001100001001010101000010011101101001011011001100001101110000010011111011101111010101101111010010100010100011	999546.1999999997	489.2999999999999
34	0011010101101111010100110110100111111000011100000100110101000101100000000101111101111110011100001110011011101000100001011100001011110110000100110011010101000100100111101010111011101101000001101010011001011010111011011101111011100010101	1064640.6	532.9999999999999
35	1100011010000011100001111111101110010111010100110110010101000101111110100110111110010000100010000101111011010010000111001110010100010010110010100001000100110001000110001110011101001111111001001110110001000011010010000000111000010111000	957246.0	491.49999999999994
36	0000000010100011101110100111111101110111001010000010100000000001001001001010100111101110011011000111000100000011000000010111001100001101111000101010111100011001010011110101001001101110111001001111001011000110101111100100111010111111101	1004055.7999999999	503.1000000000001
37	1001100010101100011100100100111011100100101001100000101011101100011101011010101100101110101101101010011010001000101101111011010011001111010100001000011101110100010001001011000000010100110110011100011110110000111011000110110011110010010	960966.7999999998	505.0999999999998
38	1110011100101110010010001011100011010110110000010110101001010100010100101011010011111001111100111011000110111101100110101100101101101101100111100100011010100000111100100100000101101101111101111000001111100001000000110010001110010000010	982690.8000000003	515.0000000000001
39	1111101100011011001001011000000110010110000010100110000000111110001110101000100011010001101110010011011101101010111001101010110100010010001010101100110101010111011110010101010101000101110000100110101100001100101100111110111001110101111	1046599.9999999998	520.2999999999998
40	1010001000000010000011110010011000001100011011001001000001111110001100010011010011111011010100000010001100001010110101000100100111100100111001101101011110000000000100100010111001111010010111111010101000001000101110100000000101110000011	852252.6	438.80000000000007
41	0010011011001101101000011010010000010111100001001111111010001000100001000100000010001101000101100001001111100101000111110111100101100111011000110110001110000001000111111011111000111000011011100110010110000010010000100111010001101001010	1086667.6	473.39999999999986
42	1101111101110110100111010001111011111101010110110000100110010100010111101101100100001011101011010000010101100000010010100100100100010001010100001101001100011101000111001101111011111000100000000111001010101011000111000111011001111101100	1013877.0	520.3999999999999
43	1111100010000110010101000010000100111110100011000111000111100000101100000101010000110110010001101110100011001101100110100100111000000100011101010011101000011110010011010000110010100010010110000111000110100011101011011010100100100110101	957799.2	460.10000000000014
44	1000001001000110100011100011011100011011110010101011000101111011100101001100000101001001010011000010100010100000011001001110111001101000111010111011110000001101100110011011110011010111111101001000011110001111111001111000010101100001010	1052186.5999999999	511.9999999999999
45	1111100000101010111001101011001111010101101100101110101000101110111000000100000110000011010001110111001000001100110000000100010100100011010001111110100010111110011111111110110100101101010100001011101000111001100000101011010111001010101	1113101.0	510.09999999999997
46	1110010100100101011001001001000010010100011101001100010100110111010000101011011100000100110101000011111101110110101000100001101001111101011101111010101001001001010001100101111011100011010011100011000110110101010110111011101101001110000	1069437.0	519.7000000000002
47	1010000001010111110101000001101110111001000110011011001011000111100011111110000000111010111000001001001010110101100001110000101000010110000101100010111100000110000100101010100011010000101011000000010000001111110111100111111100001100011	923301.3999999997	475.1999999999999
48	1010011001001011101011101101100000111001011111100111100101101001101010110110101001111101101101100100110010000010011000110111101100011000001101000111110001000111110000110010100111010010101101001010000110100101001111000110011000100000001	979268.7999999999	505.4999999999998
49	0010001011110000000111011101001011011010000101111000100010011110010000111000011010101100010001001000011001110010010100010010000001000011011100011011111100001101100111110001101111000011111011000110000010000111001101110101110010011100101	981354.7999999997	484.0000000000001
50	1001111011001010101101110110010110011101101000000001101110001111010100001001110111001011111001111001100011101101010010110000100010110101110100011010101001001111110011100101110101010101101010000100000011110101110010000011001001101101011	1112364.6000000006	537.3999999999999
51	0111111011111010111101010010010100110011101010001011110101110011101000001110000011111101001001010111100000000110001110010011001110000000001001011111010110010110111101010001011111011000111110101011111001111111000010010000110101000011111	1030340.2	547.4999999999999
52	1111101110000001100111010111001100011100000011000011010111100111111101011011111101110001010010011001101100101101011000001000010111110111100100101010100011111001001111000100010001111001011110001011111100100110001111011001100010110110010	1039380.5999999997	554.5
53	0110110001010001000100110010011000001001110011010011100100110111110011100101011010110011100010101101101101111011001101100001010001001000000110010101010100100011010111000000110000001010001101011110000100011100001001111100100101110100100	915083.1999999998	467.3999999999999
54	0111110000011101100110001101100111001011110100110000001100010111011110011100001111111100101111101100001001010100100001101101110100111110001010011111000011010100010100111100011010001000101000010101101111011011000000000001101001100010111	1011569.6000000002	507.29999999999995
55	1111100001011000110110000010101010001000101001011100010101011101011110001111000010110001001010000111110001110101111000011001111000001011111001010111111000110011100000100111011010100111010111100110111011101110000000001010100011110000010	1046471.8000000004	507.19999999999993
56	1110111001011101101011101011010111111110100111111101101011010010101110100100101111101000010110100001011101110000011001010000100000010000010111000000011100010110100111011110011011010100101011011100101011010001111000100001100111111000100	1042697.3999999999	538.9999999999998
57	1011000101001011001001010100100001111110101110101110000111011110000010101111101010110101100101100000000111011100000111110001111101101011101000000111010110110001010111011111110101010110011100111010100001111010001111101111011001000111011	1195221.6000000006	560.5999999999997
58	1111111000101100011111110000001110011010110000011010001011010011110110010110111011000001101110011100001100011011110101101110011101101001000101110010101000100011100000010010000000110110000111010110110011010000101110110000111010101110001	946338.9999999999	513.0
59	1001100011001111011111110110010101001001110110111101011001011001000100011101011001101000111110101010110010101110111101011111111011100110101011100110010100111111111000100101010001100000001001110100000011000111111100010111111001000001010	1156963.2000000004	563.9999999999995
60	1111000010101011001010010001011010001100110111011000111010001101111101101010100111110100100011100000001111100010101011010010010111110001011000110000111000011010101110111100110001000001100001100011111011101010000011011110000011011100100	1059410.8000000003	513.4
61	0110101100010000110111111100001100101011101101010000010010100111110000000110011111110001001100000010001011111111001111001110110101010011111100010000111110001001101001011010000001000001110011000011011111100010001111111100000011111100110	1033818.0000000002	517.3000000000001
62	1000001011110110100101100110100001111001000001101100000110111100001011000110111010100100110010101011011110110001001110110101000001011001011001110001010001000111001101110001001000010010010010000111000100011100101111111000000000000000010	901124.9999999998	455.2
63	0000001001101110011001001001101111010001110110010000110000010011010101110101000100001111000100010101001101100000100110000011100110101110001001110000011010000011100100000111000111110111100011111000000001100111100110010111110101011011000	861881.9999999999	468.20000000000005
64	0010100110001111011010000011100110011011101100111111100101011001110010111000011010101001001010101011101111001000000001110110111111000110000011110111011110001101100101010100010000110010011010100000010110100001101010100101001001111010010	1014840.4	509.5999999999999
65	1100010101100110010011111010100010101001011010111000011100110100101011110100000010011101100110010001001100011011110101010110001000001000100110010001000110001101001111110001010101101010010100100100111001011101010010011010101111001001100	962310.6000000002	492.2000000000001
66	1111011010010000101101101000101011010111111010110110111111010100111111001011100101100110000001010110101010001100010001111110101011111111001111001000011001111101001100000010010110100010001011010010100010010111110001100101110100110010101	1038657.5999999999	543.9999999999998
67	1110111111000001100101101010001001111010110010001101111101100111001101100011010001001101101101110111010000000111101010110100111000101101011101111001100010110000000011110001010010100001001100110000011011010100100111000000101000111001101	1041420.0000000001	508.0
68	0110000001101100100000111110101111100001101011101011011011000100010011011101101000100100000111101110001000110110110101101110111001011010111000010010010111000010011010111111001000000110010001110011011111001000100100100001011101001000000	1062397.6	487.49999999999983
69	0101110010101010011111000111111111010100001111000000111000001001010000011100100011000011011011101011111110100100000111111110111100110100000111110100110100001111010011001001001110011001101000010101011101101110100101000010001111010010110	1031883.3999999999	533.4999999999998
70	0000000001111011001011100110111100010111000110010110110110111001001001100000011101100110010000110101011011100001010001111101011100100000001011000101111111110010001100000011011001011100110110110101100001010111111011001101101001001111100	990692.0	517.6
71	1110011100100000010000101111100110101000000001010000000001100101010100101010011001001011000011010100000000101101111101011110010011110111011011011110011100110110001101010101010110111110111110000100100000010001011001000000100111100011110	1020317.9999999999	480.8
72	0101000010111001011011100011011110001000001010111000100000100001001111101010101000100010110111111011000010111100111011110110001001100111010110000000110001011010111110010100110010111110100000110001011001001000110001011101010101000010111	1025248.1999999998	493.0999999999999
73	0111101001000110111101011001100110011010111110001001100000101000010011111001001010111011110000100100111010111010010100001110110010110000111110001011001011001100110111111000011111111001101011101111001101011010101001110000010111100011011	1101298.8000000003	551.6999999999999
74	1101110110111001011111110111110111010110010011001000111101100111001100011011010101111011000000101101100011010010111101101100011011111010001111011010101000110010100110111111100000000010000111101111010000111101100010110001011001111110110	1226779.6000000006	581.0999999999998
75	1010110101011100111111011110011100011001010110001000001001100010100100011011111010010100101001111001100000101110101100101100001011011011000111000111010001111011100100000011111110100001111100110011111000000100101111100100010111001010110	1024228.2	537.8
76	0010000010010101101100100001000101110100000111010000111101110101100011111010100000010111011000010111100011011010001010010111111010001001101111010110010001111000001111111110010110001010100010001111010010110101101100101000111110100111010	1109273.4	513.1
77	1000010011110110111111011011110100000111110010110111001110001100011001101100111010110011011111001111100001111100110000110001011011110101111101110011110101111111101011111111101010101101001000001010111100111101100001111010010001010010110	1329541.2000000004	598.8
78	0101010010111111000111101001100110101110000001111101110101111010000011010101101111110100000111000100101001100110101110000001111011111011001110111101111001010101101101000010000101001000111100011100100100110001100101011110110110010011100	1024240.7999999997	541.6000000000001
79	1110001111100101001111100001110111101101111101010011000100111001100111000101100111001011011001101101011000111001111100110011110011001011001110100000010101111101101001001110010101010010011011110101011110101011101101010011111010110100000	1126578.2000000002	579.4999999999997
80	1000011010101010000001110000111000000010010111110011110111100111011101110010101100011011010100000001111010011110010001011101010010010100011001101100001110111011111100000111001111000001010011110011111110000001101111111110110100001000100	1024223.3999999998	526.4
81	0000111000000001110000111010101010101001111010100000000101110000010110111110011000011110000010111100100011101100011000011011011111011110110000101100101101101001000101100110101100101101011101000111010111101110011011011100100010000010011	1030943.7999999997	508.6
82	1001001010011001101011111100000100100011111111011010110000100101100101101000000000111100001111010001001001110000000101000111010101110111000110101010011100100110101100110101110101000101110000001011111111100011110001100010111000011001011	1039512.2	507.29999999999995
83	0010111000011001101011100011001000111000010111101000010000111000000001011001010101011010111110111010011110101000000111011011100000001101110111110010100011001100110010111000010110000100000101011001111110001000111010110001111011010101010	996224.9999999998	498.8
84	1000110101111101011111110101110011101011111011111101000000000001110010100011100001110111110110101001000001100011111010111110110001010100011010001100110100111111000001101011000100100111100001110101000010111000000010000010111010011110101	1057962.4000000004	526.7999999999998
85	1110011001110010000000111100100100000101001101000001011011111000100110001101101100101001110011010001101100001011101111101001110101101110111011100010000101011110110010110000000000101110010011101011111110110111010110100111011111111010110	1024359.3999999999	548.6999999999999
86	0000101101001000000010111001101100110010010010111110111000100000010010101001010000100000010011000100010001111101110000111111101010100110110101001100110101011100000110100010000001011101111001101010010000010101000010011001011101100111111	949926.2000000001	466.40000000000003
87	1000100011001000101111100010110000010011111101000110010101110100000010111010100110111011110101110110010100111010011111101010101110100111111100001110011101001110110100001101101110001011010011100100110110000010101101100011110010001000111	1086834.2000000002	531.9999999999999
88	1000000010110100100100000101100000011011111010011111101111001110111000010111000110111111000010011011100001011101101001010001110010000110100011100011000110111010001010111011100001111111110010100000011101101100100101010000111101100011001	1076039.4000000001	513.7
89	0000100101111101001001000110010000100000011111101000000101010000111100110100000011011011001110010001100110110010011100001110100101110100011011111001010101000100000000111100101011110111100010100010011001010101100000111101011010000100101	946360.6000000001	464.9999999999999
90	1010000101000011100101110110101011100110101000010101111011110101011101010110001011011001101100100100101001101110010111000010001000010001100000100110100001010111100000110011110110000000111100000101011011100110011000011000010101010111111	971126.9999999999	489.99999999999994
91	1110111000000110111101110110000100110100000010001110001000111101010010000010011110011011100011101111010110001100011101111010010101011001011011011110001110111110010001110101101011110110100000100100110110011110100001111010101100001001001	1122041.3999999997	531.4999999999999
92	1001100001100100000010111111010010110001010001011011101100101111110110100111110101000001101000011001010011110010000100100001101111111111000101111111110101100110100110100100001110000001101010000001010111100000001010111110010001001110110	990070.4	516.3
93	0111111011000010000001110010000001010010101010110000100011111111111001011110000101101011110011101011110111101110111111111001100100111110000110101011011110110011010111111100000100110110011010101111011110101010101110110000001010100110010	1206205.0000000007	576.3999999999997
94	1101001011010000011010011001110111010000010100011001101001101010101100011010010111110101111101111011001010000011010101011000110011100001110010001111000110111010100001110000010011111011110100100100100101101100111010001111010010100010000	964304.7999999998	506.4
95	0110111000010110111101000111000100001110111100001101001110110110110001110000010000111100001101101100110011000011101000001111001111111000000111101111100010000111001001101101000011111001100111100001101110011011101001011001101101100001111	1039494.1999999998	532.0999999999999
96	1010111110011011010100101111001110100001000111010111000011111101110110101010110110100101010111100110101101000000100001011111010110010110100101011011000001001001010001001001010111011000001110001100101011111000000011001010101101010110101	959681.6000000002	517.6000000000001
97	0010111101010001111010000110111101001100111001010100011010001111000111101110010001000100101110001111111101010101011011100011010110101011010011111110011101011110111110110110011011100010110011111011101001000110111110011111000100001011100	1208360.4000000006	582.3
98	0000000101111110101100011011001110011101110111000110101111111001110101001110110010011000011100100011101100000100000000010000110001011111011001111101100100101100000010010000010111011011011100110011110000101100011000000111011110110110100	930365.5999999999	512.8
99	0001011010011111100101011100111010110101011100011100111000000010000110101001000001000111101111111010010100001011010100001010111001100000101111000010010011010011110100101110000011001100110100111000010110100001100000111010111011110100110	948752.0	501.9999999999998
