SOLUCIONES INICIO 

0	0000001001000001000001010111011101100110011100101111001010001110101010001010011100001110101000101100011010101000001101001001000110110110001010100110000110010010001001110011011001110001011010001001010100110000001110001001101110011100101	985968.3999999996	458.4000000000002
1	1110100111000011010110101000010110100010100110111111111100001000010110101010110010010101111100101000001101101111111110101110100111011000100111001000000111111001111000100010010011111010010000000011110101010100111100101100011111011101101	1087444.9999999998	548.5999999999999
2	0010000001000100111011000000010011100110001010101000101011011011000111001011101011101100010101010110101110111011111100011010110101101011100110001100000100111111000000001000101110000011000010001110011111011101110101111000000111111001001	966957.1999999998	498.09999999999974
3	0110110100110100100111110111100001100110100010111011000101010000011101101010010010101101001001000110000101101011110011010111011000110101000000000110001010000011011111111000100111010101100101111110111011010001011110001000011101101000011	1087767.2	520.0999999999998
4	1011100111100001101101000011110010110011100000100101011101100100001101001010101010101000110111000011111110011101011100101010101100111010110001111011111010101000100100101111001101011100101100010010010111101110111001111111010010011100100	1169155.9999999998	554.1999999999998
5	1100111100011000001111010001001010111001100010000110000110011010101001000001111000010110111010101111001010101110111011100000010100101110101000101000010000010110101010001110010101011011111000101100100111101001111010010101010011110000111	1024827.0	503.99999999999983
6	1111111101011100111011001100111001101110000100000101010001001011010011010101010000101111101101100011011000100010000011001001111111010011010100100101011011110111110011101101000111110011111011010000110100111110000110101111010110100110111	1156518.1999999995	570.8
7	1111100100000000110001011000001110010001101100101000110101001110010010010100110011100010100000000101001010010000100101100010011111101110010101001001110111000110000001001001110011000001100000011110101100000001001100001100111011000000100	908127.2	425.3
8	0000111100101111100101010011101100011100011000100010001010101101001010111001011111100001010100011110011000000011000101111110110000000111111001100000110001000010101010011000110000111000110001110111000010101100011010100110000110100110001	959769.2000000002	468.5
9	0110010010000110010011010101111101011010010010001101110010110000010101010101010011000010001011000011011011011110111011111100010001001110101010000110001110010101001111010000010001001011011111011100000111000100011000101101001110101011111	1097777.4	513.7999999999998
10	0111011001010011001110110100111000001000100111111001110110011000010110001011000001101000011101100001001111001101110101010110000110000110111000001000001110011011000100001100011110011100000100111000000001100010000101001100010000010100111	955503.0000000002	453.79999999999984
11	1010100111111001000100111010001001110001100011001110101101010001010101000110100101011000110000111001110001100010011010101101001011110100011000000011100000101001000100010100010001010101110000010110011110100111111101011000010110010101100	933871.2000000002	478.8999999999999
12	1000110010101011000110000011110110100001000101000000100011010001110010001100010001100110111001111110001001111111100010001100000100100101001111101100111011010010011101100000000010111011011010100111100100010100110001001010111111100001010	960345.4000000001	472.9
13	0100010101101100100111001100010010010101110001001010001000000111101100111011010011001100010110110001010011110111110000100000011110100010001101100011010100101011110100100011100110000101101110010011101011011100000001011110001111100101010	998852.8000000002	491.49999999999994
14	0001100010000001111010100110100101000100111101111011110000110111010001110111110011001101111100010001110001001101100100000010101001011111011001010011000100110100010101011111101100010000110010101100000011001100101100010001001000000001101	1084920.2	474.30000000000007
15	0101000000000101010100100011001010111101100010010001100000001010101011111111011010000100000101101011111001100010010111101110000000000010111111100100100111000010011110101100001001001000010100101010110011110110010000011000111111011000100	974851.0000000002	469.9
16	0001110001010011100110011111000111100011100100000011001000010011101111100000100000011111111011100101101000101010010101110010001001111100111110110001100101000100111001101011111101100111111100101111011110101101100000010010111011000100011	1177810.6	539.2
17	0011010001101011110010001110101011000100100000111001010001001011000110001101110101010101100010111010000000110110001000110011100111011001000111110010001011100110001011000111110011110001100110011111111100011111101011111110011100111000101	1109789.3999999997	534.3999999999997
18	1101101000101111011001010111101110010000110101110100100100001001111110111110001100111110100011001011110100000011011110111001101110111111001000011110000011000101011111000101101010110011110101101010110100010101011101011010000101001010010	1150396.2	557.9000000000001
19	0101010010011101001101000110100101010110010110011010111011110000100001011101110100001110001011101111100101111010101101001010011000011110010101011100111110011000110001100010110001011101011011010001000000010000110111101001111101011011110	1123281.3999999997	536.4000000000001
20	0000110100001010110110000111100111000010011100001111111111111001001100111100111110101101001100000101000001000101101010100000011101010100110111100001011011111001111111110000010011000110000110001001011101001100001000011111100100001000000	1072352.5999999996	493.1000000000001
21	1101111010010100101011110000000010001010001110100001100110110011101010110100011001001000011000101011100010110001110011111111010011010011001001011111101010100001101001111100001011001110100011111110001011111011001001110101000110111011000	1067205.9999999998	533.0999999999999
22	0001010111011000000001001011110011101101110001110011101100001100010011001111100100100011101010110011111100000111110000000101010000101000011111010111110001010101001010110110110010001010010110000001010000110000100011011000000111110101110	1045683.8	482.49999999999994
23	1111101111000110001101101100010111001101011111001000111000010110010010001011001111000011110101100101111101101011100111000011110111010010100101111100011101011010000011100111001011100001010111000110101100000110011011010010100000100001100	1145737.7999999998	536.6999999999999
24	0100101011111011011100000000100001101010110000100000111111110100010010001101000111001000011111010101110000110000010110110101111010001100011011101100000111010111101000000000101100001001010001010111100110101100110101010011100010101000100	893993.4000000001	474.5
25	0101111111010101100100011101000011101111100100110110011110101110011001010100100100101011111100001101010001111001101110001011100110101010110001101011111001011001100111100101111001011110011011010010011101001010100111101110000110101010000	1202005.3999999992	562.4000000000001
26	1001001110110010110000100101001110010011101000011000101010001100010111010100000001101000011001010101011011010011010011001011110110001001001100101111110110011100100000110101010100010100110111100111010100110100001001111010010111001110100	1040550.8000000003	487.1
27	0011000100111101011000001100101011100010100001101010101001001100100011100101010000110100001100010110001100110100100010110001011010111100100110110011100011010001101110100010111010110101011000100100110110011100011001010101011101001000010	1037937.6	472.10000000000014
28	1010100111101000010000110110111100100000010100010101100101101001111001101100101011100110111111001000010000000010111111010000011110010101000101100100000011110001101001001010000110101110011111110101001000011000111110101100000111110001001	919183.9999999999	488.9999999999999
29	1101011010001011111000000100100000001101101001000001100100111101100101011010101100010001010010000110110100011100010110111101101101000011001111011011010011101111110010110101101011011000110110011010111010110001000110011100100001010001111	1110247.5999999999	516.1999999999999
30	1011101001100001010001110111100101010110001101000000010111101110101100011001100110001100000110000110110110100110001101101001101001100000010010101000101100101010100111000011010110010000100100111001110000011110010101111001010001000010101	998834.9999999998	476.6999999999998
31	1111000100000000101011101000100000010110010001010100110110011100110011101110001100111101000000010010000011111111100111101011110111000011111100101010010101101011001100011110011100101011001000111111011110011110001100110000101000000110100	1138291.9999999998	508.7
32	0101111011011011100000001000000111101011011110100000100100000111010010010111111101111000010011111010111111001101101111111001100000010110101011110101000110100111101100110110101101110110011010011110110000011001110111011100010101001000000	1176474.3999999994	547.1999999999999
33	1011100001010101001011001011001001111100110100001100010011111101010000001010101111000001000000111100001010111110110111100111111100010011001011000000100100000011111001010111110111010100001001111100000000100111101111100101101110001111110	1163512.3999999997	525.0000000000001
34	1101110000001011000011000011011111001111011101011100100000111110010101001001100010001001010110100001010000001100111101001101101011110101001000011011000001000111000101111000100101101011000001101001011101001011011010000001000100101000101	1007991.7999999995	470.69999999999993
35	1100111011110110001001011110110000100110011110000110000011001011111011111000100000001010010100101101000001001100100100111101011010100000110101000101100110100100000010101100110111011101000000101000000010110010111010011101011000001001101	993413.9999999998	472.79999999999995
36	1110011101001101101111010001011110000001111010111000011101100010001001100111001010100100101001110111010101011100110011110000100111000111001100111001111100010010010100010110000100010010000011100110010101000001101111000110111110101000001	1042753.8000000003	504.29999999999995
37	1101100011011011010111111100010100000110011001111100000011011010111011100110011100001100100001000010010001100001000100001100110000000110101111011110010001100101110111101010001001000010111001100000010110100111000001111010010011100100110	1022671.6000000001	488.6999999999999
38	1011101010100101101110000110001010110111010011010011010011101100111010100011111011001100101010011000101001010001001111111111010111100011010101001101110010001111001110010010011101011101110101111011100111001000011100111011110000000001000	1104081.6	554.9
39	1100100010000000101010101011101011110000001010111001011000000100100010100010001011000000001101110010000110100000000011100101001000010100110010010010111111011011110001000010010111011101111110010001000000110011100010110110110101000101110	882909.6000000004	449.2
40	0011101111110110111000101010001100010110110011000010110110100011010100000101010011010101101011101011100010000000010001001111100001000011110100110000011001101011101010001101100100011000001010001011110011110100000101100011100110001110001	949726.7999999997	485.79999999999995
41	0000001111110010100100100110110010001011000111001100010100010000100011011111101101101001010001010110100010110001001010011111111011110101001000111101011011100111010110100111110101101100001011000101001000000100110011111100010001110100000	1149135.5999999996	497.09999999999985
42	1010000010010010100111001001000010110110011111110011010011001011010011111111010010101011000001001010011000010101111000011011100010110110110011110011000011000101101010000100100010001011111010010100100111011010110011011001101111101010011	989775.3999999998	520.2999999999998
43	0100100010110110010111001010010000001100100001101000110110010110011000000111000100111110100010011011111010011000101100001010101010101110001010000000000000001110100110011011001111110110000110010011111101110110000011100101010101000101001	960681.4000000001	464.69999999999976
44	0011011011001001000000011000110100011001011010100101001111011000110001010111110011001001110000111101110101000100111010101010010011001111000100111011100011100011010011000110101111100000101010010111001011010111000001011001110001010000001	1010205.7999999999	490.9
45	1010011001000101010100101110100000010000111100011001010010101101001001000101100101111100100001101010100101010110101111111000110101101110000101110110000010111100010101110110110101101111111100010000101101100001011010110111001000010001001	1152509.4	504.6000000000001
46	1101110111010110111100100010110001000011111010001000001001010011110010010101001010111100100111011000111110000100111001101011001101000111111110100000001001100011011001011011101100011001010101000101011111010010010010011101011000010001110	1101603.3999999997	513.5999999999999
47	1111101011100010111111100001010000011001001001011101010110101001101101101101100000111111000101101010000010000011011110011101010111001111100011111001110001001111000000110010011111100011110101011011000101111100101010011101001010001101100	1071959.1999999997	548.2
48	1101110010100100011001100011110101111001100011011100011110111001101000100100010011111111101111101011011101010100101100110100010100110110001101101010101000100101000101110010100010000000101111001010011010011000000000110011001011001101001	1056624.1999999997	509.90000000000003
49	1100111110010010000111110000101101101000101110111100000111111101111111100101010001111010001110010010011000111011010110001010111101101011100010110001100111111111011000101110010010101000111101100000001001111011111110111101010110000001111	1197507.1999999995	571.5
50	1101101010111000100000001111110001011110110111111110110000001101110110100110001111001101110010111110111110000101110101010011110011000101000101101001100111101011000110001101010000010001010011011100000000101000000000000011000000001000011	1053437.0	484.90000000000003
51	1000111110001110010101101010000100010010110110100010110100100011110011011011111011100100101001101011101111010101001000111111000011010001101000001010111101010011101100000101001110110011111111110000101101101111101001011001000101010111111	1048868.0	558.1999999999999
52	1111101111100111111101101110010000001010001010011110101010001001110100001110100001100000000100111000101110000110100001110011001111111100101101010011011010000101110011011111001111100100001111001011001111000011101010010010101000010110010	1141334.5999999999	524.4999999999999
53	0011001100100010100010011100101110101110000011101101011010011000100100010011001011001011000110000010111110011110111010101110001101100000000111111011001011100000100111111100001111101011000011110110010100010001010100100100100011110101001	1113197.5999999996	511.4999999999999
54	0101011111000001110011101001001100110000100011001010111101001001010100100011101000101101100011101010101111101010010101100110010000000000100000100110111011101001111000000000101011001000100000000100110100101011110010011101101011011100110	884202.8000000003	475.2999999999999
55	0101000110110110010110001000111101001111001011001010110101010010000111010111110001001110000000110011110110110100011101101000111110110000110010010011001010001110101010111010100100111101011010011001000100110011110110101010111110110110011	1119091.9999999998	540.2999999999997
56	0000101001110101010010100111111001110101000001010100111011001000011100011100001011100111110011111100001101011100011110000101010011111100111100110011010010110000110001010110011010011101100010001000101111111000111010000011000111000000011	1077691.0	501.6000000000001
57	0100100101110011011110000010111101110001010111011000010001101111111101011111001001111111010100011101110001000101100001111000100101001010111111001101111101100010111010000011011110100101000000010000111101011011010011110111011110110001000	1106996.7999999996	546.9
58	1011100101001011010010001000100111111000011111001000111011100100000011101010110110101101000000011111001100011010100111010101100101100110100011110010100000101001001111101111011110110101001111110010101111111110100011000110111000010101110	1213700.5999999994	542.9
59	1110011110100010001110100101001011100111001001001111100101100101111100110101101100110001001000101101011110000100000010100111010011011001100111101011110001111100010001100110101110111010111001000100101101111001010001111111011111011110110	1112360.1999999995	567.0
60	1011011001101010110101001000100000011110001011011100110000101000001110010001101000101110010110011011111001010010111000001010011100110001100010010011011010011011011010010100001111110000000001111001100011011101011101011000000010110011001	952761.6	478.7
61	0001010101010100000000100000001111011100001100100000101011100010010100100111011100111100110011110101101111101101110110001111100111001011001011100111110010011001001010101000100101111011010001010110000101011100001000100010101000001000101	1053079.2	473.80000000000007
62	0100001000010100000101101111101100110001111100100010000110101100010011001010100101100101001010010000011000010001111100000100011101010111001110011001101011110001101010010001011111001100011111010001111001000001101101001011000000000001000	931127.2000000002	451.0000000000001
63	1001101110101111000111111001110000011011001110010110100110100001111010011100000100000111001101111000110100011010110011000110101101100100101000010010111101110111011001010111100111111010111011011011110101110001010100001000110100011100000	1128453.0	546.3
64	1100000100011110011110000001001010001111010101010101100011010001100010100010001111110101000100010011101101011111101111010110000110101101110111111001111101011111100110101101101100100110001110010100010011011101100000100001111111011001010	1268231.3999999992	544.3
65	1101101110110101100100101000111110001000011111111000101101110011110101110010001110000000101101100100000010110111000001010110001011101010010101101110001110111010010000101011000010111001101010001111100000010111110110001001100000110001011	996427.9999999999	518.4999999999999
66	1010010101000111001011101111001110000100011110100100011110111110000100010010101000101110110010100111101001011011011010010101111000110001011101110100000110110001001100000111001110001110010111010110100101101010100110110101110111010110111	1100694.6000000003	538.4
67	1000101001110101110011110011111001000110011000011101011101100010111100110101101101011000111010110100011010101110011101001000111010001001100110111111100110110111011011000000111100000101011011110010101100100110100111101100101111010100010	1139102.3999999994	556.5
68	1110100011111001110001010001111011101001100000100010001110001011010010010010101111101010011111111110110100111010010101110100001111100100000001001000001000100000000010001110000000000000110010110110011101101001101000111111101011010001111	914306.3999999999	487.0999999999998
69	1001100101001010111011010001011011011101010000000001110010011111111110011001101000001010011101100001011100100011101000100001100001011000001001110101000101011111111101101011100111001101100110011011111011100001011000100111011110001000001	1088193.9999999995	525.0999999999998
70	0101011111110010011011000011000101001010101111001101111101011100001010001101001001110010000100100110001001100101011010111001001111000000011001011001011110110100011101000001111001010001011111101111000000011010101111110001001000000010111	1048035.3999999999	509.00000000000006
71	0010110011001010000011110001010010010100111000011001111011111101110011010110101011100110011011111001001010001010101101101111100100010101101111001101100100011110101101101010101011010011010110010110000011011001110001010111010111101011011	1175405.9999999993	550.9999999999998
72	1100110010111011111100100111100001100101010110001000010111011001010111101101011100011000001000001110000110101100111110001001100101001101001101100101000000001111110110010110001111001100011100000001110100010001110111111110100111001100101	1041736.0000000005	528.2999999999998
73	0111110100110000111111001010001010000101001111100010101011010010110111101111001001110011010000101110011011010001110101100011010110000101011111011010010011011101111000001101011010111110010001010110100100100111101111010001010100111101111	1117682.8	558.5999999999998
74	0101100011000001100110011000011000010001011110111110001001111010100111001010111100001010110000101001111111110110100110011110000000110010001010010100011011000010111101111111110010101001110110100100001011101110111011111101011110111110010	1248422.5999999992	554.9999999999999
75	1100010011000111000110110010000001111111101000011101111001110001101001011010111011101111000011011110110001101110010000011101101111000111000000011111001100110110001011110000011010100011000011011111111111111110001010110000111111110001111	1134758.1999999988	568.4999999999999
76	0101011100111001111000000011010001001100111010010001000001110000000010111000000011111000111111111100101010001111100000001100101101111100100100100001100000111011011010010111001110111101011000111100010000101000011010000100110011000110100	986421.6000000001	469.99999999999994
77	1111000110000110001000111010101010101110101001001010000010111101001110001010000111110000010111011110011000101100000001010101101001101010110110100011101111110101101000101101001111010111110001111011011001101101101010001000011111111001100	1061874.3999999997	528.1999999999999
78	1010010010001111001000011101100001010101010111111111101110100100010111100001001000101000000101011010000101111011100001000111100011100101110100010111100111111000100110011000000111011001010110001010001101101111111110001011011000111010001	1059310.4000000004	514.4999999999998
79	0111111011110001111011101000011110100100010010111000011101110101101001110110011110000111101011010100111111011100011100001101000001010100111111110110111111100111100000000111011101010101010010010000101110000101010111100111101010100101001	1167818.5999999999	571.7999999999996
80	0110000100100000110011000000010110000111011110100110110100011011000010011111111001010000101110011101101110110101101110111101100110001100011000100011010111010110001000111100101000001010010100010000101100011100110001010000110100100001110	1035594.0000000001	482.5999999999999
81	1111100100011011010111101101000001100101000101101101011110000011111110110000001101111110101000110100000001101101111011000001011000110010011001111010001110110110110110111001100010111100100101011101110110100011010100011110111000110111101	1214953.2	558.3999999999997
82	1011010000000010000001000101000011100010111000111101111011001011010011000010010110110001110111111111010011111111100000110001111101011101001010110110111011101010010001000111101111000001110100011001101011001011111101010000000101010100000	1121098.7999999998	516.0999999999999
83	0100000100101110000011001000011100111010110101000010011010110011010000110110110011110001101110001101110111101110100000101100001001110000001010100001011011001000111101010010101010010101001000011001101111101111100001111110011100110010101	1035912.0000000001	506.6000000000001
84	1110101010011011110000010000011110010011111110001111101001100110000011111101111001100100000011010001011110000110111001011111000100010010100111101100101010011101110001011100011100110010010100110101001110100111110011101110111110001111011	1152923.1999999997	558.1999999999998
85	0100101000110101011010000001000010000110100011000001110111110110110001110011111011100100101011011101100110011101111001111000110011111000001110110101010111010000111111101110001100010111111110110100000111011111110100000010100111000000110	1190426.7999999996	540.9000000000001
86	1001010001011000000011001101011101101101101100010101101101011001111100101011111111100101101010111101100001010110110010111100010101111100110000110101010001110010110101101010001001010010110001000011110000100111011010010110100101101000101	1099568.9999999998	530.9000000000001
87	1110000000100011101011101010111010101011101000110110001001010011010000111101101011111001101011011110110001100011101111000110001111110011111001000110100001101010010111000001110101010110001100010001100000101000100010110111000000010001011	1079110.6000000003	505.20000000000016
88	1011110110110111011011101100010000111101100100011001001000100100010010100110011011000110010110011011010000001010101100010110110110110101111011001000110100110100111001101000000011011111110110001100111000100011011101011111101111100110001	1045537.4000000001	535.4
89	0001110000110001011110010010001000100000111111000110110001010011100110111000010101111100111110010001110000000000110011011101001100101010110001111011011010110100010110000011110100010010010001000111100001100000010000111000010000111110110	1005467.4	457.79999999999995
90	1100110010000101100100010101010000001110011010101001111100110100100110001011010101001100110111000100100001100010001010001100011101101011111011001010011000101010011011110010001101001011101111000010010010001100000010100111111001110001010	967820.8	481.49999999999994
91	0000101101101111111001111000111111010101011111100011111101111000010000000101000110110100101010011110110000010001110101111101101101111100101101000010110110100001001110100010000010100011101001000110001101001001011111011010000000001001011	1039868.8000000002	514.3
92	0001111000011100111001110001000000011101101010101000101011010001001001011101000010101001000001101100100111110110100010001100010010001001110000000100011000010000101011101010111001011101000011111100010101100010111101001100010011000111010	972258.6000000001	465.09999999999985
93	1000110010001100110100111010101110111001010100001101000000110010100100111101011010011001010001100110101000000000101000101101101010011010111100000110100111100010000011100101111110000111101101100010000111010100000000111010010100010110111	1022642.7999999998	474.1000000000001
94	0101000110110110110000100100100000110110100001001100100011101001110101100111010110000110010100011110000100000010111110000000010001001100110110011000010101111111100001010010100001101101100111111111001001101011101011001110100111101001101	966200.2000000003	492.4999999999999
95	1001100010010101000111110001000110111100000110000111000011001100111010001011110000001111011101111000110001101001001100110100101011111001111011001000110100100001000101100110000001000010011001001010100101010000110010001101000101101011101	989833.2000000001	468.6
96	1000100011001100011000010110000000100111001101001001011101111101101010100011101001110001001101000010000000111000110111100010101010000100000001000111101110101111110010100011100001110110011001011001001000001011110001110011111111111011010	991544.8000000003	495.09999999999985
97	0101110001100111011001011111111101000001010011110000001011101011101101001101101100010101001111000001111101000111101001000010000001010100001111100111010100111011001110010001101110100101000110110011000010100010101010101011100111101011100	1055618.5999999999	532.5
98	0100101001100001010100101100010001111100110111111100010001101110010101111111011101010111110010000101000000001001101001000011100101101010010011110101100101011101101011111010000100100110110111110101001101000111000110011010111000110111110	1114423.5999999999	538.9
99	0001100011000000000101010110010000111000000010100001110011111100011111000000100001101000010010010000000101010101101010010011010001110001010010100100001101011001111110110011001101111010010101011011110111010001011010001001110011111000111	975065.7999999998	461.1999999999998
