SOLUCIONES FIN 

0	00000000000000000000000000001000000000000000000000000000000000000000000000000010000000000000000000000000000000000001000000000000000001000000000000000000000000000000000000000000000000000000000100000000001000000000000000000000000000000000	41613.0	26.4
1	00000100000000000000000000000100000000000000000000000000000000010000000000010000000000000000001000000000000000000000000000000000000000000000000000000000000000000000000000000001000000000000000100000000000000000000000000000000010000000000	42368.0	37.1
2	11010010000000000000000000000000001000000000000000000000000000000000000101000000000000000000000000000000000000000000000000000000000000000000000000000000000000000000000000000000000000000000000000000010000000000000000000000000000000000000	41871.399999999994	37.50000000000001
3	01000000000100000000000000000000000001010000000010000000000000000000000000000000000000000000000000000000000000000000000000000000000000000000000000000000000000000000000000000000000000000000000000000000000000001000000000000001000000000000	41137.200000000004	32.0
4	01000000000000000100000000000000000000000000000000000000000000000000011000000000000000000000000000000000000000000000000000000001000000000000000000000000000000000000000000000000000000000000000000000100100000000000000000000000000000000000	41860.6	31.9
5	00000000001000000000000000000000000000000000000000001000000000001000000000000000000000000000000000000000000000000100000000000000000000000000000000001000000000000000000000000000000000000000000000000000000000000000000000000000000000000000	41711.8	22.0
6	00000000000000100000000000001000000000000000000000000000000001000000000000000000000000000000000000000000000000000000000000000000000000000000000000000000000000000000000000000000100000000000000000000001101000000000000000000000000000100000	40418.4	35.599999999999994
7	00000000000000000000000000000000000000000000011000000100000000000000000000000000000000000000000000000000000000000000000000000000000000000001000000000000000000000000000000000000000000000000000010000000000000000000010000000000000000000000	40694.600000000006	26.6
8	00000000000001000000000000000000000000000000000000000000000000000010000000000001000000000000000001000000000000000010000000000000000000000000000000000000000000000000000000000000000000000000000000000000000000000000000000011000000000000000	42736.4	26.2
9	00000000000000000000000000000000000000000000000000001000001000000000000000000000000000000000000001000000000000000001000000000000000000000000000000000000000000000000000000000000000000000000010000000000001000000000000000000000000000000000	38070.0	22.499999999999996
10	00000000000000010000000000000000010000000000000100000000000000000000000000000000000000000000000000000000000000000000000000000100000000000000000000000000000000000000000000000000000000000000000000000000000000000010000000000000000000000010	41571.2	26.5
11	00000000000000000010000000000000000000000000000001000000000000000000000000000001000000000000010000000000100000000000000000000000000000000000000000000000000000000000000000000000000000000000000000000000000000000000000000000000001000000001	40749.8	30.3
12	00000000000000000000000000000000010000000000000000000000000000000000000000000000000000000000000000000000000000100000000000000000000000000000000000000000000000000010000000000000000000000000000000000000000000000000000000000000000000000000	42312.4	13.3
13	00000000000000000000000000000100000000000000000000000000000000000000000000000010000000000000000001000000010001000000000000000000000000000000000000000000000000000000000000000000000000000000000000001000000000000000000000000000000000000000	43195.399999999994	22.499999999999996
14	00000000000000000000000000000000000000000000000000000000000000010000000000000000000000000000000001000000000000000000000000010000000000000000000000000000000000000000000000000000100000000000000000000000000000000000000000000000000000000001	35354.799999999996	17.3
15	00000000110000000001000000001000000000000000010000000000000000000000000001000100000000000000000000000000000000000000000000000000000000000000000000000000000000000000000000000000000000000000000000000000000000000000000000000000001000000000	40790.600000000006	36.9
16	00000000000000000000000000000000000000000000000000000000000000000000000000000000000000000000000000000000000000000000000000000000000000000000000000000000000000000000000000100000000000000000000000000100100000000000000000000000000000000000	41161.4	13.5
17	00000000000000000000000000000000000000000000000000000000000000000000000000000000000000000000010000000000000000000000000000000000000000000000000000000000000000000000000010000000000000000000000000000000000000000000000000000000000000000000	39596.0	8.8
18	00000000000000000000000000000000000000000000000000000000000001000000000000000000110000000000000000000000000000000000000000000000000000000000000000000000000000000100000000000000100000000000000000100100010000000000000000000000000000000000	41455.6	36.300000000000004
19	00000000000000000000001000000000000000000000000000010000000000000000010000000000000000000000000000000000000000000000010000000000000000000000000000000000000000000000000000000000000000000000000000000100000000001000000000000100000000000000	42214.59999999999	30.9
20	00000000000000000000000000000000000000000000000000000000000000000000000000000000000000000000000000000000000000000000010000000000000000000000000000000000100000000000000000000000000000000000000000010000000000000000000000000000000000000000	29591.6	12.100000000000001
21	00000000000000000000000000000000000000100000000000000000000000000000000000000001010000000000000000000000000000000000000000000000000000000000000000000000000000000100000000000000000000000000000010000001000000000010100000000000000000000000	43073.2	35.7
22	00000000000000000000000000000000000000000000000000000000000000000000000000000000000000000000001000000000000000000001000000000000010000000000000000000000000000000000000000000000000000000000000000000000000000000000000000000001000000000000	39162.200000000004	17.700000000000003
23	00000000000000000000000000000000000000000000000000100000000000000000000000000000000000000000000000000000000000000010000000000000000000000000000000000000000000000000000000000000000000000000000000000000000000000000000000000000000000000000	27379.6	8.2
24	00000000000000000000000000000000000000100000000000000000000000000000000000000000000000000000000000000000010000000000000000000000000000000000000000000000000000000001000000000000000000000000000000000000000000010000000000000000100000000000	40948.2	22.5
25	00000000000000000000010000000000000000000000000000000000000000000010000000001000000000000000000000100000000000000000000000000000000000000000000000000000000000000000000000000000000000000010001000000000001000000000000000000000000001000000	39269.40000000001	36.4
26	00000000000100000000000000000000000000000000000000000000000000000000000000000000000000000000000000000000110001000000000000000000000000000000000000000000000000000000000000000000000000000000000000000000000000000000000000000000000000000000	38398.6	18.299999999999997
27	00000000000000000000000100001000000000000000000000000000000000000010000000000000000000000000000000000000000000000000000000000000000000000000000000000000000000000001000000000000000001001000000000000000000000000000000100000000000000000000	42631.799999999996	31.700000000000003
28	00000000000000000000000000000000000000000000000000000000000000000000000000010000000000000000000000000000000000001000000000000000000000010000000000000000000000000000000000000000000100000001000000000000000000000000000000000000000000000000	40429.4	23.0
29	00000000000000000000000000000000000000100000000000000000000010000000000000000001000000000000000000000000000000000000000000000000000000000000000000000000000000000000000000000000001100000000000011000000000000000000000000000000001000000010	39336.799999999996	40.4
30	00000000000000000000000000000000000100000000000000000000000010000000000000000000000010000000000000000000000000000000000000000000000000000000000000000000000000000000000000000000000000000000000010000010000000010000000000000100010010000000	39892.2	41.0
31	00000000000000000000000000000000000000000000010010000000000000000000000000000001101000000000000000000100000000000000000000000000000000000000000000000000000000000000000000000000000000000000000000000000000000000000000000000000001000000000	42101.8	26.5
32	00000000000000100000000000000000000000000000000000000000000000000000000000000000000000000000000000000000000000000000000000000000000000000000000000000000100000000000000000000000000000000000000000000000000000000100000000000000000000000101	39178.0	21.400000000000002
33	00000001000000000000100000000000000000000000000000000000000100000000000000000000000000000000000000000000100000000000000000000000000000000000000000000000000000000000000000000000000000000000000000000000000000010000000000000100000000001000	42815.799999999996	31.400000000000006
34	00000000000110000000000000000000000000000000000000000000000000000000000000000001000000000000000000000000000000000000000000000000000000000010000000000000010000000000000000000000000000000000000000000000000000000000000000000000000000000000	42479.0	21.5
35	00000000000000000000000000000000000000000000000000000000100000000000000000000000000000000000000000000000000000000000000000000000000000000000001000000000001000000000000000000000000000000000000000000000100000000000000000000000000000000000	41863.4	17.8
36	00000000000000000000000000000000000000000000000000000000000000000000000000100000000000100000000000000000000000000000000000000000000000010000000000000000000000000000000000000000000000000000000000000000000000000000000010100000000100000000	41013.6	25.200000000000003
37	10000000000000000000000000000000100000000000000000000000000000000000000000000000000000000000000000100000000000000000000000000000000000000001000000000000000000000000000000000000000000000000000000000000000000010000000000100000000000000000	40611.2	27.000000000000004
38	00000000000000000000000000000000000000000000000000000000000000000001000000000000000000000000000000000000000000000000000000000000000000000010000000001000000000000000000000000001000000000000000000000000000000000000000000000000000000000100	41589.0	21.4
39	00000000000000000000000000000000000000000000000000000000000000000000000000000000000000000000010000000000000000000000000000000000001000000000000000000100000000000000000000000000000000000000000001000000000000000000000000000000000000100000	41461.6	22.2
40	00000000000000000000000000000000000000000000000001000010000000000000000000000000000000000000000000000000000000000000000000001000000000000000000000000000000001000000000000000000010000000000000000000000000000000000000000000000000000000000	40288.8	21.300000000000004
41	00000000000000000000000000010000000000000000000000000000000000000010000000000100000000000000000000000000000000000000000000000000000000000000000000000000000000000000000000000000001100100000000000001000000000000000000000000001000000000000	42792.4	36.4
42	00000000000000000000000000000000000000000000000000000000000000000000000010000000000000000000000000000000000000010000000000000000000000000000000000000000000000000010000000000000000000010100000000000000000000000000000000000000000000000000	40492.4	21.6
43	00000000000000000000000000000000000000000000000000000000000000000000000000000000000000000000100000000000000000000000000000000000000000000000000000000000100000000000100000000000000000000000000000000000000000000000000000000000000000000100	39819.2	16.9
44	00000000000000000010000000000000000000000000000000000000000000000100000000000000000000000000000000000000000000000000000000000000010000000000010000000000000000000000000000000000000000000000000000000000000000000000000000000000000000000000	38690.600000000006	16.0
45	00000000000000000001000000000000000000000000000000000000000000000000000000000100100000000010000000000000000000000000100000000000000000000000000000000000000000000000000000000000000000000000000000000000000000000000001000000000000000000000	39310.99999999999	27.200000000000003
46	00000001000000000000001000010000000000000000000000000000000000000001000010000001000000001000000000000000000000000000000000000000000000000000000000000000000000000000000000000000000000000000000001000000000000000000000000000000000000000000	43095.799999999996	35.7
47	00100000000000000001000001000000000000000000100000000000000000000000000000000000000000000000000000000000000000000000000000000000000000000000000000000000000000000000000000000000100000000000000000000000000000100000000000000000000000000010	41804.2	32.5
48	00001000000000000000000000000000000000000000000000000000000000000000000000000000000000000000000000100000000000000100000000000000000000000000000100000000000000000000000000000000000000000000000000000000000000000000000000000000000000000000	35676.600000000006	18.1
49	00000000000000000000000000000000000000000000000000000000000000000001000000000000000000000000000000000001000000000000000100000000000000000000000000000000000000000000000000000000000000000000000000000000000000000000000000000000110000000000	39171.4	22.8
50	00000000000000000000000000000000000000000000000000000000000000000000000000000000100000000000000000000100000000000000000000000000000000000010000000000000000000000000000000000000000000100000000000000000000000000000000010000000000000000000	42693.8	21.9
51	00000000000001000000000000000000000001000000010000000000000000000000000000000000000000000000000000000000000000000000000000100000000000000000000000000000000000000000000000000000000000000000000000000000100000000100000000000000000000000000	36866.0	26.799999999999997
52	00000000010000000000000000000000000000000000000000000000000000000000000000000000100000000100000000000000000000000000000000000000000000000000000000000000000100000000000000000000000000000000000000000000000000000000000100010000000000100000	42810.8	31.200000000000003
53	00000000000000001000001000000000001000100000010000000000000000000001000000000000000000000000000000000000000000000000000000000000000000000000000000000000000000000000000000000000000000100000000000000000000000000000000000000000000000000000	41944.600000000006	32.300000000000004
54	00000000000000000000000000000000000000000000000000000000000000000000000010000000000010000000000000000000000000000000000000000000000000000000100000000000000000000000000000000000001000000000000000000000000000000000000001000010000010000000	39872.4	31.400000000000002
55	00010000000000000000000000000000000000000000000000000000000000000000000000000000000000000000000000000000000000000000000000000000000000000000000000010000000100000000000000000000000010000100000000000000000000000000000000000000000000000000	41108.6	21.400000000000002
56	00000000000000000000000000000000000000000000000000000000000000000000000000010000010100000000000000000000000000000000000000000000000000000000000000010000000000000000000000000000000000000000000000000000000000010000001000000000000000000010	42883.0	31.5
57	00000000000000000001000000000010010000000000000000000000000000000000000000000000000000000000010000000000000000000000000000000000000000000000000000000000000000000000000000000000000001000000000000000000010001000000000000000000000000000000	41044.2	32.1
58	00000000000010000000000000000000000000000000001000000000000000000000000000000000000000100000000000000000000000000000000000000000000000000000000000000000000000010000000000000000000000000000000000000000000000000000001000000000000000000000	37836.399999999994	20.6
59	00000000000000000010000000000000000000000001000010000000000000001000000000000000000000000000000010000000000000000000000000000000000000000000000000000000000000000000000000000000000010000000000000000000000000000000000000001000000000000000	39856.99999999999	30.499999999999996
60	00000000000000000000000000000000010000000000000000000000000000000000000000000000000000100000000000000000000000000000000000000000100000000000000000000000000000000000000000000000000000000000000000000000010000100100000000000000000000000000	38997.99999999999	25.700000000000003
61	00000000000000000000000000000000000000000000000000000000000010000000000000000000001000000000000000000000000000000000000000000000000000000100000001000000000000000000000000000000000000000000000100000000000000000000000000000000000000010000	41395.399999999994	21.9
62	00000000000001000000000000000000000000000000001000001000000000000000000000000000000000000000000000000000000000000000000000000000000000000000000000000000000000000000000000000000000000000100000000100000000000000000000010000000000000001000	39134.399999999994	31.6
63	00000000000000000000000010000000000000000000000000000000000000000000000000000000000000001000000100000000000000000000001000000000000000000000000000000000000000000000000000000000000000000000000000000010000000000010000000000000000000000000	38610.0	27.200000000000003
64	00000000000000000000100000000000000000000000000000000000000000000000000000000000000000000100000000000000000000000000000000000000000000000000001000000000000000000000000000000000000000010010000000000000000000000000000000000000000000000000	39525.0	23.1
65	00000000000000100000000000000000000100000000000000000000000000000000000000000010000000000000000000000000000000000000000000000000000000000000000000100000000000000000000000000000010000000000000000001000000000000000000000000000000000000100	42718.799999999996	30.699999999999996
66	00000000000000000000000000000001000000000000000000000000000000001000000000000000000000000000000000000000000000000000000001000000000000000000000000000000000000000000000000000000000000000000000010000000000000000000100000000000000000000000	34784.6	22.1
67	00000000000000000000000000000000000000000000000000000000000000000000000100000000000000000000100000000000000100000000000000000000000000000000000000000000000000100000000000000000000000000000000000000000000000000000001100000000000000000000	42964.799999999996	26.5
68	00000000010000000000000101000000000000000000000000000000000000000000000010000000000000000000000000000100000000000000000000000000000000000000000000000000000000000000000000000000000000000000000000000100000000000000000000000000010000000000	39053.200000000004	31.8
69	00000000000010000000000000000000000000100000000000000000000000000000000000000000000100000000000000000000000000000000000000000000000000000000000000000000001000000000000000000000000000000000000000000000000000000000110000000000000000000000	40525.0	25.900000000000002
70	00000000000000010000000000000000000000000000000000000000000000000000000010000000000000000000000000000000000000000000000000000010000000000000000000000000000000000000000000000000000000100000000000001000000010000000000000000000000000000000	38700.799999999996	25.9
71	00000000001000000000010100000000000000000000000000000000000000000000000000000000000000000000000100000000000000000000000000000000000000000000000000000000000000000000000000000000000000000100000000000000000000000000000000011000000000000010	43130.399999999994	36.1
72	00000000000000000000000000000000000000000000000000000000000000000000000000000000000000000000100000000000000000000000000000000000000000000000000000000000000000000000000000100000000000000000000000000000000000000000001000000000000000000000	42738.399999999994	13.1
73	00000000000000000000000000000000000000000001000000000000000000000000000000000000000000000000000000000000000000000000000000000000000000000001000000000000000000001000000000000000000000000000000000000001000000000000000000000000000000000000	35880.0	17.400000000000002
74	00000000000000000000000000000000000000000000100000000000000000000000000100000000000000000000000000000000000000000000000000000000000000000000000100000000000000000000000000000000000001000000000000000000000000000000000000010000000000001000	36964.2	27.6
75	00000000000000000000000000100100000000000000000000000000000000110000100010000000000000000000000000000000000000000000000000000000000000000000000000000000000000000000000000000000001000000000000000000000000000000000000001000000010000000000	41768.600000000006	40.6
76	00000000000000000000000000000001000000000000000000000000000000000000000000000000000000000000000000000000000000000000000000000000000000000000000000000000000000000000100000000000000000000000000000000000000000000001000000000000000000000000	27783.800000000003	12.7
77	00000000000000001000000000000000000001000000001000000000000010000000000000000000000000000000000000000000000000000000000000000000000000010000000000000000000000000000000000000000000000000000000000000000000000000000001000000000000000000000	40544.8	27.299999999999997
78	00000000000000000000000000000000000000000000000000000000000000000000000000000000000100000000000000000000000000000000000000000000000000000000000000000000000000000000000000001000000000000000000000000000000000000000000000000000000000000000	41917.0	9.1
79	00000000000000000010000000000000000000010000000000000000000000000100001000000000000000000000000010000000000000000000000000000000000000001000000000000000000000000000000000000000000000000000000000000000000000000000000000000000000000000000	40934.600000000006	25.2
80	00000000000000000000000000000000000000000000000000000000000000010000000000000000000000000000000000000000000000000000000000000000000000000000000000000000000000000000000100000000000000000000000000000000000000000000000000000000000000000000	39443.4	8.8
81	00000000000000100000000000000010010000010000010000000000000000000000000000000000000000000000000000100000000000000000000000000000000000000000000000000000000000000000000000000001000000000000000000000000000000000000000000000000000000000000	39224.0	32.2
82	00000000000000000000000000000000000000000000000000000000000000000000000000000000000000000000000000000000000000000000000000000000000000000000000000000000000000000000010000000000000000000000000000000000000000000000000000000010000000000000	40718.0	8.9
83	00000001000000000000000000000000000000000000000000000000000000000000000000000000000000100000000000000000000000000000000000000000000000000000000000000100000000000000000000000000000000000000000000000000000000000000000000000000000000000001	31371.4	15.899999999999999
84	00000000000000000000100000000000000000000000000000000000000000000000000000000000000000000000000000000000000000000000000000000000000000000011000000000000000000000000000000000000000000000000000000000000100000000000000000000000001000000000	42309.4	21.9
85	00000000000000000000000000000000000000000000000000000000000000000000000000000000000000000000000000000000000000000000000000000000000000000000010000000000000010000000000000000000000000000000000000000000000001000000000000000001000001000000	43023.00000000001	20.799999999999997
86	00000000100000000000000000000000000000000000010000000000000000000000000000000000000000000000000000000000000010000000000000100000000000000000000000000000000000000000000000000000000000000000000000000000000000010000000000000000000000000000	39796.200000000004	22.9
87	00000000010000000000000000000000000000000000000000000000000000000000100000000000000000000000000000000000000000000000000000000000000000000000000001000100000000000000000000000000000000000000000000000000000000000000000001100000000000000000	43138.200000000004	26.4
88	00000000000000001000000001000000000000000001000000000000000000000000000000000010000000000000000000000000000000000000000000000000000000000000000000000000000000000000000000000000000000000000000000000000000010000000000000000100010010000000	40507.6	36.3
89	00000000000000000000000000000000000000000000000000000000000000000010000000000000000000000000000000000000000000000000000000000000000000000000000000000000000000000000001000000000000000000000010000010000000000000000000000000000000000000000	43122.6	17.9
90	00000000010000000000000000000000000010000001000000000000000000000000000000000000000000000000000000000000000000000000000000000000000000000000000000000000010000000000000000000000000000000010010000000000000000000000000000000000000000010000	42216.0	31.5
91	00000000000000000010000000000000000000000000000000000000000000000000000010000000001000000000000000000000000000000000000010000000000000000000000000000000000000000000000000000000100000000000000000010000000000000000000000000000000000000000	39179.4	22.0
92	00000000001000000000000000000000000000000000000000000010000000000000000000000000000000100000000001000000000000000000000000000000000000000000000000000010000000000000000000000000000000000000000000000000000000000000000000010000000000000000	36643.200000000004	21.4
93	00000000100000000000000000001000000000000000000000000000000000000000000000000000000000000000000000000000000000000000000000000000000000000000000000000000000000000000000000010000000000000000000000000000000000000000000000000000000000000000	42007.0	13.5
94	00000000000010000000000000000000000000000000000000000000000000000000000000000000000000000000000000010000001000000000000000000000000000000000000000000000000010000000000000000000000000000000000000000000000000000000000000000000000000000000	39554.0	17.099999999999998
95	00000000000000000000000000000000000000000000100000000000000000000000000001000000000000000000000000000000000000000000000001000000000000000000000000000000000000000000000000000000000000000000000000000000000000000000000000000000000000011000	31441.0	23.200000000000003
96	00000000000000000000000000000000100000000000000000010000010000000000000000000000000000000100000000000000000000000000000000000000000000000000000000000000000000000000000000000000000001000000000000010000001000000000000000000000000000000000	40673.8	31.499999999999996
97	00100000000001000000000000000000010000000000000000000000000100000000000000000000000000000000000100000000000000000000000000000000000000000000000000000000000000000000000000000000000000000000000000000000000000000000000001000010000000000000	41865.4	31.0
98	00000000000000000000000000000000000000000000000000000000000001000000000000000000000000000000000000000000000000000000000000000000000000000000000000000000000000000000000100000000000000000000010000000000000000000000000000000000000000000000	42955.2	13.1
99	00000000000000000000000000000000000000000000000000000000000000000000000000000000000000000000000000000000000000000000000000000000000000000000000000000000000001000000000000000000000000000000000000000000000000000000000000100000000000000000	21938.6	8.1
