SOLUCIONES FIN 

0	0101100111100111011000111000011001111101000000101000110100110100000001110110011100011111110010111000111101010010101010101111101101111000111100110110010011111001101000001011010101011010100101001110111000100110100010101101111111110011111	1280057.799999999	565.0999999999997
1	1110011101000110101101100110101001100101000000001110101100101100001111100001111101010011011011011011110100111001101010100100110100000101100100101000001100100011001100001011110001010111101010111111101011000110011001110001011101101001001	1179605.5999999999	523.9999999999999
2	0111000010100110111010101111011000001011110100000101000001001110101001100101001110110101100010000100101111101110100101010100010100000101100100101000001000100011001100001010110001010111101010001010110001001000111010011010001011111100111	1060943.3999999997	474.59999999999985
3	0000000000000000001000000000000000000000000000000010000000000000000000000000000000100000000000000000000000000000000000000000010000000000000000000000000000000000000000000000000000001000000000000000000000000000000000000000000000000000000	40789.799999999996	21.7
4	0011010100101001011000111101010010001001001100100110011110010100110100010010011010100111010110001100000110011101110100010010111111000110011010100110011000010010110101100101010000111001100011011001000011101101111110110100000111100100110	1157696.0	493.9
5	0001000101011110111010100010000000101010110001100110110001000000101010111011001011001010100110110110000010001011100110011001000001000000010001010010110110011100010000111011001001101101111011000111110111110101101000110101101000000000100	1055015.5999999999	457.00000000000006
6	1111011100000001100001011010101010000010001100101111001010111010100101100010101110111011010110111101001110110000001000100100001001000001011011110010100101100111010110011110101111010011100101110000010001011001010100100001111111011110010	1168007.2000000002	503.49999999999994
7	0001010110110101100000101110000000101010101110011010100110011101101111010001011000101111001111111110011001100101101110100101101110101111101000001110110101010100111111001110001011010010001111011101010010111101110000100001111000010011110	1281956.9999999998	548.0999999999999
8	0000000000000000000000000000000000000000000000000100000000000001000000000000000000000100000000000000000000000000000000000000000000000000000000000000100000000000000100000000000000000000000000000000000000000000000000000000000000000001000	60023.600000000006	25.199999999999996
9	1010110110000100110100000000001110100011010011001110000101010111101011001111111110001000001011111101010100000100010111001111110101101101011111011010100010011000110101011000100001000000110011101000001010001010001010010010010000111110011	1125133.9999999998	485.4000000000001
10	0000000000000000000000000000000000000000010000000000000000000000000000000000000000000010000000000000000000000001000000000010000000000000000000000000000000000000000000000000000000000000000000000000000000000000000000000000000000000000000	45130.399999999994	16.7
11	0000000000000001000000000000000000000001000000000000000000000000000000000000000000000000000000000000000000000000000000000000000000000000000000000001000000000000000000000000000000010000001000000000000000000000000000000000000000110000000	50817.40000000001	31.200000000000003
12	0000011011110101010001010101110010100001111111000101010110101001100111111101101011001000111010111010110110011101100011001001110000001101001011111001100010100000100110100000111100011001010001001101110100101110001000001110101010110000110	1146203.9999999998	514.1
13	0000000000000000000000000000000000000000000100001000000000000000000000000000000000000000000000000000000000000000000010000000000000000000000000000000000000000000000000000000000000000000000000000000100000000000000000100000000000000000000	34653.8	21.6
14	0000000000000000000000000000000000000000000000000000000000000000000100000000000000000000000000000000000000001000000000000000000000000000000000000000000000000000000000000000000000000001000000000000000000000000000000000000000000000000000	40235.6	12.5
15	0000000000000000000000000000000100000010000000000010000000000000000000000010000000000000000010000000000000000001011000000000000000001100000000100000000010000000010000000000000000000000000000000100000000000000000000000000000000001000000	161456.0	65.89999999999998
16	0111001010100110111010010000110110010000000110110110101111100100001011110100000000000111100010000101000100110101001000001110000000011111000000010100101001010001100000001001110001010111101010001010110001001000111010011010001011101100111	970579.8	436.99999999999994
17	0000000000000000000000001000000000000000000000000000000000000000010000000010010001000000000000000000000000000001000000000000000000000000000000000000001000000000001000000000100000000000000001000000000000000000000000000000001000000000000	130765.79999999999	49.900000000000006
18	0001110010001000101110000100011101110001110111000111101101011011100110100000011101110010000011101001001111010111010110001100110001000100001001011001010101011111001010011101000100010001001100010101101011010000001101110101000100000010011	1088509.1999999997	474.9
19	0100100000000000000000000000000000110010100010000000011000000000010000000000000000000001000000000000000000100000000000100000000000000000000000000000000000100000000000000000000000001000000000000001100001100100001000100000000000010000000	173920.6	102.19999999999999
20	1000000000100001000000000000000000000000000000000000000001000000000000000100000000000000000000000000000000000000000000000010000100000100000000001000000000000000000100000000000001000000000010100000100000000001000000000000000000100000000	150317.59999999995	71.60000000000001
21	1101001100111011100000001111011011010110101111100110011000001111111101011000100101101101011101110000000010001111110000011111101101100111110100100010001000010110010011010011111000101001101010001001011111110100001110110111100100011100110	1282768.8	550.3000000000002
22	1111011110011011000010101111101011010010000101011100000110111101001110011101110111101011111000110100000011101100011111001001110011011110111111011110001010101001101010000111101011111110001100101110100010011010111001100101001111000101110	1339990.4000000006	587.8999999999997
23	0110100001110111010110001001010100110000100110111110111111101001010011101110010101000000010010011001101001100100011001001000110110101001110000000101001011011111111011010010100001111101111100011011100111010001111101001010111111101110000	1200608.2000000002	546.3
24	0010001101011000110010101011001001101000010101001110010000110001001001100000100110010011100011101111001000100110011100010110010111110101110001100010111010001011000011011010010110101100011111000101111100001111100111100111110111001100001	1183013.2000000002	503.3999999999999
25	0000000000000000000000000000000000000001000000000000000000000000000000000000001000000000000000000000000000000000000000000000000000000000000000010000000000000000000100000000000000000000000000000000010000000000000000000000000000000000000	49594.200000000004	21.499999999999996
26	0000000000000000000000000100000000000000000000000100000000000000000000100000000000000000000000000000000000000010000000000000000000000000000000000000000000000000000000000000000000000000000000000000000000100000000000000000000000000000000	41869.799999999996	21.900000000000002
27	0000000001000000000000001000000100000001000000000001000000000000010000000000000000000000000000000000000000000000010000000000000000000000000000001000000100000010100000000000000100100000100000000000000110000000000000000000000000000000000	142338.6	71.6
28	0000010000000000000000000000000000000000000000000000000000000000000000000000000000000000000000000000000000000000000000000000000000000000000000000000000000000000000000000000010000000000000000000000000000000000000000000000000000000000000	39651.600000000006	8.899999999999999
29	0000010000000000000000010000000000000000001000000000000000000000000000010000000001000000000000000000000000000000000000000000000000000000000000100000000000001000000010000000000000000000001000010000000000000000000000000000000000000000000	111736.6	44.699999999999996
30	0010011001001110000101100100011100000011010000000110010000100000011001010000011001101010111110001100111101111010111001101011010100100001001010001100110110010111011010101110101111011110000100001001010010001111010110111011000010101110110	1171219.4000000001	482.7999999999999
31	0100000000000000000000000000000000000000000000000000000000000000000000000000000000000000000000000000000001000001000000000000000000011000000000000000000000000000000010000000000000000000000000000000000000010000000000000000000000000000110	115297.6	40.199999999999996
32	0001010000000000110011110000010101001001100010111011100111010000011101000101100010110001011011011110100011110110101010000010110001000011100101001101011000011011000010110011101110101110101101111111000101101110000010110011000111001110010	1137655.0000000005	491.7999999999999
33	0000000000000000000000000000000000100000000000000000000001000000000000000000000000000000000000000000000000000000000000000000000010000000000000000000000000000000000000000000000000000000000000000010000000000000000000000000000000000000000	39309.200000000004	17.3
34	0100001100101001001011011011110110101001010000001010010000100101010100111001000010100000101001011110000101100101010110111000101011010110110000100101110100010100110011010101101000010111001001110001100111111000110010011100100100101010011	1122691.7999999996	473.39999999999986
35	0000000000000000000000100000000000000000000000010000000000000000000000000000000000000000000000000000000000000000000000000000000000000000001000010000000000000000000000000000000000000000000000000000000000000000000000000000000000000000000	42435.0	17.7
36	0000100000000000010000000000010000000000000000100000000000000000000000001010000000000000001100000000001010100000000000000100010000000000000000000000000000000000100000000100010001010100000000000010000101000010001100000000000000000000000	248110.0	108.0
37	0000000000000000000010000000000000000000000000000101100000000000000000000001000000000000000000000000000000000000010000010000000000000000100001000000000000000000000100000100000000000000000000000000000000000000110000000000000000000000000	157544.0	56.69999999999999
38	0000000000000000000000000000000000000011000000000000000000000000100000000000000000000000000000000000000000000000000000001001000000000010000000000001000000001000000000010000000000000000000000000000000000000000000000000000000000000000000	120213.20000000001	39.0
39	0000000001000000000000000010000000000000000000000000000000010010100000000011000000000000000000000000000010000000000000000000000000000000000000000000000000000100000000100000100000000000000000000000000000001000000000000000100000001000000	169033.6	61.69999999999999
40	0100101101001001011001110011101010100000011100101101010000010110101000110000100111001101000010010101011010110011001011100000110000001100111110010010011101101100010000110110000101111001101100010101110111001111001111011000101111000010001	1082277.7999999998	487.69999999999976
41	0100110010110110010100101001000000101111110111111001111001101001010110101011010100110001111001110001011111001010011001001001011001110001011111010101111110101101010111101111110111000001010110111011000110101001110001101110111100011001000	1425665.0	572.0999999999998
42	1110000011101011000010110011010011110101101111100101001001110101000010000110010111110110100011110000101010111100010101100011101000010110100001001011000101110111101110010101001000010000111111001100011000111000000011011001101000110001100	1154461.4000000001	499.6
43	1101110011111100010101000010110100111000000010001110110101110010001011111110111101110110000011101001011100001100100001110111111100111110100110010010001101001100100101101001100000011001001001010011010111011110001110111011100110001010001	1220660.2	535.1999999999999
44	0000101000000010000001000000000000000000010000000000001000001000100000010000001100000000000000000010000000000000000000000000000000000001000000000000000000100000000000000000000000001010000000000001100001000100001000100000000000010000000	168810.99999999997	102.49999999999999
45	1000101100100110110111000001010001111000011101000101011011010111011110110011010111010100011011111111111101111000001001100100010011000101001100101101011111111101010110000101000011000010110001101111011110111111101010100101001001000001111	1233828.7999999998	552.5999999999997
46	0000010000000000010000001000000000000000001000010000000000000000100000000010000000000000000110000000000000000000000000000100000000000000000000000000000000000000000000000000000000010000000000000000000000100000000000000000000000100000000	96413.59999999998	53.89999999999999
47	0000000000000000000000000000000000000000010000000000000000000000000000000000000000000000000000000000000000000000000000000000000000000000000000000000000000000000000000000000000000000000000000000000001000000000000000000000000000000000000	13203.8	9.1
48	0000101111011110101100110111010100001011100110101010000010011100110011011101011111010100001101011010100111100001011100101110010011100010100101101000101010011000001110110010000111111010111000111111001101100111011011000111010011101000100	1172816.2	538.8999999999996
49	0000000010000000000011000000000000000000000000000100000000000000000000000000000000000000001000000000000000000000000000000000001000000000000000000000000000000001000000000000100000000000000000000000000000010000000000000000000000000100000	109618.2	44.7
50	0000101111011110101100011111010100001011100110101010000010011100110011011101011111010100001101011010001100111101110010010111111010010001011111010111100100100101010000011000111101001111110010111101000000001100000110100111010011101000100	1198973.6000000003	526.1
51	1011001100000011000110001111111101000111011100001000001101111111110011011110100111111010010110010001001010011101101000101000110011000011011001011100001001101111110111010100100011111000000000100100110100111010011111101011111000110001000	1203683.9999999998	526.4999999999998
52	1001000000101000000001000000000000000000000010010001000000000000000000000010010100000000001000000000000000000000000000000000000000000000000000000000000000000000000000000000000010000001000000000000000000000011010000000000000000100000000	129459.0	81.9
53	1101110001110110101001011000011011010010000101011100000110111101001010011101110110100011101110101110000010110010011110011110110000101101100100100100111111010011000010111100011110001011011010001111010011110111101111000010000110001000011	1232680.8000000005	531.1999999999998
54	0000000000000110000000000000000000000000000000000001000000000000010000000101000000000000001000000000000000000000000000000000000000000000000000000000000100000000000000000000000000000000000000000000000001000000000000000001000010000000001	89523.6	52.8
55	0000000000000000000000000000000000000000000000000000000001000000101000000000000100100000000000000000000000000000000000000000000000000000000000000000000000001000000000000000010000100000000000000000000000000000000000000000000000000000000	88845.8	35.400000000000006
56	0000000000000000000000000001000000000001000000000001000000000001100001010000100000000000000000001100000000000100000000000000000000000001001000000000000000010100000000000010000000000010100000000000000001000000000000000000001001001000100	215147.0	96.49999999999999
57	0000010100000000010000000000000000000000000000000000000001000100000000000000000000000000000000000010000100000000000000000000000000001000000000000000000000000000000000000000000000000000010000000000000000000000000000000000000000000000000	75922.20000000001	40.7
58	0000000000000000010000000000010000000000000001000000000000000001000000000000000000001000000000000000000000000000000000010000000000000000000000000010100000000000000000000010000010000000000000001000000000010000000000000000000000000100000	135652.0	57.9
59	0000000000000000000000010000000000000000000000000000000000000000000000000000000000000000000000000000000000100000000000000000000000000000000000000000000000000000001000000000000000000000000001000000000000001000000000010000000000010000000	59957.8	31.799999999999997
60	0000000000010000000000000000000000000000000010010000000000000000000000000000000000000000000000000000000000000000000000000000000000000000000000000000000000000000000000000000000000000000000000000000000000000000000010000000000000000000000	32537.800000000003	18.0
61	0000000000000000001000000000000000000000000000000000000000000000000000000000000000000000000000000000000000000000000000000000000000000000000000000000000000000000000001000000000000000000000000000000000000000000000000000000000000000000000	40078.2	8.6
62	1110010100001101010001011000011000101001111100000001100011110110010110101101001001100001000110011001100110011100011110010011101011011001011011100011011000111001001000110011010000000110100111000110111001001000011111100111011111011000010	1173952.4	496.7000000000001
63	0111100011010011011111001111101100111110101101101001101010011111111101000111011000001110100111111010000011100011001010001111010010110110101001001100101000100111001111010110101111010100111111101101110000111111110101101011100001010011000	1322881.8	593.6999999999998
64	0111000000101011100111110001110010010011000000110101001011010001000111100000110111011100011000100101100101011100011010001000001111110010000000011101101011110011010111000011000010110011110010011010011111011110101001110110011100101010110	1146169.2	503.99999999999994
65	0011011010100111101100110010111100010101100100101111100110011010100101111100000011000110110101001110111110111001001100101010001111110101111011101110101010110111011100100110001110001101011111111111101010111101111001101011100001101011101	1368730.7999999996	603.4999999999997
66	0100000000000000000000000010000000000000000000000000000000000000000000000001000000000000000000000000000000000000000000000000000010000000000000000000000100000000100000100000000000000000010000000000000000000000000000000000000000010001000	120656.0	44.400000000000006
67	0000000100000101000000000000000001000000000000000000000000000000000000000000100000000000000100000000000000001000000000100000000000000100000000000000000000000000000000000000000000000000000000000000100000000000000001000000001000000000000	116099.2	49.9
68	1111001101111001100011010001011000010101100010100001100011001111010001010100001111101010000100110111010011110001000111110010000010010100110110011000110010100110010000100000010010000100100001010000101001011011010000000001000011001000010	970113.8	421.2
69	0000000000000000000000000000000000000000000000000000000000000100000000001000000000000000000000000000000000000000000000010000000000000000000000000000000000000000000000000000000000000000000000000000000000000000000000000000000000000000000	27745.0	13.299999999999999
70	0000100000000000010000000000000000000000000000001010000000000000001100000010000000000000000000000000000000000010000000000000000000000001000010000000000100000000100000001000000010000100000000000001000001001001000100000000010000001100000	219037.99999999997	101.19999999999996
71	1010011001000100111110111011100100110001111010010011010111001000111111010011000010110010011011001110001010110110001000111010110000101010100001110011101001111010101011001111010011010101110100010010011111100101101100010101111111010110110	1285892.8000000003	549.8999999999999
72	0101111011111101011111110011101111110100010100001100111101111100001111101011101000000101011011111110101001101001101011100010010001100110011111100011101111111100001011111000111010011110111111111110111110100000110111111100001101011100000	1450779.4000000001	628.9000000000002
73	0000000000000000000000000000000000000100000000000000000000000000000000010010000000000000000000001000100000000000000000000000100000010000000001000000000001000001000100000100000100000010000000000000000000000000000100000000000000000000000	174266.8	65.89999999999999
74	1001100000010111100010010001101100101001101010011011001110101010000101010011010000011110001001001000110100010100101100101001011110110001111011101110000001111110111001111010001111000100101010110100110110000000010000111101010000001101101	1173868.6	484.5999999999999
75	1000110010010111110111010010111101110101100111101010000011001011001110001010111001100011111001010110101111010001001101110001101101111111001110011110111100100000100101111001010010111001110000101110101001110101100011100001011000010101100	1312411.0000000002	558.0
76	0011111110001111000000010000101101111110110111000110111100100111001100101011010001100100011010111101010111101100000111110000110011001010010010101000100101001111110010010111111010111100011100101111010011101010000010101100111011101000010	1272978.9999999998	543.8999999999996
77	1000111111111111000110111011011110001110111100000110111001100110110000001101010011111010110111100100110101111010101110010000110111001110111110001011000000111111011110100110011110000101111110111111101111101011001110110010010011101101001	1382414.4000000001	609.3999999999999
78	0011000001011011100010001111001111110000011110101000011010000101011101100010101011100010010000010010010110010001110111010111110001100001111010001101000010111010010010010010101111010111000001001100010000111110111110010010101101101011100	1134455.7999999998	501.7999999999999
79	1100000000000000000010000000000000000000010000000000000000000000000001000000000000000000001000010000000000000000000000000000000000000000000000000000000000000000000000001000000000100000000000001000000000000000000000000100000000000000000	104001.4	50.6
80	0000000000000000000000000000101100000000000000000000000010000010000001100000000000000000000000000000000110000000000000000000000000000000000100000100000001001010000000000000000000100001000100001000001000010000000000000000000100000000000	191322.19999999995	93.5
81	0000001000000001000000000001000000000001000000001010000000100000000000000000000010100000000000000001010000000100000000000000000000000000000000010010000000000000000000000000100000000100000000000000001000000000000000010000000000000000000	184900.6	80.2
82	0000000000000010000000001000000000000001000000000000000000000000100000000010000110001000000000000000000000000001000001010000000000000000000000010000000001000000000000000000100001000100000000000000000000001000001001001000000000001010000	213004.80000000005	98.49999999999999
83	0000000100000000000100000000000000000000000100000000000000000000000000000000000000000000000000000000000000000001000000000000000000000000000000000000000000000000000000000000000000000000001011000000000000000000000000000100000000000000000	61925.2	36.5
84	0011100110011111000010001111100111111110000110000111011010001101000010011001000111111100010010100101111111111000111101110011010111001101110000101010001101100111110100111010111001000001100001101101001111010101000100100001101101011001101	1343491.6	543.5999999999999
85	0000000000000000000000000000000000000000000000000000000000000000000000000000000000100000000000000000000000000000000000000000000000000000000000000000000000000000000000000000000000000000100000000000000000000000000000000000000000000000000	13243.2	8.6
86	0110000111101001111001101101101111100110110111011000111111110011011011110001110011011110011010000011101111110000110110010111010100110111011010011010101001001111011111111011111101111000101110010101111000100111010000110111010110101010101	1508762.8	623.5
87	1110110010111100101110001000100101011011110110011111110101001100010011001101110111000101101110011110010010110100100100000101101001001010000101110001011100110000110101100111110111110101010011001101100110101101100101110111000111011111010	1265106.0	565.1999999999999
88	0111011010110110001111101100010011111001000011111011001001000011001111111000111011010011101100010100100010100011111101010101000111100001101111111001110011001000100010010011111000000000001011101001001110011010000101101101100001000011111	1247735.1999999997	516.8000000000001
89	0101101011000100110100001111110001110001010110101101101010001111011000111101001111000000111011011011011110011101011100110110110010111010010101011000110001111111111110100101011101110101100000001111011111111101111100100101100110111011011	1384526.5999999999	610.6999999999998
90	0000000010000000000000000000000000000000000000000000000000000000000000000000000000000000000000000000000000000001000000000010000010000000000010000000000000000000000000000000000000000000000000000010000000000000000000100000000000000000000	79792.19999999998	30.299999999999997
91	0000000000000000000000000000000000000000000000000000000000000000000000000000000000000000000000000000000000000000000000000000100000000000000000000000000000000000000000000000000000000000000000000000000000000000000000000000000000000000000	11404.4	4.0
92	0100000000000000000000000000000000010000000000000000000000000000000000000000000000000000000000000000000000000000000000000000000000000000000100000000000000000010000000100000000010000000000000001000000000000000000000000100000000000000000	97115.2	36.2
93	0000000100000000000000000000000000100000000001000000000000000000000000100100100000000000000000000000000010000000000000000000000000000000000000000000000000000000000000000000000000010000100000000000000000000000000000000000000000000000000	70955.2	40.199999999999996
94	0000000000000000100000000000000000000000000000000000000000000000000000000000000001000001000001000000000000000000000000010000000000000000000000000000000000010000000000000000000000000000000000000000000000000000000000000000000000000000000	60905.0	24.7
95	1011100100010110110110101011000111010110000101011011111010101011001101111000011100001000100100000011100101010110100011000011100110111001110110010111110001000101111011111111000110110010100011011001000111001101100010011010101010101111101	1323795.0000000002	544.0
96	0000000000000000000100000000000000010000000000000000010000000000000000000000000000000000000000000000000000000000000000000000000000000000000000000000000000000000000000000000000000000000000000000100000000000000000000001000000000000000000	38467.2	22.5
97	0000111111011101011001100010111101001101100100010110000101011100011100110010001111000111111101111100100101000011000110001111000001101111011001001111000001001111101001010110101000011100100101111000111010000101010000110011110111001101100	1199023.6	526.9999999999999
98	0000111011100110010111101000100101011110110110111110001111000101001111111001100001011110001001100111101100010001110100110110001000011010000001111000110011001110110000111011001000110000010111101101101111000001110000010100001001001100011	1161029.7999999998	510.9999999999999
99	0100000000000000000000000000000000000000000000000000000000000000000000000000000000000000000000000000000000000000000000000000000000000000000100010000000000000000000000000000000000000000000000000000000000000000000000000000000000000000000	36744.6	13.4
