SOLUCIONES FIN 

0	0000000000000000000001000100000000000000000000000000000000000000000000000000000000000000000000000000000000000000000000000000000000000000000000000000000000001000000000000000000000000000000010000000100100000000000000000000000000000000000000000	42483.0	26.9
1	0100000000000000000000000000000000000010000000000000000000000000000000000000000000000000000000000000000000000000000000000000000000000000000000001000000000000000000000000000000000000000000000000000000010000000000000000000000000000000000000010	38948.8	22.1
2	0000000000000000000000000000000000000000000010000000000000000000110000000000000000000000000000000000000000000000000000000000000000000000000000000000000000000000000000000000000000000000000000010000000000000000000000001000000000000000000000000	31201.0	21.6
3	0000000000000000000000000000000000000000000000000000000000001000000000000000000000000000000000000010000000000000000000000000000000000001000000000000000000000000000000000000000000000000000000010000000000000000100000000000000000000000000000000	36986.799999999996	22.2
4	0010010000000000000000000000000000000000000000000000000000000000000000000000000000000000000000000000000000000000000000000000000000000000000000000000000000000000010000000000000000000000000000000000000000000000100000000100000000000000000000000	42448.4	22.0
5	0000000000000000000000000000000000000000000000000000000000000000000000000000000000000100000000000000000000000000000000000000000000000000000000000000000000000000000100000000000000000000000000000000000000000000000000000000000000000000000100010	39020.0	17.7
6	0000000000000000000000000000000000011000000000000000000000000000000000000000000000000000000000000000000000000000000100000000000000000000000000000000001000000000000000000000000000000000000000000000000000000000000000000000000000000000000000000	41817.4	17.7
7	0001000000100000000000000000000000000000001000000000000000000000000000000000000000000000000000010000000000000000000000000000000000000000000000000000000000000000000000000000000000000010000000000000000000000000000010000000000000000000000000000	39279.2	27.799999999999997
8	0000000000000000000000000000000000000000000000000000000000000000000000000000000000000000000000000000000000000001000000000000000000000000000000000000000000000000000000000000000000000000000000000000000100000000000000000000000000000000100000000	31363.000000000004	13.100000000000001
9	0000000000000000000010000000000000000000000001000000000000000000000000000000000000000000000100001000000000000000000000000000000000000000000000000000000000000000000000000000000000010000000000000000000000001000000000000000000000000000000000000	41962.200000000004	22.799999999999997
10	0000000000000000000000000000000000000000000000000000000000000000000100000001000000000000000000000000000000000000001000000000000000000000010000000000000000000000000000000000000000000000000000000000000000000000000000000000000000000000000000000	43192.200000000004	17.9
11	0000000000000000000000000000000000000010000000000000000000000000000000000000010000000001000000000000000000000000000000000000000000000000000000000000000000000000000000000000000000000000000000000000000000000000000000000000000000000010000000101	40167.6	25.2
12	0000000000000000000000000000100000000000000000010000000000000000000000000000000000000000000000000000000000000000000000000000000000000000000000000000000000000000000000000000000000000000000000000000000000000000000000000000000001000010100000100	38105.799999999996	26.700000000000003
13	0000000000000000000000010000000000000000000000000000000000000000000000000000000000000000000000000000000000000000000000000000000000000000000000000010000000000000000000000000000000000000100000000000000010000000000000010000001000000000000000000	42295.2	26.200000000000003
14	0000000000000000100000000000000000000000000000000000000000000000000000000000000000000010000000000000000000000000000000000000000000001000000000000000000000000000000000000000000000000001000000100000000000000000000000000000000000000000000000000	42248.0	21.6
15	0000000000000000000000000000000000000000000000000000000000000000000000000000000000000000000000000000000000000100000000000000000000000000000000000000100100000000000000000000000000000000000000000000000000000000000000000000000000000000000000000	40239.399999999994	13.0
16	0000000000000000000000000000000000000000000000000000000000000100000000010000000000000000000000000000000000000000000000000000010000000000000000000000000000000000000000000000000000000000000000000000000000000000010000000100000000000000000000000	40062.8	21.099999999999998
17	0000000000000000000000000000000000000000000000000000000000000000000000000000000000000000000000000000000000000000000000000000000000000000000000000000000000000000000000000010000000000000000000000000000000000000000000000000000000000000000000000	37105.0	4.4
18	0000100000100000000000000000000000000000000000000000000000000000000000000000000000000000100000000000000000000000000000000000000000000000000000000000000000000000000000000000000000000000000000000000100010001000000000000000000000000000000000000	38881.200000000004	26.799999999999997
19	0010000000001000000000000010000000000000000000000000001000000000000000000000000000000000000000000000000000000000000000000000000000000000000000000000000000000000000000000000000000000000000000000000000000000000000100000000000000000000000000000	39003.8	22.099999999999998
20	0000000000000000000000000000000000000000000000000000000000000000000000000000000000000010000000000100000000000000000000000001000000000000000000000000000000000000000000000000000000000000000000000000000000000000000010000000000000000000000000000	37198.0	12.5
21	0000000000000000000000000000000000000100000000000000000000000000000000000000000000000000000000000000000000000000000000000000000000000000000000000000000000000000000000000000000000000000000000000000000000000000000000000000000010000000000000000	12574.2	9.2
22	0000000000000000000000000000000000000000000000000000000000100000000000000000000000000000000000000000000000000000000000000000000000000010000000000000000000000000000000000000000000000000000011000000000000000000010000000100000000000000000000000	41240.4	25.8
23	0000000100000000000000010000000001000000000000000000000000000000000000000000000000000000000000000000000000000000000000000000000000000000000000000000000000000000000000000000000000000010000000000000000000000000000010000000000000000000000000000	33192.0	23.2
24	0000010000000000000000000000000000000000000000000000000000000000000000010000000000000000000000100000000000000000000000000000000000000000000000000000000000000000000000000000000000000110000000010000000000000000000000000000001000000000000000000	41606.6	31.8
25	0000000000000000100000000000000000000000000000010010000000000000000000000000000000000000000000000000000000000000000000000000000000001000000000000000000000000000000000000000000000000000000000000000000000000000000000000000000000000000000100000	40966.4	22.9
26	0000000000000000001000000000000000010000000000000000000000000000001000000000000000100000000000000000000000000000000000000000000000000000000000000000000000000000000000000000000000000000000000000000000000000000010000000000000000000100000000000	39893.399999999994	22.1
27	0000000000000000000000000000000000000000000000000000000000000000000000000000000000000000000000000000000000000000000000000000000000000000000000000000000000000000000000000010000000000000000000000000000000000000000000000000000000000000000000000	37105.0	4.4
28	0000010000000000000000010000000000000000000000000000000010000000000000000000000000000000000000000000000000000000000000000000000000000000000000000000000000000000000000000000000000000000000000000000000000000000010001000000000010000000000010000	38605.6	31.200000000000003
29	0000000000000000000000001000000000000000000000100000000000000000000000000000000000000000000000010000000000000000000000000000000000000000000000000000000000000000000000000000000000010000000000000000000000000000000000000000000000000000000000100	31092.399999999998	22.799999999999997
30	1000000000000000000000000000000000000000000000000000000000000000000001000000000000001000000000000000000000000000000000000000000000000000000000000000000000000000000000000000000000000001000000000000000000000010000000000001000000100000000000000	42886.399999999994	31.6
31	0000000001010000000001000001000000000000000000000000100000000000000000000000000000000000000000000000000000000000000000000000000000000000000000000000000000000000000000000000000000000000000000000000000000000100000000000000000000000000000000000	41240.799999999996	27.599999999999998
32	0000000001000000100000000000000000000000001000000000000000000000000000000000000000000000000000000000000000000000000000000000000000000010000000000000000000000000000000000000000000000000000000000000000000000000000000000000000000100000000000000	42169.799999999996	22.799999999999997
33	0000000000000000000000000000000000000000000000000000000000000000000000000000000000000000000000000001000000000000000000000000000010000000000000000000000001000000000000000000000000000000000000000000000000000000000000000000000000000000000000000	39021.6	12.899999999999999
34	0000000000000000000000000000010000100001000000000000000000100001000000000000000000000000000000000000000000000000000000000000000000000000000000000000000000000000000000000000000000000000001000000000000000000000000000000000000000000000000000000	42394.2	27.6
35	0000000000000000000000000000000000010000000000000000100000000000000000000000000000000000000000000000000010000000000000000000000000000000000000000000100000000000000000000000000000000000000000000000000000000000000000000000000000000000001000000	40639.4	21.9
36	0000000001000000000000001000000000000000000000000000000000000000000000000000010000001000010000000000000000000000000000000000000000000000000000000000000000000000000000000000000000000000000001000000000000000000000000000000000000000000000000000	40606.00000000001	27.800000000000004
37	0000000000000000010010000000000000010000000000000000000000000000000000000000000000000000000000001000000000000000000000000000000000000000000000000000000000000000000000000000000000000010000000000000000000000010000000000000000000000000000000000	39110.0	27.0
38	0000001010100000000000001000000000000000000000000000000000000000000000000000000000000000000000000000000000000000000000000000000000000000000000000000000000000000000000000000000000000000000000000000000000000000100000000000000010000000000000000	36539.0	27.5
39	0000000000000000000000000000000000000000000000000000000000000000010000000000000000000101000000000000000000000000000000000000000000000000000000000000000010000000000000000000000000000001000000000000000000000000000000000000000000000000000000000	41472.8	20.0
40	0000000000000000000100000000000000000000000000000000000000000000000100000000000000000000000000000000000000000000000000000000000000000000000000000000000000000000001000000000000000000000000000000000000000000000000000010000000000000001000000000	41287.0	22.6
41	0000000001000000001000000000000000000000000000100000000000000000000001100000000000000000000000000000000000000000000000000000000000000000000000000000000000000000000000000000000000000000000000000000000000000000000001000000010000000000000000000	42922.200000000004	31.399999999999995
42	0000000000000000000000000000000000000000000000000000000000010000000000000000000000000000000000001000000000000000000000000000000000000000000000000001000000000000000000000000000000000100000000000000000000000000000000000000000010000000000000000	36136.6	21.700000000000003
43	0000000000000000000010000000000000000000000000000000000000000000000000000001000000000000000000001000000000000000000000000000000000000000000000000000000010000000000000000000000000000000000000000000000000000000000010000000000000000000000000000	40755.2	23.2
44	0100000000000100000000000000000000000000000000001000000000000000000000000000000000000000000000000000000000000000000000000000000000000000000000010000000000000000000000000000000000000000000000000000000000000000000000000000000000000000000000000	36277.2	17.299999999999997
45	0000000000000000000000000000000000000000000000000000000000000000000000000000000000000000000000000000000000000000000000000000000000000000000000000000000000000000000000000000000000000000000000100100000000000000000000000010000000000000000000000	16009.4	13.4
46	0000000000000000000000000000000000000000000000000000000000000000000000000000000001000000000000000000000000000000000000000000000000000000000000000000000000000000000000000000000010000000000000000000000000000000000000000000000000000000000000000	42337.799999999996	9.1
47	0000000000010000000000000000000000000001000000000000000000000000000000000000000000000000000000000000000000000000000000000000000000000000000000000000010000000000000000000000000000000000000000000001000000000000000000000000000000000000000000000	32969.0	17.7
48	0000000000000000000000000000000000000000010000000000001000000000000000000000001000000000000000000000000000000000000000000000000000000000000000000010000000000000000000000000000000000000000000000000000000000000000000000000000000000000000000000	37607.0	17.3
49	0000000000000100010000000000000000000000000000000000000000000100000000000000010000000000000000000000000000000000000000000000000000000000000000000000000000000000000000000000000000000001000000000000000000000000000000000100000000000000000000000	42817.0	26.200000000000003
50	0000000000000000000000000000000000000000000000000000000000000000000000000000000000010000000000000000000000000000000000000000000000000000000000000000000000000000000000000000000000000000000000000000000000000000000000000000000000000000100010000	16270.199999999999	13.499999999999998
51	0000000000000000000000000101000000000001000000000000000000000000000000010000000000000000000000000000000000000000000000000000000000000000000000000000000000000000000000000000000000000000000000000000000000000001000001000000010000000000000000000	42600.40000000001	32.2
52	0000100000000000000001000000100000000000000000000000000000000000001000000000000000000000000000000000000000000000000000000000000000000000000000000000000000000000000000000000000000000000000000000100000000000000100000000000000000000000000000000	40037.4	27.3
53	0000000000000000000000000000000000000000000000000000000000000000000000000000000100000000000000000000010000000000000000000000000000000000000000000000000000010000000000000000000000000000000000000000000000000000000000000000000000000000000000100	34038.4	17.1
54	0000000000000000000000000000000000000000000000000000000000000000000000000000000000000000000100000000000000000000000000000000000000000000000000000000000000000000000000000100000000000000000000000000000000000000000000000000000000000000000000000	41759.0	4.1
55	0000000000000100000000010000000000000000000000000000000000000000000000000000000000000000000000000000000000000000000000000001000000000000000000000000000000000000000000000000000000000000000000000000001000000000000000000000000000010000000000000	42787.2	22.4
56	0000000000000000001000000000000000000000000000000000000000000000000000000000000000100000000000000000000000000000100000000000000000000000000000000000000000000000000000000000000000000000000000000000000000000000010000000000000000000100000000000	41750.59999999999	17.299999999999997
57	0000000000000010000000000000000000000000000000000000000000000000010000000000000000000000000000000000000000000000000000000000000000000000000000000000000000000001000000000000000000000000000001000000000000000000000000000000000000000000000000000	32730.8	16.5
58	1000000000000000000000000000000000000000000000000000000000000010000000000000000000000000000000001000000000000000000000000000000000000000000000000000000000000000000000000000000000000000000000100000001100000000000001000000000000000000000000000	41528.4	31.799999999999997
59	0000000000000000000000000000000000000000000100000000000000000000000000000000000000010000000000000000000000000000000000000000000000000000000000000000000000000000000010000000000000000000000001000000000000000000000000000000010010000000000000000	42511.99999999999	27.199999999999996
60	0000000000000000000000000000000000001000000001000001000000001000000000000000000000000000000000000000000000000000000000000000000000000000000000000000000000000000000000000000000000000000000000010000001000000000000000000000000000000000000000000	42645.4	27.599999999999998
61	0000000000000000000000000000000000000000000000000000000000000000000000000000000000000000000000000000000000000000000000000000000000000100000000010000000000000000000000000000000000000000000100000000000010000000000000000000000000000000000000000	39020.8	17.0
62	0000000000000000000000000000000000000000000010100000000000000000000000000000000000100000000000000000000000000000000000000000000000000000000000000000000000000000000000000000000000000000011000000000000001000000000000000000000000000000000000000	41549.600000000006	23.1
63	0000000000000000000000000000000000000000000000000000000000010000000000000000000000000000000000000000000000000000000000000000000000000000000000000000000000000000000100000000000000000000000000000000000001000000000000000000000000000010000000000	34558.2	17.5
64	0000000000000000000000001000000000001000100000000001000000000000000010000000000000000000000000000000000000000000000000000000000000000000000000000000000000000000000000000000000000000010000000000000000000000000000000000000000000000000000000000	39631.200000000004	27.599999999999998
65	0000000000000000000000000100000000000000000000000000000000000000000000000000000000000000010000000000000000000000000000000000000000000000000000000000110000000000000000000000000000000000000000000000000000000000000000000000000000000000000000000	39868.399999999994	17.6
66	0110000000000000000010000000000000000000000000000000000000000010000000000000000000000000000001000000000000000000000000000000000000000000000000000000000000000000000000000000000000000000000000010000000000000000000000000000000000000000000000000	42300.6	28.0
67	0000000000100000000010000000000000000010001000000000010000000000000000000000000000000000000000000000000000000000000000000000000000000000000000000000000000000000000000000000000000000000000000100000000000000000000000000000000000000000000000000	41793.200000000004	27.299999999999997
68	0000000000000000000000000010000000000000000000000000000000000000000000100000000000000000000000000000000000000000000000000000000000000000000001000000000000000000000000000000000000000000000000000000000000000000000100000000000000000000100000000	40773.8	21.8
69	0000000000000000000000000000000000000000000000000000010000000000000000000000000100010000000000000000000000000000100000000000000000000000000000000000000000000000000000000000000000000000000100000000000000000000000000000000000000000000000000000	42115.2	22.199999999999996
70	0000000000000000000000000000000000000000000000000001000000000000000000000000000000000000000010000000000000000000000000000000000000000000000100000000000000000000000000000000000000000000000000000000000000000010000100000000000000000000000000000	37969.8	21.7
71	0000000000000000000000000000100000000000000000000000000000000000000000000000000000000000000000010000000000000000000000000000000000000001000000000000100000000000000000000000000000000000000000000000000000000000000000000000000000000000000000000	40313.6	17.4
72	0100000000000000000000001000001000000000000000000000000000000000000000000000000000000000000000000000000000000000000000000000000000000000000000000000000000000000000000000000000000000000000000000000001000000000000000101000000000000000000000000	40875.799999999996	27.9
73	0000000000000000000000000000000000000000000000000000000000000000000000000000000000000000000000000000000000000000000000000000000000000000000000000000000010000100000000000000000000000000001000000000000000000000000000000000000000000000000000000	34612.4	12.799999999999999
74	0100000000000000000001000000000000000000000000100000000000000000000000000000000000100000000000000000000000000000000000000000000000000000000000000000000000000000000000000000000000000000000000001000000000000000000000000000000000000100000000000	40770.799999999996	23.0
75	0000000000000000000000000000000000000000000000000000000000000000000000000000000000000000000000000000000000000000000000000000000000000000000001000000010000000000000000000000000000000000000010000000000000000000000000000000000000000000000000000	32893.200000000004	13.0
76	0000010000000000000001000000000000000000000000000000000001000000000000010000000000000000000000000000000000000000000000000000000000000000000000000000000000000000000000000000000000000000000000000000000010000000000000000000000000000000000000100	42651.6	27.1
77	0000000000000000000000000000000000000000000011000000000000000000000000000000000000000000000000000000000000010000000000000000000000000000000000000000000000000000000000000000000000000000000000000000000010000000000000000001000000000000000000000	41310.99999999999	22.6
78	0000000000000000000000000000000000000000000000000000000000000000000000000000000000000000000100000000000000100000000001000000000000000000000000000000000000000000000000000000000000000000000000000000000000000000000000000000000000000000000000000	35855.8	9.1
79	0000000001000000000000000000000000000000000000000000000000000000000000000000000000000100000000000000000000000000000000100000000000000000000000000000000000000000000000000000000000000000000000000000000000000000000000000000000000000000000000000	29506.8	12.399999999999999
80	0000000000000000000000000000000000000000000010000000000000000000000000000001000000000000000000000000000100000000000000000000000000000000000000000000000000000000000000000000000000010000000000000000000000000000000000100000000000000000000001000	41812.0	27.299999999999997
81	0000010000000000000000000000000000000000000000100000000000000000000000000000000000000000000100000000000000000000000000000000000000000000000000001000000000000000000000000000000000000000000000000000000000000000100000000000000000000000000000000	36676.4	17.7
82	0000000010000000000000000000000000000000000000000000000000000000001000000000000000000000000000000000000000000000000000000000000000000000000000000000000000000000001000000000000000000000000000000100000000000000000000000000000000000100000000000	38012.0	22.800000000000004
83	0000000000000000000000000000000000000000000000000101000000000000000000000000000000000000000000000000000000000000000000000000000000000000000000000000000000000000000000000000000000000000000001000000000000000100000000000000001000000000000000000	37454.6	22.0
84	0000000000000000000000000000000000000000000000000000000000000000000000100000000000010000000000000000000000000000000000000000001000000000000000000000000000000000000000000000000000000000000000000000001000000000000000000000000000000000000000001	41957.0	21.5
85	0000000000000000010000000000000010000000000000100000000000000110000000000000000000000000000000000000000000000000000000000000000000000000000000000000000000000000000000000000000000000000000000000100000000000000000000000000000000000000000000000	40205.4	26.9
86	0000000000000000000000000000000000000000000000000000000000000010000000000000000000000000000010000000000000000000000000000000000000000000000000000000000000000000001000000000000000000000000001000000000001000000010000000000000000000000000000000	41168.2	26.200000000000003
87	0000000000000000000000000000000000000000000000000000000000010000000000000000000000001000000000000000000000000000000000000000000000000000000000000000000000000000000000000000000000000000000000000000000000010000000001000000000000000000000000000	21506.399999999998	17.0
88	0000000000000000000000000001000000000000000000000000000000000000000000000000000000000000000000000010000000000000000000000000000000000000000000000000000000000000000000000000000000000000000000000000000000000000000100000000000000000000000000000	21384.2	13.6
89	0000000000000000000000000000000000000000000000000000000000000000000000000001000000000000000000000000000000000000000000000000000000001000000000000000000000000000000000000000000000000000000000000000000010000000000000000000000000001000000000000	35761.600000000006	18.0
90	0000000000000000100000010000000000000000000000000000000000000000000000000000010000000000000000000000000000000000000000000000000000000000000000000000000000000000000000000000000000000000000000000001000000000000000000000000010010000000000000000	37180.399999999994	28.0
91	0000000000000000000000000000000000000000000000000000000000000000000000000000000000000000001000000000000001000000000000000000000000000000000000010000000000000000000000000000000000000000000000000000000000000000000000000000000000000000000000000	33777.8	13.2
92	0000000000000000000000000000000000000000000000000000000000000000000000000000000000000000000000000000000000000000000000000000000000000000000000000000000000000000000000000010000000000000000000000000000000000000000000000000000000000000000000000	37105.0	4.4
93	0000000001100000000000010000000000000000000000000000000000001000000000000000000000000000000000000000000000000000000000000000000000000000000000000000000000000000000000000000000000000000000001000010000000000000000001000000000000000000000000000	42634.4	31.599999999999994
94	0000000000000000000000000000000000000000000000000000000100000000000000000000000000000000000000000000000000000000000000000000000010000100000000000000000000000000000000000000000000000000000001000000000000000000000000000000000000000000000000000	37944.4	17.6
95	0000000000000000000000000000000000000000000000000000000000000000000000001000000000000000000000000000000000000000000000000101000000000000000000000000000000000000000000000000000000000000000000000000000000000000000000000000000000000000010000000	40952.6	17.400000000000002
96	0000001000000000000000000000000000000000001000100000010000001000000000000000000000000000000000000000000000000000000000000000000000000000000000000000000000000000000000000000000000000000010000000000000000000000000000000000000000000000000000000	40596.200000000004	27.499999999999996
97	0000000000000000100000000000000000000000000000000000000000000000000000000000010000000001000000001000000000000000000000000000000000000000000000000000000000000000000000000000000000000010000000000000000000000000000000000000010000000000000000000	40118.0	26.5
98	0000000000000000000000000000000000000000000000000000000010000000000000000000001000010010000000000000000000000000000000000000000000000000000000000000000000000000000000000000000000000000000000000000000000000000000000000000000000000000100000000	37634.6	21.1
99	0000000000000000000000000000000000000000000000000000000000000000010000000000000000000000000000000000000000000000000001000000000000000000000000000000000000000000000000000000000000000000000000000000000000000010000000000000010000000000000000000	31103.0	17.0
