SOLUCIONES FIN 

0	00000000000000000000000010000000000000000000000000000000000000000011000000000000000010001000000000000000000000000000000000000000000000000000000000000000000000000000000000000000000000000000000100000000000000000000000000000000000000000000	42465.4	27.5
1	00000000000000000000000000000000000000000000000000100000000000000001000000010000000000000000000000000000000000000000000000000000000000000000000000000000000000000000000000000000000000000000000000000000000000000101000000000000000000000010	41172.600000000006	27.5
2	00000000000000000000000000000000000000000000000000000000000000000000000000000000000000000000000000000000000000000000000000000000010010000000000000000010000000000000000000000000000000000000000000000000000000000000000000000000000000000000	42766.6	13.100000000000001
3	00000000000000000000000000000000000000000000000000001000000000010000000000000000000000000000000000000000000000000000000000000000000000000000000000000001000000000000000000000000000000000000000000000000000100000000000010000000000000000000	41448.399999999994	22.4
4	00000000000000000000000000000000000100000000000000001000001000000000000000000000000000000000000010000000000000000000000000000000000000000000000000000000000000000000000000000001000000000000000000000000000000000100000000000000000000000000	42711.399999999994	26.299999999999997
5	00000000000000000000000000000000000000000000000000000000000000000000000000000000000000100000000000000000000000000000000000000010000000000000000000000000100000000000000000000000000000000000000000000000000000000000000000000000000000000000	36684.0	11.5
6	00000000000000000000001000000000000000000000000001000000000000000000000000000000000000000000000000000000000000000000000000000000000000000000000000000000000000000000000000000000000000100010000000000000000000000000000000001000010000000000	40480.399999999994	27.0
7	00010000000000000000000000000000000000000010000000000000010000000000000100000000000001000000000000000000000000000000000000000000000000000000000000000000000000000000000000000000000000000000000000000000000010000000000000000000000000000000	42783.6	26.700000000000003
8	00000000000000000000000000000000000000000000000000000000000000000000000000000000000001000000000000000000000000000000000000000000000000100000000000000000000000000000000000000000000000000001000000000001000000000000100000000000000000000000	41364.200000000004	21.500000000000004
9	00000000000000000000000000010000000000000001000000000000000000000000010000000000001000000000000000000000000000000000000000000000000000000000000000000000000000000000000000000000000000000000010000000000000000000000000000100000000000000000	40788.2	22.4
10	00000000000000000000000000000000000000000000000000000000000000000000000000000000000000000000001000000000000000000010000000000000000000000000000000000000000000000000000000000000000000000000000000000000000000000000000000000000000000000000	23540.4	9.100000000000001
11	00010001000000000000000000000000000000000000000000000000000000000000000000000000000000000000000000000000000001000000000000000000000000000000000000000000000000000000000000000000000100000000000000000000000000000000000000000000000000010000	39318.4	23.1
12	00000000000000000000000000001000000000000000000000000000000000000000000100000000000000000000000000000000000010000000000000000000000000000000000000000000000000000000000000000000000000000000000000000000100000000000000000010000000000000000	31477.800000000003	22.5
13	00001000000001000000000000000000000000000000000000000000000000000000000000000000000000000000000000000000000000000000000000000000000000000000000000000000000100000000000000000000000000000000000000000000000000000000010000000000000000000000	37573.0	17.3
14	00000000000000000000000000000000000000000001000000001000000000000000000000000000100000000000000000000000000000000000000000000000000000000000000000000000000000000000000000000000010000000000000000001000000000000000000010000000000000000000	36264.6	27.000000000000004
15	00000100000000000000000000000000000000000000000000000000000000000000000000000000100000000000000000000000000000000000001000000000000000000000000000000000000000000000000000000000000000000000000100000000000000000000000010000000000000010000	40984.200000000004	27.5
16	00000000000000000000000000000000000000000000000000000010000001100000100000000000000000000000000000000000000000000000000000000000000000000000000000000000000000000000000000000000100000000001000000000000000000000000000000000000000000000000	43109.399999999994	26.6
17	00000000000000000000000000000000000000000000000000000000000000000000000000000000000000000000001000000000000000000000000000000000000000000000000010000000000000000000000000000000000000000000000000000000000000000000001000000100000000000000	39278.2	17.6
18	00000000000000000000000000000000000011000000100000000000000000000000000000000000000000000000000000000000000000000000000000000000000000000000000000000000000000000000000000000000000000000000000100000000000000000010000000000000000000010000	40286.4	27.200000000000003
19	00000000000000000000000000000000010000000000000000000000000000000000000000000000000010000000000000000100000000000000000000000000000000000000000000000000000000000000000000000000000000000000000000000000000000000000000000000000000000000001	37271.0	17.3
20	00010000000000000000000000000100000000000000000000000000000000000001000000000100000000000000000000000000000000000000000000000000000000000000000000000000000000000000000000000000000000000000000000000001000000000000010000000000000000000000	42380.799999999996	27.6
21	00000000000000000000000000000000000000000000000000000100000000000000000000000000001000000000000000000000000000000000000000000000000100000000000000000000000000000000000000000000000000010000000000000000000000000000000000000000000000000000	36029.2	13.6
22	00000000000000000000000000000000000000000000000000000000000000000010000000000000000000000001000000000000000000000000000000000000100000000000000000000000000000000000000000000000000000000000000000000000000000000000000000000000000000000000	29016.4	9.0
23	00000000000000010000000000000000000000000000000000000000000000000000000000000000000000000000000000000000000000000000000000000000000000000000000000000100000000000000000000000001000000000000000000000000001000000000000000000000010000000000	42126.8	22.4
24	00000000000000000000000000000000000000000000000000000000001000000000000000000000000000000000000000000000010000000000000000000000000000000000000000000000000000000000100000000000000000000000000000000000000000000000000000000000000000000000	36338.8	12.499999999999998
25	00000000000000000000000000000000000000000000000000000000000000000000000000000000000000000000000000000000000000000000000000000000000000000000000000000000000000000000001000000000000000000000000000000000000000000000000000010000000000000000	36109.0	8.6
26	00000000000000000001000000000000000000000000000000001000000000000000000000000000000000000000000010000000000000000000000000000000000000000000000000000000000000000000000000000000000000000100000000000000000010000000000000000000010000000000	39308.0	26.1
27	00000000000000000000000000000000000000000000000010000000000000000000000000000000000000000000000000000000000001000000000000000000000000000000000000000000000000100000000000000000000000000000000000000000000000000000000000000000000000000000	35403.2	13.0
28	00000000000000000000000000000000000000000000000000000000000000000000000000000100001000000000000000000000000000000000000000000000000000000000000100000000000000000000000000000000000000000000100000000000000000000000000000010000000000000000	37979.2	18.0
29	00000000000000000000000000000000000000000000000000000000000000000000000000000000000000000000001000000000000000000000000000000000000000000000000000000100000000000000000000000000000000000000000000000100000000001000000000000000000000000000	37479.0	17.9
30	00000000001000000000000010000000000000000000001000000000000000000000000001000000000000000000000000000000000000000000000000000000000000000000000000000000000000000000000000000000000010000000000000000000000000000000000000000001000000000000	43193.600000000006	27.700000000000003
31	00000000000000000000000000000000000000000000000001000000000000000000000100000000000000000000000000000000000000000000000000000000000000000000000000001000000000000000000000000000000000000000001000000000000000000000000001000000000000000000	41783.2	21.3
32	00000000000000000000000000000000000000000010000000000000000000000001000000000000000000000001000000000000000000000000000000000000000000000001000000000000000000000000000000000000000000000000000000000010000000000000000000000000000000000000	41883.8	17.6
33	00001000000000010000000000000000000000000000010000000000000000001000000000000000000000000000000000000000000000000000000000000000000000000000000000000000000000000000000000000000000000000010001000000000000000000000000000000000000000000000	41861.200000000004	27.200000000000003
34	00000000000000000000000000000000000000000000000000000000000000000000000000010000000000000100000100000000000000000000000000000000000000000000000000000000000000000000000000000000001000000000010000000000000000000000000000000000000000010000	41446.2	28.300000000000004
35	00000000000000000000000000000000000000000000010010000010000010000000000000000000000000000000000000000000000010000000000000000000000000000000000000000000000000000000000000000000000000000000000000000000000000000000000000000000000000000000	38862.399999999994	22.599999999999998
36	00001000010000000000000000000000000000000100000000000000000000000000001000000000000000001000000000000000000000000000000000000000000000000000000000000000000000000000000000000000000000000000000000000000000000000000000100000000000000000000	42544.8	26.9
37	00000000001000000000000000000000000000000000000000000000000000000000000001001000000000000100000000000000000000000000000000000000000000000000000000000000000000000000000000000000000000000000000000000000000000010000000000000001000000000000	42015.6	28.0
38	00000000000000000000000000000000000000010000000000000000000000000000000000000000000000000000000010001000000000000000000000000000000000000000000100000000000000000000000000000000000000000000000000000000000000000000000000000000000000000000	42360.399999999994	17.5
39	00000000000000000000000000000000000000000000000000000000000000000000000001000000000000000000000010000000000000000000000000000000000000000000000000000000001000000000000000000000010000000000000000000000000000000010000000000000000000000000	41176.0	22.0
40	00000000000000000000000000000000001001100000000000000000000000000000000000000000000000000000000000000000000010000000000000000000000000000000000000000000000000000000000000000000000000000000000000000000000000000001000000000000000100000000	41572.0	27.3
41	00000000100000000000000000000000000000000000000000000000000000000000000000000000000000000000000000000000000000000000000000000000000000000000000000100000000000000000000000000000000000000000000000010000001000000000000000000000000000000010	40242.8	22.299999999999997
42	00000000000000000000000000000000000000000000000010000000000000000000000001000000000000000000000100000000000000000000000000000000000000000000000001000000000000000000000000000000000000000000000000000000000000000000000000000000000000000010	41949.600000000006	22.299999999999997
43	00000000000000000000000000000000100000000000000000000000000000000000000000000000000001000000000000000000000000000000000000000000000000000000000000000000000000000000100000000000000000000000000001000000000000000000000000000000000000000000	39520.4	17.4
44	00000000000000000000000000000000000000011000000001000000000000000000000000100000000000000000000000000000000000000000000000000001000000000000000000000000000000000000000000000000000000000000000000000000000000000000000000000000000000000000	39881.4	22.1
45	00000000000000000000000000000000000000000000000000000000000000000000000000000000000000000000000000000000000000000000000000000000000000000000000000000000000000000000000000010000000000000000000000000000000000000000000000000000000000000000	33641.4	4.4
46	00000000000000000000000000000000000001000000000000000000000000000000001000000000001000000000000001000000000000000000000000000000000000000000000000000000000000000000000000000000000000000000000000000000000000000000000000000000000000100000	35253.6	13.6
47	00000000000000000000000000000000000000000000000000000000000000000000000000000000000000000000000000100000000000000000000000000000000000000000001000000000000000000000000000000000000000000000000000001000000000000000000001000000000000000000	40110.2	18.2
48	00000000000000000000000000000000000000000000000000000000000110000000000000000000000000000000000000000000000000000000000000000000000000000000000000100000000000000000000000000000000000000000100000000000000000000000000000000000000000000001	40802.4	21.7
49	00000000000000000000000000000000000000000000000000000000000000000000000110000001000000000000000000000000000000000000000000000000000000000000000100000000000000000000000000000000010000000000000000000000000000000000000000000000000000000000	39860.399999999994	22.0
50	00000000000000000000000000000000000000000000000000000000000000000000000000000000000000000000000000100000000000000000000000000000000000000000000000000000100000000000000000000000000000000000000000001000000000001000000000000001000000000000	41148.0	22.4
51	01001010000000000000000000000000000000000000000000000000000000000000000000000000000000000000000000000000000000000000000000000000000000000000000000000000000000000000000000000000000000000000000000000000101000000000000000000000000000010000	38626.8	27.799999999999997
52	00000000000000000000000000000011000000000000000000010000000010000010000000000000000000000000000000000000000000000000000000000000000000000000000000000000000000000000000000000000000000000000000000000000000000000000000000000000000000000000	40224.0	22.999999999999996
53	10000000000000000000000000000000000000000000000000000000000000000000000000000000000000000000000000010000000000000000000000000000000000000000000000000000000000000000000000000000000001000000010000000010000000000000000000000000010000000000	39326.4	26.799999999999997
54	00000000000000000000000000000000000000000000000000000000000000000000000100000000000000000000000000000000000000000000000000010000000000000000000000000000000000000000000000000000000000000010000000000000010000000000000000000000000001000000	40639.0	21.8
55	00000000000000000000000000001000000000000000000000000000000100000000000000000000000000000000000000000000010000000000000000000000000000000000100000000000000000000000000000000000000000000000000000000000000000000000000000000000000000000000	41464.0	18.2
56	00000000100000000000000000000000000000000000000000000000000000000000000000000000000000000000000000000010000000000000000000000000000000010000000000000000000000000000000000000000000000000000000000000000000000000000010000000000000000000000	42650.6	17.700000000000003
57	00000000000000000000000000000000000000000000000000000000000000001000000000000000000000000000000000000000000000000000000000000000000000000000000000000000000000000000000000000100000000000000000000000000000000000000000000000000000000000000	40520.0	8.6
58	00000000000000000000000000000000100000000000000000000000000000000000000000000000000000000000000000000000000000000000000000000000000000000000000000000000000000000000000000000000010000000000000000000000000000000000000000000000000000000000	15189.599999999999	8.5
59	00000001000000000000000010000000000000000000000001000000000000000000000001000000000000000000000000000000000000000000000000000000000000000000000000000000000000010000000000000000000000000000000000000000000000000000000000000000000000000000	43036.6	22.6
60	00000010000001000000000000000000000000000000000000000000000000000000000000000000000000000000000000000000000000000000010000000000000000000000000000001000000000000000000000000000000000000000000000000000000000000000000000000000000000000000	42715.600000000006	16.299999999999997
61	00000000000000011100000000000000010000000000000000000000000000000000000000000000000000000000000000000000000000000000000000000000000000000000000000000000000000000000000000000000000001000000000000000000000000000000000000000000000000000000	43045.6	23.3
62	00000010000000000000000000000000000000000000000000000000000000000000000000000000000000000000000000000000000000000000000000000001000000000000000000001000000000000000000000000000000000100000000000000000000000000000000000000000000000000000	42644.2	17.7
63	00000000000000000000000000000000000000000000000000000000000000000000000000000000000000000000000000000000000000000000000000000000000000000000000000000000000000000000000000000100000000000000000000000000000000000000000000000000000000000000	35041.4	4.5
64	00000000100000000000000000000000000000000000000000000000000000000000000000000000000000000000000000000000000000000000000000000000000000010000000000000000000000000000000000000000000000000000000000000000000000000000000100000000000000000000	28058.8	13.700000000000001
65	00000000000000000000000000000000000000000000000000000000000000000000000100000000000000000000001000000000010000000000000000000000000000000000000000000000000000000000000000000000010000000000000000000000000000000000000000000000000000010000	40053.8	22.5
66	00000000000000000000000000000000000000000000000000000000000000000000000000000000001000000000000000000000000000010000000000000000000001000000000000000000000000000000000000000000000010000000000000000000000000000000000000000000000000000000	41706.4	13.0
67	00000000000000000000000000000000000000000000000000000000000000000100000000000000000000000000000000000000000000000010000000000000000000000000000000000000000000000000100000000000000000000000000000000000000000000000000000000000000000000000	38099.8	12.1
68	00100000000000000000000000000000000000000000000001000000000000000000000000100000000000000000000000000000000000000000000000000000000000000000000000000000000000000000000000000000000000000000000000010000000000000000000001000000001000000000	42819.99999999999	26.1
69	00000000001000000000000000000000000000000000000000000000000000000000010000000000000100000000000000000000000000000000000000000000000000000000000000000000000000000000000000000000100000000000000001001000000000000000000000000000000000000000	40691.600000000006	27.9
70	00000000000000000000000000000000000000000000000000000000000000000000000000000000000000100001000000000000000000000000000000000000000000000000000000000000100000000000000000000000000000010000000000000000000000000000000000000000000000000000	37289.6	12.0
71	00000000000000000000000000000000000000001000000000000000000000000000000000000000000000010000000000010000000000000000000000000000000000000000000000000000000000000000000000000000000100000000000000000000000000000000000000000000000000001000	38699.4	20.299999999999997
72	00000000000000000000000000000000000000000000000010000000000000000000000000000000000001000000000000000000000000000000000000000000000000000010000000001000000000000000000000000000000000000000000000000000000000000000000000000000000000000000	41386.6	17.1
73	00000000000000000000000000000101000000000000000000000000000000000000000000000000000100000000000000000000000000000000000000000000000000000000000000000000000000000000000000000000000001000000000000000000000000000000000010001000000000000000	43068.200000000004	27.9
74	00000000000000000000000000000000001000001000000000000000000000000010000010000001000000000000000000000000000000000000000000000000000000000000000000000000000000000000000000000000000000000000000100000000000000000000000000000000000000000000	42105.2	27.5
75	00000000000000000000000000000000000000000001000000000000100000000000000000000000000000000000000000000000000000000000000000000000000001000000000000000000000000000000000000000000000000000000101000000000000000000000000000000000000000000000	41578.2	22.2
76	00000000000000000000000000000000000000000100000000000000000000000000000000000000000000000000000000000000000000000000000000000000000000000000000100000000001000000000000000000000000000000000000000000000000000000000000000000000000000000000	38122.8	12.9
77	00000000000000000000000000000000000000000000000000000000000000000000000000000000000000000000000000000000000100000000000000000000000000000000000000000100000000000000000000000000000000001000000000000000010000000000000000000000000000000000	39598.2	17.2
78	00000000000000000000000000000000000000000010001100000000000000000001010000000000000000000000000000000000000000000000000000000000000000000000000000000000000000000000000000000000000000000000000000000000000000000000000000000000000000000000	40093.6	22.6
79	00010000000000000000000000000000000000000000000000000101000000000000000000000000000000000100000000000000000000000000000000000000000000000000000000000000000000000000000000000000000000100000000000000000000000000000000000000000000000000000	37343.8	23.200000000000003
80	00000000000000000000000000000000000000000000000000010000000000100000000000000000001010000000000000000000000000000000000000000000000000000000000000000000000000000000000000000000000100000000000000000000000000000000100000000000000000000000	41493.6	22.0
81	00000000000000000000000000000000001000100000000010000000000000000000000000000000000000000000000000000000000000000000000000000100000000000000000000000000000000000000000000000000000000000010000000000000000000000000000000000000000000000000	38387.0	22.200000000000003
82	00000010000000000000000000000000000000000000000000000000000000000100000000000000000000000000000000000000000000000000000000000010000000000000000000000000000000000000000000000000000000001000000000000000000010000000000000000000000000000000	41187.6	20.6
83	00000000000000000010000000000000000000000000000000000000000001000000000000000000000000100000000000000000000000000000000000000000000000000000000000000000000000000000000000000000010000000000000000000000000000000000000000000001000000000100	42477.799999999996	25.6
84	00000000000000000000000100000000000000000000000000000000000000000000000000000000100000001000000000000000000000000000000000000000000000000000000000000000000000000000000000000000000000000000000000000000000000000100000000000000000000000001	39455.6	21.400000000000002
85	00000000000001000000000000000000000000000000010000000000000000000000000000000000010100000000000000000000000000000000000000000000000000000000000000000000000000000000000000000000000000000000000100000000000000000000000000000000001000000000	41661.6	27.3
86	00000000000000000000000000000000000000000000000000000000000000000000000000001000000000000000000000000000000000000000000000000000000001000000000000001000000000000000000000000000000000000000000000000000000000000000001000000001000000000000	40779.200000000004	21.9
87	00000000000000000000000000000000000000000000000000000000000000000000000000000000000000000000000000000000000000000000000000000000010000000000000000000000001000000000000000000000000000000000000000000000000000000000000000000000000001000000	37274.2	12.8
88	00000000000000000000000000000000000000000000000000010000000000000000000000000000000000000000000000000000000001000000000000000001000000000000000000000000000000000000000000000000000000000000000000000000000000000000000000000000000000000000	36196.4	13.7
89	00000000000000000001000000000000000000000000000001000000000000000100000000000100000000000000000000000000000000000000000000000000000000000000000000000000000000000000000000000000000000000000000010010000000000000000000000000000000000000000	39316.00000000001	25.499999999999996
90	00000000000000000000000000000000000000000000000000000000000000000000000000000000000000000000000000000000000000000000000000000000000000000000000000000000000000000000000000000010000000000000000000000000000000000000000000000000000000000000	33892.4	4.3
91	00000000000000000000000000000000000000000000000000000000000000100000000000000000000001000000000000000010000000000000000000000000000000000000000000000000000000000000000000000000001000000000000000100000000000000000000000000000000000000000	41788.200000000004	22.299999999999997
92	00000010000000000000000000000000000000000000000000000000000000000000000000000000000000010000000000000000000000000000000000000000100000000000000000000000000000000000000000000000000000000000000000000000000000000000000000000000000000000000	28739.0	11.8
93	00000000000000000000000000001000000000000000000000000000000000000000000000000000000000000000000000000000000000001000000000000000000000000000000000000100000000000000000000000000000000000000000000000000010000000000000000000000000000000000	41548.2	17.0
94	00000000000000000000000000000000000000000000000000000000000000000000000000000000000000000000000001000000000000000000000000000000000000000000000000000000000010000000000000000000000000010000001010000000000000000000000000000000000000000000	42249.4	17.1
95	00000000000000000000000000000000000000000000000000000000000010000000000000000000000000000000000100000000000000000000000000000000000000000000000000000000000000000000000000000000000000000001010000000000000100000000000000001000000000000000	42662.0	27.0
96	00010000000000000000000000000000000000000000000010000100000000000000000000010000000100000000000000000000000000000000000000000000000000000000000000000000000000000000000000000000000000000000000000000000000000000000000000001000000000000000	41842.4	28.0
97	00000000000000000000000000000000000000000000000000000000000000000000000000000000000000010000000000000000000000000000000000000000000000000000001000000000000000000000000000000000000000000000001000000000000000000000000000000000000000000000	30866.399999999998	12.3
98	00000000000000100000000000000000001000000000000000000000000000000000000000000001000000000010000000000000000000000000000000000000000000000000000000000000000000000000000000000000000000000000000000000000110000000000000000000000000010000000	41735.8	31.099999999999998
99	00000000000000000000000000000000010000000000000010000000000000000000000000000000000000000000000000000000000000000000000000000000000000000000000000000000000000000000000000000000000000000000000000000000001000010000000100000000000010010000	43139.200000000004	32.199999999999996
