SOLUCIONES FIN 

0	0000000000000000000000000000010000000000000000010000000001000000000000000000000000000000000001000000000100000000000000000000000000000000000000000000000000000000000000000000000000000000000000000000000000000000001000000000000000000000000	41653.0	27.4
1	0000000000000000001000000000000000000000000000000000000000000000000000000000000000000000000000000000000000000000000000000000000000000000000010000000000000000000000000000000000010000000000000001000000000000100000000000000000000000000000	41851.600000000006	22.4
2	0000000000000000010000000000100100000000000000000000000000000100000000000000000000000000000000000000000000000000000000000000000000000000000000000000000000000000000000000000000000000001000000100000000000000000000000000000000000001000000	38615.399999999994	32.1
3	0000000000000000001000000001000100000000000000000000000000000000000000000000000000000000000000000000000000000000000000001000000000000000000000000000000000000000000000000000000000000000100000000000000000000000010000000000000000000000000	38762.4	26.200000000000003
4	0000000000000000000000000000000000000000000000000000000000000000000010000000000000000000000000001000000000000000000000000000000000000000000000000000000000000100000000000000000000100000000001000000000000000000000000000000000000000000000	40897.6	22.0
5	0000000000000000000000000000000000000000000000000000000000000000001000000000000000100000000000000001000000000000000000000000000000000000000000000000000000000000000000000000000000000000000000000000010000100010000000000000000000000000000	42247.799999999996	22.6
6	0000000000000000000000000000000000000100000000000000000000000000000000000000000000000000000000000000000000000000001000000000000000000000000000000000000000000001000000000000000000001000000000000000000000000000000000000000000000000000000	35227.2	18.0
7	0000000000000000000000000000000000000000000000000000000000000000000000000000000000000000000000000000000000000000010000000000000000000000000000000000000000100000000000000000000000000000000000010000000000000000000000000000000000000000001	35333.6	16.8
8	0000000000000000000000000000000000000000000100000000000000000000010000000000000010000000000000000000100000000000000000000000000000000000000000000000000000000100000000000000000000000000000000000000000000000000000000000000000000000000000	42750.0	20.6
9	0000000000000000000000000000000000000000000000000000000000000000000000000000000000100000000000000000000000000000000000000000000000010000000000000000000000000000000000000000000000000000000000000000000000000000000000000000000000000000000	26307.800000000003	4.3
10	0000000000000000000000000000000000000000000000100000000000000000001000000000001000100000000000000000000000000000000000000000000000000001000000000000000000000000000000000000000000000000000000000000000000000000000000000000000000000000000	38755.2	17.799999999999997
11	0000000000000000000000000000000000000000000000000000000000000000000000000000000000000000000000000100000000000000000000000000000000000000000000000000000100000000000000000000001000000000000000000000000000100000000000000000000000100000000	33776.2	17.799999999999997
12	0000000000000000000000000000000000000000000000000000000000000000100000000000000000000000000000000000000000000000000000000001000000000000000000000000000000000000000000000000000000000000000000000000100000000000000000000000000000000100000	30778.200000000004	17.2
13	0000000000000000000000000000000000000000000000000000000000000000000000000000000000100000000000000001000000000000000000000000000000000000000000000100000000000000000000000000001000000000000000000000000100000000000001000000000000000000000	42874.4	21.6
14	0000000000000000000000000000000000000000000000000000000000000000000000000000000000000000000000000000000000000000000000000000000000000000000000000000000000000000000010000000000000000000000000000000000000000000000000000000000000000000000	32956.4	4.5
15	0000000000000000000001100000000000000000000000000000000000000000000000000000000000000010000001100000000000000000000000000000000000000000000000000000000000000000000000000000000001000000000000010000000000000000000000000000000000000000000	38921.2	31.4
16	0000000000000010000000000000000000000000000000000000000000000000000000000000000000000000000000010010000000000000000000000000000000000000000000000000000000000000000000000000000001000000000000000000000000000000000001000000100000000000100	40851.2	30.799999999999997
17	0000000000000000100000000000000001001000000000000001000000000000000000000000000000000000000000000000000000000000000000000000000000000000000000000000000000000000000000000000001000000010000000001000000000000000000000000000000000000000000	41971.6	31.099999999999994
18	0000000100000000000000000000000000000000000000000000000000000000000000000100000000000000000000000010000000000000000000000000000000000000010000000000000000000000000000000000000000000000000000000000000000000000000000000000000000000000000	38033.0	17.9
19	0000000000000000000000000000000000000000000000010000000000000000000000000000000000000000000000000000000000000000000000000000000000000000000000001000000000000000010000000000000000000001000000000000000000000000000100000000000000000000000	39286.4	22.0
20	0010000100000000000000000000000000000000000000000000000000000011000000000100000000000000000000000000000000000000000000000000000000000000000000000000000000000000000000000000000010000000000000000000000000000000000000000000000000000000000	41017.0	27.6
21	0000000100000000000010000000000000000000000010000000000000000000000010000000000000000000000000000000000000000000000000000000000000000100000000000000000000000000000000000000000000000000000000000000000000000000000000000000000000000000010	41032.4	27.299999999999997
22	0000000000100000000000000000000000000010001000000000000000000000000101000000000000000000000000000000000000000000000000000000000000000000000000000000000000000000000000000000000000000000000000000000000000000000100000000000000000000000000	41344.0	27.1
23	0000000000000000000000000000000000000000000000000000000000000000000000000000000000000000000010100000000000000000000000000000000000000000000000000000000000000000000000000000000000001000001000100000000000000000001001000000000000100000000	42084.6	35.99999999999999
24	0000000000000000000000000000000000000000000000000000000000000000000000000000000000000000000000000000000000000000000000000000000000000000000100000000000001000000000000000000000010000000000000000000000000000010010000000000000000000000000	42267.0	21.1
25	0000000000000000000000000000000000000000000000000000000000000000001000000000000000000000000000000000000000000000000000000000000000000000000000000000000000000000000010000000000000000000000000000000000000000000000000000000000000000000000	38075.6	9.2
26	0000000000000000000000000000000000000000000000000000000000000000100000000000000000000000000000000000000000000000000000000001000000000000000000000000000000000000001000000000000000000000000000000000000000000000000000000000000000000000000	35445.0	12.1
27	0000000000000000000000000000000000000000000000000000000000000100000000000000000000000000000000100000000000000000000000000100000000000000000000000000000000000000000000000000000010000000000000000000000000000000000000000001000000000001000	39478.2	26.900000000000006
28	0000000000000000000000000000000000000000000000000010000000000000000000000000000000000000000000000000000000000000000000000000000000000000000000000000000000000000000000010000000000000000000000000000000000000000000000000000000000000000000	40977.8	8.6
29	0000000000100000000000000010000000000000000000000000000000000000000000000000000000000000000000000000000000000000000000000000000000000000000000001000000000000000000000000000000000000000000000010000000000000000100000000000010000000000000	41685.799999999996	27.1
30	0000000000000000000000000000000000000001000000100000000000000000000001000000000000000000000000000000000000000000000000000000000000000000000000000000000000000000000000000000000000000000010000000000000000000000000000000000000010100000010	39393.200000000004	31.5
31	0000000000000000000000000000000000000000000000000000000000000100000000000000000100000000000000000000000000000000100000000000000000000000000000000000000000000010000000000000000000000000000000000000000000000000000000000000000000000000000	41743.200000000004	17.1
32	0000000000001000000000010000000000000000000000000000000000000000010000000000000000000000100000000000000000000010000000000000000000000000000000000000000000000000000000000000001000000000000000000000000000000000000000000000000000000000000	42774.200000000004	26.0
33	0010000000000000000000000000000000000000000000000000000000000000000000000000000000010000000000000000000000000000000000000100000000000000000000000100000000000000000000000000000000000000000000000000000000000000000000000000000000000000000	40708.4	17.7
34	0001000000000000000000000010000100000000000000000001000000000000000000000000000000000000000000000000000000000000000000000000000000000000000000000000000000000000000000000000001000000001000000000000000000000000000000000001000000000010000	40990.600000000006	36.900000000000006
35	0000000000000000000000000000000000000000000000000000000000000000010000000000000000000000000000000000000000000000000000000000000000000000000000000000000000000000000000000000000010000000000000000000000000000000000000000000000010000000000	13602.800000000001	12.7
36	0000000000000010000000000000000000000000000000000000000000000000000000000000000000000000000000000000000000000000000000000000000000000000000000000010000000000000000000000000000000000000100001100000000000000000001000000000000000000000000	40326.200000000004	26.6
37	0000000000000000000000000000000000000000000000000000000000000001000000000000000001000001000000000000000000000000000000000000000000000000000000000010000000000000000000000000000000000000000001000000000000000000000000000000000000000000000	40933.4	20.799999999999997
38	0000000000000000000000000000000000000000000000000000000000000100000000000000000000000100000000000000000000000000000000000000000000000000000000000000000001000000010000000000000000000000000000000000000000000000000000000000000010000000000	41893.00000000001	21.8
39	0000000000000000000000000000000000000000000000000000000000000000000000000000000000000000000000000000000000001000000000000000000000010000000000000000000000000000000000000000000000000000000000000000000000010000000000001000000000000000000	40397.0	17.9
40	0000000000000000000000000000000000000000000000000000000001000000000000000000000000000000000000000000000000000000100000000000000000000000000000000000000000000000000000000000000000000000001000000000000000000000000000000000000000100000000	34757.4	17.799999999999997
41	0000000000000000000100000000000000000000000000000000000000001000100000000000000000000000000000000000000000000000000000000000000000000000000000000000000000000000000000000000000000000000000001000000000000000000000000001001000000000000100	41484.799999999996	31.299999999999997
42	0000000000000000000000000000000000000000000000110000000000000000000000000000000000000000000000000000000000000000000000000000000000000000000000000000000100000000000000000000000000000000000100000000000000000100000000100000000000000000000	41443.4	26.299999999999997
43	0000000000000000000000000000000000000000000000001000000000000000000000000001000000000000000000000000100000000000000000000000000000000000000000000000000000000000000000000000000000000000100000000000000000000010000000000000000000000000010	39250.2	27.1
44	0000000000000000000000000000000000000000000010000000000000001000010000000001000000000000000000000000000000000000000000000000000000000000000000000000000000000000000000000000000000000000010000000000000000000000000000000000000110000000010	41322.4	36.0
45	0000000000000000000000010000000000100000000000000000000000000000011000000000000000000000000000010000000000000000000000000000000000000000000000000000000000000000000000000000000000000000000000010100000000000000000000000000000000000000000	35025.0	31.5
46	0000000000000000000000000000000000000000000000001000000000000000000000000000000000100000000000000000000000000000000000000000100000000000100000000000000000000000000000000000000000000000000000000000000000000000000000000000000000000000000	42473.4	13.0
47	0000000000000000001000000000000000000000000000000000000000000000000000000000000000100000000000000000000000000000000000000000000000000000000000000000000000000000000000000000000000000000100000001000001000000000000000000000100000000000000	36367.0	21.5
48	0010000000000000000000000000000000000100000000000000000000000000000000000000000000000000000000000000000000000000000000000000000000000000000000000000000000010000000100000000000000000000000000000000000000000000000000000000000000000000000	43042.399999999994	16.8
49	0000000000000000000000000000000000100000000010000000000000000000000000000000000000001000000000000000000000000000000000000001000000000000000000000000000000000000000000000000000000000000000000000000000000000000000000000000000010000000100	42996.4	26.5
50	0000000000000000000000000000000001000000000000000000000000000000000000000000000000000000000000000000000000000000000000000000000000000000010000000000000000000000000100000000000000000000000000000000000000000000000000000000000000000000000	39133.0	12.3
51	0000001000000000000000000000000000000000000000000000000000000000000000000000000000000000000000000000000000000000000000000000000000000000000000000000000000100000000000000000000010000000000000000100000000000000000000000000000000000000000	29102.8	17.5
52	0000000000000000000001000000100000000000000000000010000001000000001000000000000000000000000000000000000000000000000000000000000000000000000000000000000000000000000000000000000000000000000000000000100000000100000000000000000000000000000	42640.4	32.4
53	0000000000000000000000000000000000000000010000000000000000000000000000000000000000000000001000000000000000000000000000000000000010000000000000000000000100000000000000000000000000000000000000000000000000000000000000000000000000000000000	39608.600000000006	17.8
54	0000000000000000000000000000001000000000000000000000000000000000000000000000000000000000001000000000000000000000000000000000000000000000001000000000000000000000000000000000000000000010000000000000000000000010000000000000000100000000000	39693.399999999994	27.0
55	0000000000000000000000000000000000000000000000000000000000000000000000001000000000000000000000000000000000000000000000000000001000000000000000000000000000000000000000000000000000000010000000000000000000001000000100000000000000000000000	34569.2	21.6
56	0000001000000000000000000000000000000000000000000000000000000100000000000000000000000000000000000000000000000000000000000000000000000000000000000000000000000000010000000000000000000000000000000000000001000000000000000000110000000000000	41640.799999999996	26.0
57	0000000000000000000010000000000000000001000000000000001000000001000000000000000000000000000000000000000000000000000000000000000000000000000000000000000000000000000000000000000000000000000100000000000000000000000000000000000000000000010	36828.0	26.699999999999996
58	0000000000000000000000000000000000000000000000000000000000000000000000000000000000000000000000000000000000010000000000000000000000000000000000100000000000000000000000000000000000000000000000100000000000000000000100000000000000100000000	40826.0	22.2
59	0000010000000000000000000010000000000000000000000000000000000000000000000000000000000000000000000000000000000000000000000000000000000000000000000000000000000000000000000000000000100100000000000000000000100000000001000000000000100000000	41375.0	31.7
60	0000000000000000000000000000000000000000000000000000000000000000000000000000000000000000000000000000000000000100000000000000000000100000000000000000000000000000000000000000000000000000000000000000000000000000000000000000000000000000100	40945.2	12.799999999999999
61	0000001000100000000000000000010000000000000000000000000000000001000000000000000000000000000000000000000000000000000000000000000000000000000000000000000000000000000000000000000100100000000000000000000001000000000000000000000000000000000	42656.2	31.5
62	0000010001000010000010000000000000000000000000000000100010000000000000000000000000000000000000000000000000000000000000000000000000000000000000000000000000000000000000000000000000000000000000000000000000000000000000000000000000000000000	41386.399999999994	27.4
63	0000000000000000000000000000000000000000000000001000000000000001000000000000000000000000001000000000000000000000000000000000000000000010000000000000000000000000000000000000000000000000000000000000000000000000000100000000000000000000000	40833.2	21.9
64	0000000000000000000000000000000000000000000000000000000000000000000000000000000000000000000000000000000000000000001000000000010000000000000000000001000000000000000000000000000000000000000000000000000000000000000000000000000000000000000	36972.6	12.9
65	0000000000000000000000000000000000000000000000100000000000000000000000000000000000000000000000000000000000000000000000000000000000000000000000000000000000000000000000000000000100000000000000001000000000000000000000000000000000010010001	38042.200000000004	26.2
66	0000000000000000000000000000000000000000000000000000000000000000000000000000000000000000000000000000000000000000000000000001000000000000000010000000000000000000000000000000000000000000000000000000000000000000000000000000000000010000010	41999.0	17.4
67	0000000000000000000000000000000100000000000000000000000000000000000000000000000001000000100000000000000000000000000000000000000000000000000001000000000000000000000000000000000000000000100000100000000000000000000000000000000000000000000	38390.0	26.7
68	0000000100000000000000000000000100010000000000000000000000000000000000000100001000000000000000000000000000000000000000000000000000000000000000000000000000000000000000000000000000000000100000000000000000000000000000001000000000000000000	42515.4	32.1
69	0000000000000000000000000000000000000010000000000000000000000000000000000000000000000100000000000000000000000000000000000000000000000000000001000000000000000000000000000000000000000000000000000000000000001000000000000000010000000000000	40370.0	22.0
70	0000000000000000000001000000000000000000100000000000000000000000000000000001000000010000000000000000000000000000000000000000000000000000000000000000000000000000000000000000000000000000100000000010000010000000000000000000000000000000000	41716.4	32.300000000000004
71	0000000000000100000000000000000000000000000000000000000000000000000000000000000000000000000000000000100000000000000000000000000000000000000000000000000010000000000000000000000000000000000000000000000000000000000000000000000000000000010	34146.6	17.5
72	0000000100000000000000000000000000000000000000000000000000000000000001000000000000000000000000000000000000000000000000000000001000000000000000000000000000000000000000000000000000000000000000000000000000000000000100000000001100000000000	42830.0	27.0
73	0000000000000000000000000000000000000000100000000000000000000000100000000000000000000000010000000000000000000000000000000000000000000000000000000000000000000000000000000000001000001000000000000000000000000000000000000000000010000000010	39055.4	31.9
74	0000000000000000000000000000000000000001000000000000000000000000000000000000000000000000010000000000000000000000000000000000000000000000000000000000000000000000000000000000000000000000000000000000000100000000000000010000011000000000000	39183.0	27.2
75	0000000000000000000000000000010000000000000000000000010000000000000000000000010000000000010000000000000000000000000000000000000000000000000000000000000000000000000000000000000000000000000000000000001000100000000000000000000000000000000	40186.200000000004	27.6
76	0000000000000001000000000000000000000001000000000000000000000000000000000000000000000010000000000000000000000000000000000000000000000000000000000000100000000000000000000000000000000000000100000000000000000000000000000000000000000000000	38459.0	20.800000000000004
77	0000000000000000100000000000000000000000000000000000000000000000000000000000100000010000010000000000000000000000000000000000000000000000000000000000000000000000000000000000000100000000000000000000000000000000000000001000000000000000010	41144.399999999994	32.199999999999996
78	0000000000000000000000000000000000000000000100000000000000000000000000000000000000000000000000000000000000000000000100000000000000000000000000000010000000000000000000000000000000100000100000000000000000000000000000000000000000000000000	41104.40000000001	20.6
79	0000000100000000001000000000000000000000000000000000000000000000000000000000000000000000000000000000000000010000000000000000000000000000000000000000000000000000000000000000000000000000000000000000000010000000000100000000000000000000000	38491.4	23.0
80	0000000000000000010000010000000010000000000000000000000000000000000000000000000000000000000000000000000000000000000000000000000000000000000000000000000000000000000000000000000000000000000000000000000000000000000010000010000001000000000	38507.6	26.799999999999997
81	1000000100000000000000000000000000000000000000000000000000000010000010000000000000000000001000000000000000000000000000000000000000000000000000000000000000000000000000000000000000000000000000000100000000000000000000000000000000000000000	40462.200000000004	27.7
82	0000000010000000000000000000000000000000000100000000000000000000010000000000000000000000000000000000000000000000000000000000000000000000000000000000000000000001000000000000000000000000000000000000000000000000000000100000100000000000000	39978.8	25.7
83	0000000000000000000000001100000000000000000000000000000000000000000000000000000000000000000000000000100000000000000000000000000000000000000000000000000000001000000000000000000000000000000000000000000000000000000000000000000000000000000	37242.399999999994	18.1
84	0100000000100000000000000000000000000100000000000000000000000000000000000000000000000000000000000000000000000000000000000000000000000000000000000000000000000000000000000000000000000000100000000100000000000000100100000000000000000000000	42292.6	31.700000000000003
85	0000000000000000000000000000000000000000000000000000000000000000000000000000000000000000000000000000000000100000000000000000000000000000100000000000000000000000000000000000000000000000000000000000000000000000000000000000000000000000000	27039.0	8.4
86	0000000000000000000000000000000000000000000000000000000000000000000000000000000000000000000000000000000000000000000000000000000000000000000000000000000000000000000000001000000000000000010000000000000000000000000000000000000000000000000	37857.0	8.9
87	0000000000000000000000000010000000000000000000000000000000000000010000000000000000000000000000000000000000000000000000000000000000000000000000000000000100000000000000000000000000010000000000100000000000001000100000000000000000000000000	42852.200000000004	30.0
88	0100000000000000000000000000000000000000001000000000000000000000000000000000000000000001000000000000000000000000000000000000000000000000000000000000000000000000000000000000000000000001000000000001001000000000000000000000000000000000000	35731.0	25.2
89	0000000000000000000000000000000000000000000000000000000000000000000000000000000000000000000000000000000000000000000000000100100010000000000000000000000000000000000000000000000000000000000000000000000000000000000000000000000000010000000	43084.6	17.7
90	0000000000000000000000000000000000000000000000000000000000000000000000000000000000000000000100000100000001000000000000000000000100000000000000000000000000000000000000000000000000000000000000000000000000000000000100000000000000000000000	42868.0	13.799999999999999
91	0000000110000000000000000000000000000000000000000000000000000000000000000000000000000000000000000000000000000000000000000000000001000000000000000000000000000000000000000000000000000000000000000000010000000000010000000000000000000000010	39703.6	27.299999999999997
92	0000000000000000000000000000000000010000000000000000000000000000000000000000000000000000000000000000000000000000000000000000000000000001000000000000000000000000000000000000000000000000001000000000000000000000000100000000100000000010000	43097.40000000001	26.599999999999998
93	0000000000000000000000000000000000000000000000000000000000000000000000000000000000000000000000000000000000000000000000000000010000100000000000000000000000000000000000000000000000010000000010000000000001000000000000000000000000000000000	42926.2	21.7
94	0000000000000000000000000000000000000000000000000001000000000000000000000000000000000000000000000010000000000000000000000000000000000000000000000000000000000000000000000000000000000000000000010000000101000000000010000000000000000010000	41614.4	30.4
95	0000000000000000000000100000000000000001000000000000000000000000000000000000000000000000000000000000000000000000000000000010000000000000000000000000000000000000000000000000000000000000000000000000000000000010000000000000100000000000000	38840.2	22.0
96	0100000000000010010000000000000000000000000000000000000000000000000000001000000000000000000000000000000000000000000000000000000000000000000000000000000000000000000000000000001000000000000000000000000000000000000000000001000000010000000	38961.200000000004	31.900000000000002
97	0000000000000000000000000000000000000000000000000000000000000000000000000000000000100000000000000000000000000000000000000000000000000000000000000100000000000000000000000000000000000000000000000000001000000010000000001000000000000000000	36550.399999999994	17.4
98	0000000000000000000000000000000000000000000000000000000000000010000000000000000000000000000100000000000000000000000000000000000000001000000000000000000000000000000000000000000000000000000000000000010000000000000000000001000000000001000	38753.2	22.700000000000003
99	1000001000000000000000000000000000100000000000000000000100000000000000000000000000000001000000000000000000000000000000000000000000000000000000000000000000000000000000000000000100000010000000000000000000000000000000000000000000000000000	41380.600000000006	30.4
