SOLUCIONES FIN 

0	0000000001000000000000000000000000000000000000000000000000000000000000000000000000000000000000000000000000000000000000000000000000000000000000000000000001000000000000000000000000000000000000000001000000010000000000000010000010000000010	36866.2	30.299999999999997
1	0000000000000000000000000001000000000000000000000000000000000000100000000000001000000000000000000000000000000000000000000000000000001000000000000000000000000000000000000000000000000000010000001000000000000000000000000000000000000000000	38022.6	27.099999999999998
2	0000000000000000000000000000000000000000000000000000000000000000000000000000000001000000010000000000000000000000100000000000000000000000100000000000000000000000000000000000000000000000000000000000000000000000000000000000000000000000000	33697.200000000004	12.899999999999999
3	0000000000000000000100000000000000000000000000000000000000000000000000000000000100000000001000000000000000001000000000000000000000000000000000000000000000000000000000000000000000000000000000000000000000000000000000000000000000000000000	42567.2	17.799999999999997
4	0000000000000000000000000000000100000000000000000000000000000000000010000000000000000000000000000000000000000000000000000000000010000000000000000000000100000000000000000000000000000000000000000000000000000000000000000000000000000000000	40050.2	17.1
5	0000000000000000000000000000000000000000000000001000000000000000000000000000000000000000000100000100000000000000000000000000000000000000000000000000000000000000000000000000000000000000000000000001000010000000000000000001000000000010000	37032.6	31.0
6	0000000000000000000000000000000000100000000000000000000000000000000000000000000000000000000000000000000000000000000000000000000010000000000000000000100000000000000000000000000000000000000000000000000000000000000000000000000000000000000	29476.2	13.3
7	0000000000000000000000000000000010000000000000000000000000100000000000010000000000000000000000000000000000000000000000000000000000010000000000000000000000000000000000000000000000000000000000000001000000000000000000000000000010000000000	37971.600000000006	26.299999999999997
8	0000000000000000000001000000000000000001000000000000000000010000000000000000000000000100000000000000000000000000000000000000000000000000000000000000000000000000000000000000000000000011000000000000100000001000000000000000000000000000000	42091.8	35.2
9	0000000000000000000000000000100000000000000000000000000000000001000000000000100000000000000100000000000000000000000000000000000000000000000000000000000000000000000000000000000000010000000010000000000000000000000000000000000001000000100	41447.4	36.1
10	0001000000100000000000000000000000000000000000000000000000000000010000000000000000000000000000010010000000000000000000000000000000000000000000000000000000000000000000000000000000000010000000000000000000000001000000000000000000000000000	40793.600000000006	27.099999999999994
11	0000000000000000000000000000000000000000000000000000000000000000000000000000000000000000000000000000000000000000000000000000010000010000000000000000000000000000000000000000000000000000000000000010000000000000000000000000100000000000000	40626.0	17.4
12	0000000000000000000000000000010000000000000000000000010000000000000010000000000000000000000000000000000000000000000000000000000000000000000000000000000000000000000000000000000000000000000000000000000000000000000000000000000000000000000	15532.8	13.6
13	0000000000000000000000000000000000000000000000000000000000000000000000000000000000000000000000000000000000000000000000000000000000001000000000000000000000000100000000000000000000000000000000000000000000000000000000000000000000000000001	32806.4	12.5
14	0001000100000000000000000000000000000000000000000000000000000000000001000000000000000000000000000000000000000000000000000000000000000000000000000000000000000000000000000000000000001000000000000000000000000100000000000000000011000000010	38146.0	36.1
15	0000000001000000000000000000010001000000000000000000000000000000000000000000000000000000000000001000000000000000000000000000000000000000000000000000000000000000000000000000000000000000000000010001100000000000000001000000000000000010000	40055.799999999996	40.800000000000004
16	0000000100000000000000000000000000000000000000000000000000010000000000000000000000000000000000000010001000000000000000000000000000000000000000000000000000000000000000000000000000000000000000000000000000000010000000000000000010000000000	39225.200000000004	27.0
17	0000000000000000000000000000000000000000000000000000000000000000000000000000000000000000000000000000000000000000000000000000000000000000000000000000000000000000000000010000000000000000000000000000000000000000000000000000000000000000000	36004.4	4.4
18	0001000000000010000000000000001000000000000010000000000000000000000000000000000000000000000010000000000000000000000000000000000000000000000000000001000000000000000000000000000000000000000000000000000000000000000000000000000000000000000	42600.0	27.1
19	0000000000000000000000010000000000010000000000000000000000010000000000100000000000000000001000000000000000000000000000000000000000000000000000000000000000000000000000000000000111000000000000000000000000000000000000000000000001000000000	40191.0	40.4
20	0000100000000000000000000000000000000000000001000000000000000000001000000010000001000000000000000000000000000000000000000000000000000000000000000000000000000000000000000000000000000000000000000000000000001000000000000101000000000000000	42598.2	36.8
21	0000000000000000000000000000000000000000000000000000000000000000000000000000000000000000000000000000000000000000000000000000000000000000000000000000000000000000000000000000010000100000000000000000000000000000000000000000000000000000000	38467.2	8.8
22	0001000001000000000000000000001010000000000000000000000000000000000000000000000000000000000000000000000000000000000000000000000000000000000000000000000000000000000000000000000000000010000000000000001000000000000100000000000011000000000	42056.600000000006	39.9
23	0000000000000000000000001000100000000000000000000000000000000000000000000000000000000000000000100000010000000000000100000000000000000000000000000000000000000000000000000000000000100000000000000000000000000000000000000000000000000000000	43085.0	26.1
24	0000000000000000000010000000000000000000000000000000010000000000000000000000000000000000000000000000000000000000000000000000000000000000000000000000000000001000000000000000000000000000000000000000000000000000000000000000000000000001000	33614.799999999996	17.3
25	0000000000000100000000000000000000000000000000000000000000000000000000100000000000000000100000010000000000000000000000000000000000000000000000100000000000000000000000000000000100000000000000000000000000000000000000000000000000000000000	39277.399999999994	22.2
26	0000000000000000000000000000000000000000000000000000000100000000000000000000000000000000000110000000010000000000000000000000000000000000000000000000000000000000000000000000000000000000000000000000000000000000000000000000000000000000100	33974.6	22.799999999999997
27	0000000000000010000000000000000000001000000000000000000000000000010000000000000000000001000000000000000100000000000000000000000000000000000000000000000000000000000000000000000000000000000000000100010000000000000000000000000000000000000	38383.399999999994	31.499999999999996
28	0000000000000000000000000000000000000010000000000000000000000000000000000000000000000000000000000000000000000000000000000000000000000000000000000000000000000000000000000000010000000000000000000000000000000000000000000000000000000000000	38088.8	8.8
29	0000100000010000000000000000000000000000000000000000100000000000000100000000000000010000000000000000000000000000000000000000000000000000000000000000000000000000000000000000000000001000000001000000000000000000000000010000000000000000000	38969.799999999996	35.8
30	0000000001000000000000000000000000100000000000000000000100000000000000000010000100000001000000000000000000000000000000000000000000000000000000000000000000000000000000000000000000000000000100100000000000000000000000000000000000010000000	40142.200000000004	41.80000000000001
31	0000000000000000000000000000000000000000000000000000000000000000000000000000000000000000000000000000000000000000000000000000000000000000000010000000000000000001000000000000000000000000000000000000100000000000001000000000000000000000000	38525.8	18.5
32	0000000000000000000000000000000000000000000000001000000000000000000000000000000000000100000000000000000000000000000000000000100000000000000100000000000000000000000000000000000000000000000000000000000000000000010000000000000000000000000	43099.4	19.7
33	0000010000100000000000000000000000000000000000000000000000000000000001000000000000000000000000000000000100000000000000000000000000000000000000000000000000000000000000000000000000000000000000001100000000000000000100000000000000000000000	40466.6	31.3
34	0000000000000000000000100000000000000000000000000000000000000000000000001000000000000000000000000000000000000000000000000000000000000000000000000000000000000000000000000000000000000000000000000000000000000000001000000011000000110000000	33415.2	31.799999999999997
35	0000000000000000000000000000000000000010000000000000000100001000000000000000000000000000000000000000000000000000000000000000000000000000000000100000000010000000000000000000000000000000000000000000000000000000000000000000000000000000000	39895.2	21.6
36	0000000000000000000000000000000000000000000000000000000000000000001000000000000001000000000000000000000000000000000000000000000000000000100000000000000000000000000000000000000000000000000000000000000000000100000000000000000100000100000	41646.0	26.699999999999996
37	0000000000000000000000000000000000000000000000100000000000000000000000000000110000000000000000000000000000000000000000000000000000000000000000000000000000100000000000000000000000000000000000000000000000010000000000000000000000100100000	40671.399999999994	30.5
38	0000000000000000000000000000000000000000000000000000001000000000000000000000000000000000000000000000000000000000000000000001000000000000000010000000000000000000000000000000000000000000000000000000000000000000000000000000000000000000000	38745.8	13.0
39	0000010000000000000000000000000000000000000000000000000000000000000000001000000000000000010000000000000000000000000001000000000000000000000000000000000000000000000000000000000000010000000000000000000000000000100000000000000000000000000	39874.6	22.4
40	0000000000000000000000000000000000000000001000000000000000010000000000000000000000000000011000010000000000000000000000000000000000000000000000000000000000000000000000000000000000000000000000000000100000000000000010000000000010000000000	36251.200000000004	26.799999999999997
41	0000000000000000000001000000000000000000000000000000000000000000000000000100000001000000000000000000000000000000000000000000000000000000100000000000000000000000000000000000000000000000000000000100000000000000001000000000000000000000000	39978.6	26.300000000000004
42	0000000000000000000000000000000000000100000001000000000000000100000000000000000000000000000000000000000000000000000000000000000000000000000000000000000000000000000000000000000100000000000000000000000001000000000000000000010000001000000	41148.200000000004	31.599999999999998
43	0000000000000000000000000000000100001000000000000000000000000000000000000000000000000000000000001000000000000000000000000000000000000000001000000000000000000000000000000000000000000000000000000000010000001000000000000000000000000000000	39755.6	26.4
44	0001000001001100000000000000000001000000000000000000000000000000000010000000000000000000000000000000000000000000000000000000000000000000000000000000000000000000000000000000000000001000000000000000000000000000000000000000001000000000000	41464.6	36.5
45	0000000000000100000000000000000000000000000000000000000000000000000010000000000000000000000001000000000000000000000000000000000000000000001000000000000000000000000000000000000000000000000000000000000000000000000000000000000000000000001	37555.4	21.8
46	0000100000000000000000000000110000001010000000000000000000000000000000000000000000000000000000000000000000000000000000000000000000000000000000000000000000000000000000000000000000000000000000000000010100001000000010000000000000000000000	42731.8	40.599999999999994
47	0000000000000000000000000000000000000001000000000000000000000000000000000000000000000000000000000000000000000010000000000000000000000000000001000000000000000000000000000000000000000010000000000000000000000000000000000000000000000000000	32869.0	17.5
48	0000000000000000000000000000000000000000000001000000000001000010000000000000000100001000000000000000000000000000000000000000000000000000000000000000000000000000000000000000000000000000000001000000000000000000000000000000000000000000000	34564.200000000004	27.4
49	0000000000000000100000000000000000000000000000000000000000000000000000000000000000000000000000000000000000000000000000000000000000000010000000000000010000000000000000000000001000000000000000000000000000000000000000000000000000000000000	37955.8	17.5
50	0000000000000000000000000010000000000000000100000000000000000001000001000000000000000000000000000000000000000000000000000000000000000000000000000000000000000000000000000000000000000000000000000000100000000000000000001100000000000000000	35795.6	31.1
51	0000000000000000000000000000000000000000000000000000000000000000000000100000000000000000000000000000100000000000000000000000000000000000000000010000000000000000000000000000000000010000000001000000000000000000000000000000000000000000000	39003.6	21.799999999999997
52	0000000000010000000000000000000000000000000000000000000100001000000000000000001000000000000000000000000000000000000100000000000000000000000000000000000000000000000000000000000000000000000000000000000000100000000010000000000000000000000	41617.6	30.4
53	0000000000000000000000000000000000000000001000000000000000000000000000000000000000000000000000000000000000000000000000000000000000000000000000000000000000000000000000100000000000000000000000000000000000000000000000000000000001000000000	41537.0	12.899999999999999
54	0000000000000000000000000000000000000000100000000100000000000010000000000000000000000000000000000000000000000000000000000000000000000000000000000000000000000000000000000000000000000100000000000000000000000000000000000000000001000010000	40923.99999999999	26.6
55	0100000000000000000000000000000000000000000000000000000000000000100000000000000000100001000000000000000000000000000000000000000001000000000000000000000000000000000000000000000000000000000000000000000000000000000000000000000000000000000	34403.2	18.2
56	0000000000100100000000000000000000000000000000000010000000001000000000000000000000000000000000000000000000100000000000000000000000000000000000000000000000000000000000000000000000000000000100000000000000000000000000000000000000000000000	37751.0	27.4
57	0001000000000000000000000000000000000000000000000000000010000000000000000000000000000000000000000000000000000000000000000000000000000000000000000000000000000000000000000000000000101001000000010000001000000000000000000000000001000000000	41217.0	36.0
58	0000000000000000000000000001000100000000000000000000000000000000000000000100000000000000000000000000000000000000000000000000000000000000000000000000000100000000000000000000000000000000000010000000000000000000000000000000000000000000000	38873.4	21.6
59	0000000000000000000000000000000000000000000000000000000000000000000000000000000000000000000000000000000000000000000000000000000000000010000010000000000000000000000000000000000000000000000000000000000000000000000000000000000000000000000	31245.6	8.6
60	0000000000000000000000000000000000000000000000000000000000000000000000000000000000000000000000000000000000000100000000000000000000000000000000000000010000000000000000000000000000000000000010000000000000000000100000000000000000000000000	40385.600000000006	17.7
61	0000000000000000000000000000000000000000000000000000000000000000000000000000000000000000000000000100000000000000000000000000000000000000000000010000000000000000000000000000000000000000000000000000000000000000000000000000000000000000000	20748.4	8.3
62	0000000001000000000000000100000000000000000000000000000000000000000000000000000000000000000001000000000000000000000000000000000000000100000000000000000000000000000000000000000000000000000000000100000000000000000000000000000000000000000	34312.2	22.700000000000003
63	0000000000000000000000000000000000000000000100000000000000000000000000000001000000000000000000000001000000000000000000000100000000000000000000000000000000000000000000000000000000000000000000000000000000000000000000000000000000000000000	39503.0	17.3
64	0010000000000000000000000000000000000000100010000000000000000000000000000000000000000000000000000000000000000000000000000000000000000000000000000010000000000000000000000000000000000000000000000000010000000000000000000000000000000000000	31343.199999999997	22.3
65	0000000000000000001000000000000000100000000000000000000100000000000000000010000100000000000000000000000000000000000000000000000000000000000000000000000000000000000000000000000000000000000001000000000000000000110000010000000000000000000	41580.4	40.900000000000006
66	0000000000000000000000010000000000000000000100000000000100000000000000001000000000000000000000000000000000000000000000000000000000000001000000000000000000000000000000000000001000000000000000000000010000000000000000000000000000000000000	42391.4	31.000000000000004
67	0000000000000000000100000010000000000000000000000000000000000000000000000000000000000000000000000000010000000000000000000000000000000000000000000000000001000000000000000000000000000000000000000000000010000000000000000000000000000000000	39715.2	21.4
68	0000000000000000000000000000000000001000000000000000000000000000000000000000000000000000000000000100000000000000000000000000000000001001000000000000000000000000000000000000000010000000000000000000000000000000000000000000000000000000000	42709.4	21.5
69	0000000000000000000000000000000000000000000000000001000000000000000000000000000000000000000100000000000000000010001000000000000000000000000000000000000000000000000000000000000000000000000000000000000000100000000000000000000000000000000	42951.6	22.2
70	0000000000000000000000000010000000000000000000000000000000000000000000100000000000000000000000000001000000000000010000000000000000000000000000000000000000000000000000000000000000000000000100000000000000000000000000000000000000000000000	38382.6	22.0
71	0000000000000000000000000001000000000000000000000000000000000000000000000000000000000000000000000000000000000000000000000000001000000000000001000000000000010000000000000000000000000000000000000000000000000000000000000000000000000000000	40172.600000000006	17.7
72	0000000000000000000000100000000000000000100000000000000000000000001000000000000000000000000000000000000000000000000000000000000000000000000100000000000000000000000000000000000000010000000000000000000000000000000000000000000000000000000	40255.6	22.0
73	0000000000001000000000000000000000000000000000000000000000000100000000000000000000000000000000000000000000000000000000000000000100000000001000000000000000000000000000000000000000000000000000000000000000000000000010000000000000000000000	42533.8	22.0
74	0000000000000000000000000000000000000100000000100000000100000000000100000000100000000000000000000000000000000000000000000000000000000000000000000000000000000000000000000000000000000000000000000000000000000000000010100000000000000000000	38180.4	30.799999999999997
75	0000000000000000000000000000000000000010000000000000000000000100000000000000000000000000000000000000000000000000000000000000000000000000000000000000000000000000000000000000000010000000000100000000000000000100101000010000000010000000000	38867.0	40.300000000000004
76	0000000000000000000000000000000000000000000000000000001000000100000000000000001000000000100000000000000000000000000000000000000000001000000000000000000000000000000000000000000000000000000000000100000000000000000000000000000000000000000	42005.0	26.5
77	0000000000000100000000000000000000010000000000000000000000001000000000100000000000001000000000000000001000000000000000000000000000000000000000000000000000000000000000000000000000000000000000000010000000000000000000000000000000000000000	39354.6	31.099999999999998
78	0000000100000000000000000000000000000000000100000001000000000000000000000000000000000000000000000000000000000000000000000000000000000000000000000000000000000000000000000000000000000001000000000000000000000100000000000011000000000000000	42008.6	31.6
79	1000000000000000000000000000000001000000000100000000000000001000000000010000000000000000000000000000000000000000000000000000000000000000000000000000000000000000000000000000000000000000000001000001000000000000000000000010000000000000000	42924.6	36.3
80	1000000000000000000000000000010000000100000000000000000000000000000000000000000000000000000000000000000000000000000000000000000000000000000000000000000000000000000000000000001000000000000000000000000100000000000000000001001010000000010	42219.4	41.199999999999996
81	0000000000000000000000000000100000000000000000000000000001000000000000010000100000000000000000000000000000000000000000000000000000000000000000000000000000000000000000000000000001000000000100000000000000000000100100000000000001000000000	41099.8	40.39999999999999
82	0000000000100000000000010000000000000000000000000000000000000000000010000000000000000000000000000000000000000000000000000000000000000000000000001000000000000000000000000000000000000000100000000010000000000000100000000100000000000000000	42865.200000000004	35.8
83	0000000000000000000000000000000000000000000000000000000000000000000000000000001000000000000000000000000000000000100000000000000000000000000000000000001000000000000000000000000000000000000001000000000000000000000000000000000000000000000	36573.4	18.2
84	0000000000000000000000000000000000000000000000000000000000000000000000000000000000000000000000000000000000000000000000000000001000000000000010000000000000000001000000000000000000000000000000000000000000000000000000000000000000000000000	42798.2	13.5
85	0000000000000000000000000000000000000000100000000000000000000000000000000000000000000000000000000000000000000000000000000000000000000000000000000000000000010000100000000000000000100000000000000000000000000001000000000100000000000000000	43160.0	27.0
86	0000000000000000000000000000000000000000000000000000000000000000000000000000000000000000000000000000000000000000000000000000000000000000000000000000000000000000000001000000000000000000000000000000000000000000000000000000000000000000010	40515.799999999996	8.7
87	0000000000000000000000000000000000000000000000000000000000000000000000000010000000100000000000000000000000000000000000000000000000000000000100000000000000000000000000000000000000000000000000000000000000000000000000000000000000000000000	27368.199999999997	8.8
88	0000000000010000000000000000000000010000000000000000000000000000000000000000000000000000000000000000000000000000000000000000000000000000000000000000000000000000000000000000000000001000001010001000110000010000000000000000000000100000000	42770.6	44.7
89	0000000000000000000000100000000000000000000000000000000000000000000001000000000000000000000000000000000000000010000000000000000000000000000000000010000000000000000000000000000000000000000000000000000000000000000000000000000000000000000	38282.399999999994	17.3
90	0000000000000000000000000000000010000000000000000000000000000000000000000000000000000000000000001000000000000000000110000000000000000000000000000000000000000000000000000000000000000000000000000000000000000000000000000000000000000000000	36295.4	16.9
91	0001000000000000000000000000001010000000000000000000000000000000000000000000000001010000001000000000000000000000000000000000000000000000000000000000000000000000000000000000000000000000000000001000000001000000000000000000000000000000000	42242.2	36.4
92	0000010000000000000000000000000000000000000000000000000000000000000000000000000000000000000000000000000000000000000000000100000000000000000000000000000000000000000000000000000000000000000000000001000000000000001000100000000000000000001	40257.2	26.499999999999996
93	0000000000000000000010000000000000000000000000000000000000000000000000000000000000000000000000000000000000000000000000000000000000000010000000000000000000000000000000000000000000000100000000000000000000000000000010001000000000000000000	43069.0	21.8
94	0000000000000000000000000000000001000000000000000100000000000000000000000000000000000000000000000000000000000000000000000000000000000000000000001000000000000000000000000000000000000000000000000000000000000000010000000000000000000000000	38492.2	17.5
95	0000000000000000000100000000000000000000000000000000000000000000000000000000000000100000000000001000000000000000000000000000000000000000000000000000000000000000000000000000000000000000000000001000000000000000000000000000100000000000000	36356.6	18.200000000000003
96	0000000000000000100000000000000000100000001000000000000000100000000000000010000000010000000000000000000000000000000000100000000000000000000000000000000000000000000000000000000000000000000000000000000000000000000000000000000000000000000	42234.2	31.5
97	0000000000100000010000000000000000000000000000000000000000000000000000000000000000000000000000000000000000000000000000000000000000000000000000000000000000101000000000000000000000000000000000000000000000000000000000000000000000000000000	39699.399999999994	17.099999999999998
98	0000000000000000000000000000000000000010000000000000010000000000000010000000000000000000000000000000000000000000000001000000000000000000000000000000000000000000000000000000000000100001000000000000000000000000000000000000000000000000000	40244.59999999999	27.0
99	0000000000000100000000000000000000000000000000000000000000000000000000000000100000000000001000000010000000000000000000000000000000000000000000000000000000000000000000000000000000000000000000000000000000000000001000000000000000010000000	35269.8	26.7
