SOLUCIONES FIN 

0	00000000000000000000010000000000000001000000000000000000000000000000000000000000000000000000000000000001000000000000000000000000000000000000000000000000000000000000000000000000000000000000000000100000000000000000010100000000000000000000	42918.6	26.4
1	00000000000000000000000000000000000000000000000000010000000000000000000010000000000001000000000000000000000000000000000000000000000000000001000000000000000000000000000000000000000000000000000000000000000000000000000000000000000000000000	36960.8	17.700000000000003
2	00000000000000000000000000100000000000000000000000000000000000000000000000000000000000100000000000000000000000000000010000000000000000000000000000000000000000000000000000000000000010000000000000000000000000000000000000000000000000000000	38233.799999999996	15.700000000000001
3	00000000000000000000000000000000000000000001000100000100000000000000000001010000000000000000000000000000000000000000000000000000000000000000000000000000000000000000000000000000000000000000000000010000000000000000000000000000000100000000	42423.200000000004	32.0
4	00000000000000000000000000000000000000000000000000000000000000000000000000000000000010000000000000000000000000000000000000000000000000000010000000000000000000000000000000000000010000000000000000000000000000000000000001000000000000100000	39115.6	22.299999999999997
5	00000000000000000000000000000000000000000000000000000000000000000000000000100000000000000000000000000000000000000000000000000000000000000000000000010000000000000000000000000000000010100000000000000000000000000000000000000000000000000000	38622.799999999996	17.3
6	00000000000000000000000000000000000000000000000100000000000000000000000000000001000000000000000000000000000000000000000000000000000000000000000001000000000000000000000000000000000000000000000000000000000000000000000000000000000000000100	32090.6	17.4
7	00000000100000000001000000000001000000000000000000000000000000000000000000000000000000000000000000100000000000000000000000000000000000000000000000000000000000000000000000000000000000010000000000000001000000000000000000000000000010000000	42908.8	31.299999999999997
8	00000000000000000001000000000000000000000000000000000000000000000000000000000000000000000000000000000000000000000000000000000000000000000000000000000000001000000000000000000000010000000000000000000000000100000000000000000001000000000000	38949.8	22.0
9	00000000000000000000000000000000000000000000000000000000000000000000000000000000000000000000000000000000000000000000000000000000000000000000000000000000000000000000000000000010000000000000000000000001000000000000000000000000000000000000	40048.4	8.7
10	00000001000000000000000000000000000000000000000000000000000010000000000000000000000000000100000000000000000000000000000000000000000000000000000000001000000000000000000000000000000000000000000000000000000000001000000000000000001000000000	41869.4	26.9
11	00001010000000000000000000000000000000000000000000000000000000000000000010000000000000000000000000000000000000000000000000000000000000000000000000000000000000000000000000000000000000000000000100000000000000000100000000000000000000000000	37218.4	22.5
12	00000010000000000000000000000000000000000000000000000000000000000000000000000000000000000010000000000000000100000010000000000000000000000000000000000000000000000000000000000000000000000000000000000000000000000000000000000000000000000000	40345.0	17.5
13	10000000000000000000000000000000000000000000000000000000000000000000000000000000000000000000000000010000000000000000000000000000000000000000000000000000000000000000000000000000000000000000000000000000000000100000000000000001000000000000	36482.6	17.7
14	00000000000000000000000000000000000000000000000000000000000000000000000000000000000001000000000000000000000000000000000000000000000000000000000000000000000000000000000000000010000000000000000000000000000000000000000000000000000000000000	43012.4	9.0
15	00000000000000000000000000000000000000000001000000000000000000000000000000000000000000000000000000000000000000100000000000000000000000000000000000000000000000000000000000000000000000000000000000000000000000000000000000000000000000100000	38011.0	13.5
16	00000000000000000000000000000000000000000000000000000000000000000000000000000000000000000000000000000000000000000000000000000000000000000000000000000000000000000000000100000000000000010000000000000000000000000000000000000000000000000000	41466.0	8.7
17	00000000000000000100000000000000000000000000000000000000000101000000000000000000000000000000000000000000000000000000000000000000000000000000000000000000000000000000000000000000000000000000000000000000000000000000000000000100010000000001	43139.0	26.700000000000003
18	00000000000000000000000000000010000000000000000000000000000000000000000000100000000000000000000000000000000000000000000000000000000000000000000001000000000000000100000000000000000000000000000000000000000000000000000000000000000000000000	42723.0	17.4
19	00000000000010000000000000000000000000000000000000001000000000000000000000000000000000000000000000000000000000000000000000000000000100000000000000000000000000000000000000000000000000000000000000000000010000000000000000000000000000000000	34786.600000000006	18.1
20	00000000000000000000000000000000000000000000000000000000000000010000000000000000000000000000000010000000000000000000000000000100000000000000000000000000000000000000000000000000000000000000000000000000000000000000000000000010000000000000	37194.4	17.4
21	00000000000000000000000000000000000000000000000000000000000000000000000000000000000000000000000000000000000000000000000000000000000000000000000000000000000000000000000000010000000000000000000000000000000000000000000000000000001000000000	39156.0	8.8
22	00000000000001000000000000000000000000010000000000000000000000000000001000000000000100000000000000000000000000000000000000000000000000000000000000000000000000000000000000000001100000000000000000000000000000000000000000010000000000000000	42533.6	32.099999999999994
23	00000000000000000000000000000000000001000000000001000000000000000000000000000000000000000000000000000000000000000000000000000000001000000000000010000000000000000000000000000000000000000000000000000000000000000000000000000000000000000000	43022.0	17.200000000000003
24	00000000000000000000000000000000000000010000000000000100010000000000000000000000000001000000000000000000000000000000000000000000000000000000000000000000000000000000000000000000000000000000000000100000000010000000000000000000000000000000	40582.200000000004	27.5
25	00000000000100000011000000000000000000000000000000000000000000000000000000000000000000000000000000000010000000000000000000000000000000000000000000000000000000000000000000000000000000000000000000000000000000000000000000000000000000000000	39606.0	17.9
26	00000000000000000100000000000000000000010000000000000001000000010000000000000010000000000000000000000000000000000000000000000000000000000000000000000000000000000000000000000000000000000000000000000000000010000000000000000000000000000000	38769.8	27.2
27	00000000000000001000000000000001000000000100000000000000000000000000001001000000000000000000000000000000000000000000000000000000000000000000000000000000000000000000000000000000000000000000000000000000000100000000000000000000000000000000	39299.399999999994	27.4
28	00000010000000000000000000000000000000000000000001000000000000000000000000000000000000010000000000000000000000000010000000000000000000000000000000000000000000000000000000000000000000000000000100000000000000000000000000000000000000000000	42437.799999999996	20.299999999999997
29	00000000000000000000000000000000000000000000000000000000000000000000000000000000000000000000000000000000001000000000100000000000000000000000000000000000000000000000000000000000000000000000000010000010000000000000000000000000000000000000	42119.8	18.599999999999998
30	00000000000000000000000000000000000000000000000000000000000000000100000010000000000000000000000000000000000100000000000000000000000000000000000000000000000000000000000000000000000000000000000000000000000000000000000000000000000000000000	28078.0	12.200000000000001
31	00000000000000000000000010000000000000000000000000000000000000000100000000000000000000000000010010000000000000000000000000000000000000000000000000000000000000000000000000000000000000000000000000000000000000000000000000000000000000000001	38291.4	21.2
32	01000000000000000000000000010000000000000000000000000000010000000000000001010000000000000000000000000000000000000000000000000000000000000000000000000000000000000000000000000000000000000000000000000000000000000000000000000000000000100000	41559.8	28.6
33	00000000000000000000000000000000000000000000000000000000000000000000000000000000000000000000000000000000000000000000000000000000000000000000000000000001000000000000000000000000000000110000100000000000000000000000000000000000000000000000	37738.0	17.8
34	01000000010000000000000000000000000000000000000000000000000000000001000000000000000000000000000000000000000000000000000000000000000000000000000000000000000000000000000000000000000000000000000000000000000000000000000000000000000000000000	22146.8	14.1
35	00000000000000000000000000000000000000000000000000000000000000000000000000000000000000000000000000000000000000000000000000000100000000000000000000000000000000001000000000000000000000000000000000000000000000001000000000000000000000000000	33330.6	12.8
36	00001000000000000000000100000001010000000000000000000000000000000000000001000000000000000000000000000000000000000000000000000000000000000000000000000000000000000000000000000000000000000000000000000000000000000000000000000000000100000000	42205.399999999994	27.0
37	00000000000000000000000000000000000000000000000000000000000000000001000000000000000000000001000000000000000000000000000100000000000000000000000000000000000000100000000000000000000000000000000000000000000000000000000000000000000000000000	41272.6	12.9
38	00000000000000000000000000000001000000000000000000000000000000000000000000000000000000000000000000000000000000000000000000100000000000000000000000000000000000000000000000000000000000000000110000000100000000000000000000000000000000000000	37758.6	22.6
39	00000000000000000000000000000000000000000100100000000000000000000000000000000000000000000000000000000000000000000000000000000000000000000000000000000000000000000000000000000001000000000000000000000001000000001000000000000010000000000000	42032.8	26.6
40	00000000000000000100000000000000010000000000000000000100000000000000000000000001000000000000000000000000000000000000000000000000000000000000000000000000000000000000000000000000000000000000000000100000000001000000000000000000000100000000	42620.8	30.899999999999995
41	00000000000000000000000000000000000000000000000000000000000000000000000000000000000000000000000000000000000000000000000000000001000000000000000100000000000000000000000000000000000000000000000000000000000000000000000000000000001000000000	30383.0	13.3
42	00000000000000000000000000000000000000000000000000000000000000010000010000000000000000000000000000000000000000000000000000000000000000000000000000000100000000000000000000000000000000000000000010000000000001000000000000000000000000000000	38745.6	21.9
43	00000000000000000000000000000100000000000000000000000000000010000000000000000000100000000000000001000000000000000000000000000000000000000000000000000000000000000000000000000000000000000000000000000000000100100000000000000000000000000000	39660.6	22.5
44	00010000000000000000000000000000000000000000000000000000000100000000000000000100010000000000000000000000000000000000000000000000000000000000000000000000000000000000000000000000000000000010000001000000000000000000000000000000000000000000	40562.0	27.5
45	10000000000100000000000000100000000000000000000000000000000000000001000000000000000000000000000000000000000000000000000000000000000000000000000000000000000000000000000000000000000000000000000001000000000000000000000000000000000000000000	37227.0	23.199999999999996
46	00000000000000010000000000000000000000000000000000000000000000000000000000000000001000000000000000000000000000000000000000000000000000000000000000000000001000000000000000000000000000000000000000000000000000000000000000000000000000000000	32774.4	8.7
47	00000000000000000000000001000100000000000000000000000000000001000000000000000000000000000000000000000000000000000000000000000000000000000000000000000010000000000000000000000000000000000000000000000000000000000000000000000000000000000000	37748.8	17.900000000000002
48	00000000000000000000000000000000000000100000000000000000000000000001000000000000000000000000100000000000000000000000000000000000000000000000000000000000000000000000000000000000100000000100001000000000000000000000000000000000000000000000	38373.4	27.1
49	00000000000000000000000000000000000000000000000000000000000000000000000000000000000001000000000000000000000000000000000010000000000000001000000000000000000000000000000000000000000000000000000000000000000000000000000000000000000000000010	43161.799999999996	17.1
50	00000000000000000000000000000000000000000000000000000000000000000000000010000000000000000000000001000000000000000000000000000000000000000000010000000000000000000000000000000000000000000000000000000000000000001000100000000000000000000000	42646.4	17.0
51	00000000100000000000000000000000000000000000000000000000000000000000000000000000000000010000000000000000000000000000000000000000000000000000000000000000000000000000100000000000000000000000000000000000000000000000000000000000000000000001	36720.4	15.7
52	00000000000000000000000000000000000000000000000000000000000000000000100000000000000000000000100000000000000000001000000000000000000000000000000000000000000000000000000000000000000000001000000000000000000000000000000000100000000000000000	42589.6	22.1
53	00000000000000000000000000000000000000000010000000000000000000000000000000000000000000000001000000000000000010000000000000000000000000000000000000000000000000000000000000000000000000000000000000000000000000000000010000000000000000001000	40113.200000000004	17.0
54	00000000000000001000010000000000000000000000000000000000000000000000000000000000001000010000000000000000000000000000000000000000000000000000000000000000000000000000000000000000010000000000000000000000000000000000000000000000000000000000	38527.0	16.5
55	00000000000000000000000000000000000000000000000000000000000000000000101000000000000000000000000000000000000000000000000000000000000000000000010000000000000000000000000000000000000000000000000000000000000000000000000000000000001010000000	38876.200000000004	21.400000000000002
56	00000000000000000000000000000000010000000000000000000000000000000000000000100000000000000000000000000000000000000000000000000000000000000000000000000000000000000000000000000000010000000000000000001010000000000000010000000000000000010000	38207.4	30.1
57	00000000000000000000000000000000000000000000000000000000000000000000000000000000000000000000000000000000000000000000000000000000000000000000000000000001000000000000000000000000010000000000000000000000100100010000000000000000000000000000	40380.600000000006	22.4
58	00000000000000000000000000000000000000000000000010000000000000000000000000000000000000000000000000000000000000000000000000000000000010000000000000000000000010000000000000000000000000000000000000000000000000000000000010000000000000000000	42309.200000000004	17.200000000000003
59	00000100000100000100000000000000000000000000000010000000000000000000000000000000000000000000000000000000000000000000000000000000000000000000000000000000000000000000000000000000000000000000000000000000000000000000000001000000000010000000	40740.6	27.6
60	00000000001000000010000000000000000000000000000000000000000000000000100000001000000000000000000000100000000000000000000000000000000000000000000000000000000000000000000000000000000010000000000000000000000000000000000000000000000000000000	42738.0	26.700000000000003
61	00000000000010000000000000000000000000000000000000000000000000001000000000000000000000000000100000000000000000000000000000010000000000000000000000000000000000000000000000000000000000000000000000000000000001000000000000000000000000000000	40990.2	21.200000000000003
62	00000000000000000000000000000000000000000000000000000000000000000000000000000100000000010000000000000000000000000000000000000100000000000000000000000000000000000000000000000000000000000000000000000000000000000000001010000000000000000000	41821.8	20.800000000000004
63	00000000000000000000010000000000000100000000000000000000000000000000000000000000000000000000000000000000000000000000000000000000000000000000000000000000000000000000000000000000000010000000000000000000000001000000000000000000010000000001	43103.0	26.1
64	00000000000000000000000000010001000000000000000100100000000000000000000000000000000001000000000000000000000000000000000000000000000000000000000000000000000000000000000000000000000000000000000000000000000000000000000010000000000000000000	41696.8	27.4
65	00000000010000000000000000000000000010000000000000000000000000000000000000000000000000000100000000000000000000000000000000000000000000000000000000000000000000000010000000000000000010000000000000000000000000000000000000000000000000000000	43154.799999999996	22.799999999999997
66	00010000000000000000000000000000000000000000000000000010000000010000000000000000000000000000000000000000000000000000000000000000000000000000000000000000000000000000000000000000010000000100000000000000000100000000000010000000000000000000	42203.4	31.300000000000004
67	00000000000000000000000000000000000000000000000000000000000010000000010000000000000000000100000000000000000000000000010000000000000000000000000000000000000000000000000000000000010000000000000000000000000000000000000000000000000000000000	39945.600000000006	21.5
68	00000000000000000000000000000000000000000000000000000000000000000000000000000000000000000000000000001000000000000000000000000000000000010000000000000100000000000000000000000000000000000000000000000000000000000000000000000000000000000000	40729.8	12.6
69	00000000000000000000000000000000000000000000000000000000000000000000000000000000000000000000000000000000000000000000000000000000000000000000000000000000000000000000000000001000000000000000000000000000000000000000000000000000000000000000	35666.0	4.4
70	00000000000001000000000000100000000000000000000000000000000000000000000000000000000000000000000000000000000000000000000000000000000000000000000000000000000000000000000000000000110000000000000010000000000000000000000000001000000101000000	42808.99999999999	36.2
71	00000000000000000000000000000000000000000000000000100000000000000000000000000000000000000000000000000000000000000000000000000000000000000000000000000000000000000000000000000000000000000000000000000000000000000001000001000000101010000000	31877.4	26.999999999999996
72	00000000000100000000000000000000000101000000000000001000000000000000000000000000100000000000000000000000000000000000000000000000000000000000000000000000000000000000000000000000000000000000000000000000000000000000000000000000000000000000	39765.799999999996	22.400000000000002
73	00000000000000000001000000000000000000000000010000000001000000000010000000000000000000000000000000000000000000000000000000000000000000000000000000000000000000000000000000000000000001000000000000000000001000000000000000000000000000000000	38919.8	27.5
74	01000000000001000000000000000000000000000000000010000000000000000000000000000000000000000000000000000000000000000000000000000000000000000000000000000000000000000000000000000000000000000010000000000100000000000000000000000000010000000000	40066.2	27.7
75	00000000000000000000000000000000000000000000000000100100000000000000000000000000100100000000000010000000000000000000000000000000000000000000000000000000000000000000000000000000000000000000000000000000000000000000000000100000000000000000	42003.399999999994	26.8
76	00000000000000000000000000000000000000000000000000000000000000000000000000010000001000000000000000000000000000000000000000000000000000000000000000000000000000000000000000000000000000001000000000000000000000000000000000000000000001011000	39717.4	22.700000000000003
77	00000000000000000000000000000000000001000000000001000000000000000010000000000000000000000000000000000000000000000000000000000000000000000000000000000000000000100000000000000000000000000000000000000000000000000000000000000000001000000000	38262.799999999996	21.6
78	00000000000000000000000001000000000000001000000000000000000000000000000000000000000000000000000000000000000000000000000000000000000000000000000000000000000010000000000000000000000000000000000000000000000000000000000000100000000000000000	41738.600000000006	17.3
79	00000000000000000000000000100010000000000000000000000000000000000000000000000000000000000000000000000000000000000000000000000000000000000000000000000000000000000000000000000000000000001000000001000001000000000000000001000100000000000000	42358.99999999999	31.6
80	00000000000000000000000000000000000000001000000100000000000000000000000000000000100000000100000000000000100000000000000000000000000000000000000000000000000000000000000000000000000000000000000000000000000000000000000000000000000000000000	36343.4	22.700000000000003
81	00000000000000000000000000000000000000000000000000011000000000000000000000100000000000000000000000000000010000000000000000000000000000000000000000000000000000000000000000000000000000000000000000000000000000000000000000000000001000000000	41431.8	22.4
82	00000000000000000000000000000000000000000000000000000000010000000000000000000000100000000000000100100000000000000000000000000000000000000000000000000000000000000000000000000000000000000010000000000000000000001000000000000000000000000000	41805.8	27.1
83	00000100000000000000000000100000000000000010000000000000000000001000000000000000000000000000000000000000000000000000000000000000000000000000000000000000000000000000000000000001100000000001000000000000000000000000000000000000000000000000	42266.2	31.699999999999996
84	00000000000000000000000000000000000000000000000000000000000000000000000000000000000100000000000000000000000000000000000000000000000000000000000000000000000000000000000000000000000000000000000001000000000000000000000000000000000000000000	11677.8	9.0
85	00000000000000000000000000000000000000100000000000000000000000010000000000000000000000000000000000000000000000000000000000100000000000000000000000000000000000000000000000000000000000000000000000000000000000000001001000000000000000000000	38543.0	22.5
86	00000000000000000000000000000000000000000000100100000000000000000000000100000000000000000000000000000000000000000000000000000000000010000000000000000000000000000000000000000000000000000000000000000000000000000000000000000000000000000000	35821.8	17.8
87	00000000000000000000000011000000000000001000000000010000000000000000000000000000000000000000000000000000000000000000000000000000000000000000000000000000000000000000000000000000000000000000000000000000000000000000000000000000000000100000	39439.0	23.0
88	00000000000000000000000000000000000000000000000000000000000000000000000000000000000000000000000000000000000000100000000000000000000000000000000000000000000000000000000000000000000000001000001000000000000000000000000000000000000000000000	39420.2	13.5
89	00000000000000000000000000000000001000000000000000000000000000000000000000000000000000000000000000000000000000000000000000000000010000000000000000000000000000000000000000000000000000000000001000100000000000000000000000000000100000000000	42361.600000000006	22.700000000000003
90	00000001000000000100000000000000000000000000000010000000000000000000000000000000000000000000000000000000000000000000000000000000000000000000000000000000000000000000000000000000100000000000000000000000001000000000100000010000000000000000	36724.200000000004	32.1
91	00000001000000000000000000000000000000000000000000000000000000000000000000000000000000000000001000000000000000000000000000000000000000000000000000000000000000000010000000000000000000000100000000000000000000000000000000000000000000000000	38274.6	18.1
92	00000000000000000000000000000010000000000000000000000000000000000000000000000000000000000000000000000000000000000000000000000000001000000000000000000000010000000000000000000000000000000000000000000000000000000000000100000000000000000000	42103.6	17.4
93	00000000000000000000000000000000000000000000000000000000000000000001000000010000010000000100000000000000000000000000000000000000000000000000000000000000000000000000000000000000000000000000000000000100000000000000000010000000000000000000	40460.200000000004	28.200000000000003
94	00000000000000000000000000000000000000000000000000000000000100000000000000000000000000000000000000000000000000001000000000000000000000000000000000000000000000000000000000000000000000000000000000000000000000000000000000000001000000000000	30712.199999999997	13.3
95	00000000000000000000000000000000000000000000000000000000000000000000000000000000000000100000000000000000000000000000000000000000000000000000000000000100000000000000000000000000000000100000000000000000000000000000000000000000000000000000	35271.0	12.0
96	00100010000000000000000000000000000100000000000000000000000000000000100000000000000000000000000000000000000000000000000000000000000000000000000000000000000000000000000000000000100000000000000000000000000000000000000000000000000001000000	41525.6	27.5
97	00100000000000000000000000001000000000000000000000000000000000000000000000000000000000000000000000001000000000000000000000000000000000000000000000000000000000000000000000000000000000010000000000000000000000000000000000100000000000000000	38804.399999999994	21.8
98	00000010000000000000000000000000100000000000000000000000000000000000000000000000000000000001000000000000000000000000000000000000000000000000100000000000000000000000000000000000000000000000000000000000000000000000000000000000000000000000	39020.600000000006	13.7
99	00000000000000000000000000000000000000010000000000000000000000000000000000000000000000000000000000000000000000000000000000000010000000000000000000000000010000000000000000000000000000000000000000010000000000000000000000000000000000000000	41313.6	16.9
