SOLUCIONES INICIO 

0	001011111111000111011100111000100011111111000100111111000110110111110000100111100110000110111100100101100111010100001110011101011011100011000110010111110001001011011111111111100000100111000101000110010100110100010011000011111000100001	1599529.5999999996	549.9999999999999
1	110011011110001111010111100101101000001111100001110000001110001101001000110100011100001111100010100000000110100010101100101001110100100110001111100110101100011111011101100011000110110101100010010110010101000001111001000100100110010110	1340350.7999999996	491.50000000000006
2	001010000011001100000010100001010101011001101010010101000100001000100100001100100110011001110000000100000000110111110101111110000101111001101101100100110110011001010010010110100100001010111001001011100110111111110100010001000001111001	1257029.7999999993	454.10000000000014
3	101111111010010001000111010101101000110011100100011111110101111100011110110000111000010001100000110100001000110101010011001010101001101101100101100101101010101100111010110111010110010110010001011011111001010000101110000000100000101110	1431532.5999999999	510.3999999999998
4	100100101010101000010011101100000001110100001000011001101111100111111001001100011000100000000011101110110010011000011101101000000110000111111010010110011001111000001001001100000111001101000110110101111100100011001010110001010011000111	1273813.799999999	472.2999999999999
5	100000010000011011011110001000100111010011000110001101111101100101000110110010111001110101010000000010000111100011001110100110111000101101111010000010101000010011101101111111100001010110010100110011001110011000011011110010000011101101	1438688.2	499.3999999999999
6	100101011011000001010101011100110110010010000000001011111011100000100011110000101001111001100011000110110010010000011111110010101101101111111010110110000001111001001100111100101110001110101101101001110011110111001000000100100001110101	1447858.4000000001	507.49999999999983
7	001110010011010011001000100100000000000000101010001101101000010111100010010001001100101001011100001101111100000001011110101010011011100001111010000111011100100110011011111111011011000010110101011010110011111010111000010101101101110110	1447480.7999999998	502.19999999999993
8	100110101101000100101011101101100100100010110000000100100100010100110100001110010101111100111101010001111110111011000110100101100100101111010111111110110000100100001111011011101010010110111001110000001101111100100110010000100010101001	1474955.1999999995	514.8
9	111100000011001010000110000110010110011010010000111111000000110101101100110111100100110010001011110001010110101110011000011100110111101011110001110110001001000010000111011101011011010101111001100101111011111010111100100111001110101010	1447651.1999999995	540.9999999999999
10	000111011011110110010111001110100101011000111010111001001010101100101010101111010101010001111000101010001001010010110111110110010111000000100100011100101110000010110110000001011110110001100110011011000000000011001001111100110110110110	1301054.9999999998	509.2
11	111111010001111100000101100101110000110011000011000101111101111110011000010010010110101110100111001100101111011011100100110000110001111111111111101110101101001010100000111101010110111001111001100110110001010010000011010010011111111011	1532098.6	575.0999999999999
12	010000001100001101010101111000000000101011001101111011010001000110001110010011111010010001010001000000111011011101110000111110101101010111011110110011111001101001100110110010001101100110101000111110110100011001011000111111000000000110	1433604.5999999999	513.5
13	001101110100011111101100000000101010101001010001101010100001111001110101001011001111010101011110110011011100110110101100011011100100000010000000000010111010111011101000101011001010000110110000110100001000110110010110010111110001100011	1353212.0	492.49999999999983
14	001100101111100111101101010110100101001001011101001011100100000001110010011101101100110110000000101000110001000110110000001100001110100010100000111011111000110000110000100111111111011011110110111100110101010111110001100010111010101101	1317535.3999999997	526.4999999999998
15	101010111111011101101011000001100010101011011011100101010100110001110010110101110111101100010101100010001111111100001001000000000001000010001001000101000111100101110001110010011111111011100110011010011111110010111100001101010001011000	1325652.9999999995	517.8999999999999
16	001100101000011001111100000100101110000101010011100111011011010110110101011111111000111010001100101110011000110100100110110001010011011110101110010110110100110101000100100101011011010100010011101111000011011111110100110000001111110001	1411594.6	538.5
17	110111010101101101111010011011101010011001010011010110111011101111101110010001011001011101110001010000000101100001001100101010000110001010111010101011000111100010011000010111001011111011111110010111011110111010111111000001110110101101	1452686.3999999992	571.3000000000001
18	100111110111001010111101101010111001111101010001010110110011100011110110100100001101011110011001010101001001110101101000010101110011010001111101011001011011001001010101000001001011101001111101010111100101100101010011010101111001100111	1421590.7999999993	566.9
19	000101000001000001000000001111001110110101110101111101111001000110010111010000001101001101110000000000101011111110000010001010111000100100100101001110011010110100101001001110011001101111001010110011011110000110010100001100100011011111	1306708.4	474.99999999999983
20	011011010100000110111101101100011010111011110010101010011101000001010001010010000101000110110110001011001000111110010100000111101100001111100111011101011010111111101110011011010111000011000000100100011111111000001110001110010111111101	1541538.9999999998	537.1999999999997
21	011101111110001100001000101011011111111111000101100101011111110101000011111110100011011001001010011101101001101110010010010010111010111111110010100111110101011110001011110100010000010101111000010000001111001100110011010000101110101111	1555018.7999999998	569.2
22	101101110111110011101111110110001010011011110110101011110111011001111111111010101110110110101010100111111101111101000100100011111111110010101100010110100000110111110111101110111000111010100100010001111000001100110011011111111001011001	1759891.0000000002	634.1
23	111000101110101111001110001110010100000011100011110100010011101110110110000000110011100000001010110001100110111111110010000011100000111110100101110010100001110110110000101101111001000011101000100100010100111111001110110111110100101011	1376702.2000000004	522.2999999999997
24	000110101111001000101011010101110100100100100010111010000000000110111000001010001111110100100110111110000011000011000011000000011100001101001010011100101000100110010000110001100100000100011101001100101100001101100110011111011010010011	1117608.2000000002	444.79999999999995
25	011001001011101100001001010011110110000111000100011101111011011010101011011100100100010101100001100110011100110010010110011111101011001011101110111011000110011101100110001101011101101100011010101110010010111111000001111000001100110100	1479928.8000000005	539.8999999999997
26	110000111000110111011110100101011111101100011010001111101110111101101000000001011010111111101110000011010010011001011011110010101101100101110111001010000000111101011010000101001110000010000110100110110110111010111101001010011011100000	1414452.2	543.8999999999997
27	011000111111110010110101111100011110010010110010100100010101000111010001101011111000011000001010110011100011101001011011110001101101101001010110110001010100111010000110111100110100110010011001110100100011110001010100111101010000011110	1466492.1999999997	529.1999999999998
28	011100110011010100010001110011000011110101100101111110110011010100100010111001010101100001111011010001011111100100101110100110000011011111110000100011111111000000101110100101011110000010000110011001011010111101011111111000001101011010	1460181.8000000003	540.3999999999999
29	111101111111011111001100010100111011110011011100011101101110100111110110010001001110101001011101001000101111111110000110011101101001100100011110100011000101111111100111101100110001101110010101110110100100001010001011001000001010100101	1582936.4000000006	580.9999999999999
30	011111110100101010110100111110010101101111110000011111011101001000101000101011111001001111001111110001000111011110100101001011010111111010110001010100001110101001110000001101101100001011010110010100000101101000101110010111100010001001	1422022.3999999997	543.2999999999998
31	110100000000011101011100100101111110101000100101001100010001011001110000101011011011011100110111111111111010011000110111110101011100000001000111111101010100001111111011100010001011101100011111100000011101100101011111100111111001011101	1555777.2	560.6999999999998
32	111000101101011011000101010100101000110100011100111111011101110111010011001000001010010110100111110010001110000100001111011111001001010110100110011000111011100011010110101001110100001100110111010010010001011101011110001000010001110010	1392587.8000000005	518.0999999999998
33	010011111110110111100011001001100100001101001010111110000100000011011011010100111000011010100001101011000001101100110100110101000000110110100111110000001010101001111111111110111000011110001110101111001000011000000011010010110111011010	1486811.0	515.6999999999998
34	101010010010111100111001010100101111001111110101010001001111101001010110101000110011000011011010000100010001100010010110110010100100001100010101010010010010011001111111000001010011111100110100000110100100010100110001000010011000100010	1234086.9999999995	471.7
35	101101111011100011101100100010001100011011001100000011000011110000101101110000001010110001100110011111101100010000000101000011100000101000100011101001111000110100000110100101101011011010100000000010010010101001010000100111010000010110	1196944.4000000001	443.89999999999975
36	011010100101111100011010000111001100010110011011010100101000100001100001101000011100110011000001011100110000000100101001100010000100010000000001010100001010000101011001000001111100110111011010011100111100101100100111010110010000001101	1043998.7999999996	444.49999999999994
37	111001110001111100001100011011000011110111100110000101001100101001101010000001100010010101011101100100100011001010000000100011011000010011101110110100000000000110110001011101100000011101000001011000001011000110110000010000000010011010	1133319.1999999997	430.30000000000007
38	100001101001001111100100001110010001001101001110110000101101011001000110110000010101110110110011111010011100111111111110010011111110001100000110010110001010101100011010000000100010101000011001001010110010010000111110000010010111000001	1284702.5999999994	475.8999999999999
39	101001001110011101001111010010111111110010011111110111010000101000111111010100001100110000101011001011000111110011110100111000001100011001000001011101000111011101011001010000010111001110100011110000011110000110011110010110101101010010	1397384.0	538.4999999999999
40	000110111000100100101111000101100101010011000110101100101000011100101000100001111011001100110011110111100011110110110100000110010111101101001010101011000110101011111001101000001000100110011011110111001010010000110100001011001101111110	1414855.2	507.99999999999994
41	010100010000100011110010111100011001101100110001100110011000101000111000101011000111000110100111110111110110110000011111110000000010000001000100001110100110111111100001010111101101101110011000111001110011111100101011000000010011111000	1345197.5999999999	502.59999999999985
42	101000110000111001011000010100110011001000000110001100010011111010110110000100001011001011111111101011100100000010011001001010000000011110010001100111101100111000001000110111101111001010001100101000000011100010111001101110011010011001	1290024.8	461.09999999999997
43	011010000100010111100101001110001000000001110010000110101000111111011111001111011110111010010110000110101110111010100001001110101100111011010000101110110100000110111001001001010010000100110101000011010000010000100101110110011011011001	1325201.3999999994	499.30000000000007
44	010010000000100101111101001001011100001100011010000110011010010110010110101110010100011011010111011000000110110101101111101100110011011110101110001010101111100000011010100100001111001011011110000110011111111010000101011111111110001100	1441977.4	538.0
45	000010001101010010011010110111010001101101101000110000101001000110001010000100001110100100100100000111000010100110101110011110100000111011100111001010001000011101100000011100000101111010001010111110101110000111011111000100010001010111	1230365.2	467.7999999999998
46	000010111010010000110110011110110001001000100001111001101110111101111011001100100011111000010111100001000111100011100111001010110111110011011000010111100011000001000101111010111010010001011000100000111011110010101110101110001000010001	1412218.4	505.90000000000003
47	101001110010111111110011101110100001100011010010101001101100000000101000111010000100011000010010011100110100010101110100100011001001100100111100100001010101110101011001011111100010011001010000000010111111010110001101010000101000111001	1346660.2	485.99999999999994
48	000111001110010010100100010111010111110100101100001110000000110000011001001111110000111001100111100100101100000100111110000010001010110111001101000011110011010001110010100101101100110110001110011010001110000111000111001111011100001001	1292959.2	491.20000000000005
49	011111100101011000100010100011011010011101111101101100100000010011110100010101001101001100000000100100010111100001001101001000100010101110000110111011101110011111100010110100110010101110100010001100111000101001010101110011000011001010	1324179.6	485.1999999999998
50	011100101100111100001100101101011110101001011100010001001101001111001100000011011101011111011100111110111011011111010101110100111101000111110111100000110011011001000101100101101100000101011101100000101111001110100001010000110100111101	1490933.0	554.4
51	001011101011001110010000100110100011011001011100010000000101100101111000001010110100010010101100000011100011011110101111001110011011110110100101001001101110111110010110110110011011010100110000011110000101100100011010100101110000111100	1464122.5999999999	508.7000000000001
52	000001110000000100011101100101001000001000101000011100001111001101001000110010111001110001010110001101001100000011110001001100101101101000100011000011011010000000100111111100111001111001101011001000101110100111010111100111010011100111	1321664.7999999998	478.9999999999999
53	000011100111101010110101111100011100100101001100110110000001010011110000011000011011111100010010011111000001011001011110110101111101101110100110100111110110011000001110001000100001010011010110111111001100101001010011100000100110000101	1419314.3999999997	513.9
54	101100100101000111001000010100000000101011110111000011110100010101111101001001111010110000000000110110101101101100111011000111101011001000101001101010011011111110001001010001011100001100110101110000101110100010100111011001100010010001	1303206.8000000003	493.4
55	010010111110111000010000010110111000010110110010001001101111110111001110000000101111110111110010000101110111010111110100110000010100100110111011101110001111110111101100010010100010001100000011111111101111101101000100100110011110010111	1505591.7999999998	556.2999999999997
56	011100110111101110011111100101101010000010001001010101010010011011101100001010100001111100110101100111100100000001100000110111111100100010100110011110110100111100101010011000001011111100011100100001000110101010110011011000100101101101	1366848.5999999996	505.99999999999994
57	001101011111000100000101100100010110100111000000011010010011011001001001010000000011010100001100100000101001101001101110101111110011001001100010100010000110000010110111011000011110001111010001110010111011100111000011101001100010111000	1260465.4000000001	459.0
58	111100011110001100000001011000010111101001011001101011101100111001110001111000111110000110100111000001110111101001000001001010000110011010111010101001100100011111001000110010110101010010110100000100000000001000111100110000101010110000	1256445.6	476.39999999999986
59	011100111001011010111111010001111010101001111100111100110100100001100110000101001010100010011010001011101001010100110010101001110100101011110101101110010001111101111001011100110001100001000011011000101001001110110101010000101010000111	1458934.0000000002	528.2999999999996
60	111001100001001110110010110011100100111111000000010100011101110101110101111010011101111101110011011100101101010001110110100010011101000010110010000100100100001001100110111000000111111000111010110111010111001010100101011000101000000001	1364636.2	516.3999999999997
61	000011000100001011110111100011001100110100111111001000111011011001010000100000110110010110111101001100100000010000000010111101101011111011001101011010000111111010111001101011100111000000101111100011100101100110110100011001100111011010	1420241.5999999999	521.3
62	111010001001111011101100100101000011001000011001001011110001001010001101100111001110011100100110000010011000001111010100010011010111100010110100010101111001001011011110101111010101000111110100100011100011111011110111111111110011010001	1496658.3999999997	546.1
63	000110101111110011100001000111010111111001000011010101001100001011100101100000101010101101100001101100100011000000110011101111111001010110000100101100010100100010011001101100111000001101110110010100001111101100010111001100101000011100	1303443.0000000002	490.3999999999999
64	101111100000001010101011011101011110111001101001000100011011110101011010101011010010110111100101100001110110101110111010000001100110000011100110111111111000111101011011101101100110100110011010011010101100110010110101111001000111001110	1553009.5999999994	566.1999999999999
65	000101010000011100101101000101010111100100101011110101011100010010000011000001011111010100101001011000010011011010110000111111000100101000111100001000011001100111100011000001010100111010110101000100111010101100000001101100111111100000	1213922.8	467.9999999999999
66	110111110111111011000111010111101110101001000101001110111000000000011000100110011100100100100010100000000111001111111111100100011000101111011110011100010111011110100101010001010101100011101101010001111110011110001101001001100011111000	1433287.0	543.4
67	111101110101111110000011101111001011000000010100111001101000111110111100000110000001100100101110011100111001111000000110101110010100100111011011011001011100111100011000111100001101111110100101000100110011011001011001000110111001100100	1473328.8000000003	533.2999999999997
68	010100101100111010001000000000111110011100101110110001101011001001110101001011010001110111111010101001001110000100011011010101010111010000001000011110110100100010110110010110100100011110101001001011111111101001111111101100110101101000	1387423.7999999996	521.4000000000001
69	001101001100010111110011110101010110111110100111010111010111101100001101100011001011011111100101101110100001110111110110110110101110111111101011100011101010111001101011110001010110011000000000011101001000110100000001011101100000011011	1602089.1999999997	561.1000000000001
70	100111101000100000111101101010100010101110100011110101111000001010101101011111011101111000111000100011101011110101100011110010110111001100000111011001110011100001010010100110100000010001010010011101101101111000010010010100101010100010	1405031.9999999995	512.4
71	101010011011110001011000011001001010011111111010100000101100011100111110100011010000000110111101100100000110111010011101011110111111011011010010011001111111011110010100000010000101010110000001000000001001010000000010110010110111100011	1375668.4	496.20000000000016
72	111011010001001100111011101101100101111011100101000111101011100110010000001000101101101011010000011100000011001010101010101101101101100010010000111100001100100001111000000110110100101001100000000011010100011101110110011010100110001010	1250961.2	486.29999999999995
73	101010010001011110001000011101100011010001011001101111101100010011001010000111111001000111100101011111100101001000010101000111010101011000000000111010010101110001011000110111000100100001001010001110011000011001101100111010011000111001	1312837.5999999999	482.09999999999997
74	100111010100110101100010110000000110010011011110100111110000110010111001111110010010001010101100111000001110110001111011011110101001111101110110000011101000111011011101100010001111000111100111111100100000010011110111100011111100111101	1545984.8000000003	560.9999999999999
75	001111101001011111101000100111101111110000011111011100010011100010100111100001010001000010001101100110110101011111010111010111110011000000110000111000010010001001101101110010010111010110100010011001011010010100111000000011101100100100	1423304.9999999998	513.1999999999999
76	011110001110100101110101000011111001010111000010110101110000110101010100001100011010100101101001110111100101010011010000100000011101101110110101101110101100010110100100100100001000010110100111010111011011100001001000101110011000111011	1352962.5999999996	507.09999999999997
77	010011110011100011101001101011111010000000001100011001111101010010110101101100001011100011011100101011010000010001010111101111011000100111111101110000100010100011010100101010011110000001010010011101110110101011010100010111000011101100	1406933.9999999995	516.2999999999998
78	010110101100111111100100010110000100110011101101100101010110110010111100101111011110001011001101110110110000100101010110010101101011000111100101111111111111001100110000000110110111011100101001011011101111111000011100000011000111010100	1449634.3999999994	570.9999999999999
79	111110110110101110100001000011000111101000110101101010001000010100001100110000010000101110101110011110111100010010101101101111101111101001011011011001111110000001110011010001101011010100101000101111111111101101100110110111011110000101	1485307.9999999995	563.2999999999998
80	010110010111000011100110111000100000100001101111001001110001000100001100101110110011010111011000110000010101101011010101110010001110010011011011011000001101010011110010000010000010101010100000101110001100010101111100110111010000000000	1235709.9999999995	464.40000000000003
81	001110010101001101111001001111110010110011111111101110011111101010000110110110011101111110010101111110101111100010110011101010110111101000000000001100110001110010001111110100110010001000110100110011000011111010000000101110100101010011	1540044.2	558.0999999999998
82	100011010101111111110101101110110000110101011011000000001000101101110100010111101010011011101010101101101001111100100101101001111110001000001110001001110010000000111001000110001110000110011000010111101001101101101001111000110101110001	1395603.7999999996	526.0999999999999
83	111001111110001101101110010001001010101110100000010011100000111011110100011001111011111001011100101101101001110110001011000010100110001100011001000101100101110110111001000111101010111111000100000011010010011001101001010100100110101100	1389964.3999999997	517.6999999999998
84	000110000010100100100011110011111001000110101010010101101110011011110010001110100010000001111001110111001000000110110100011000000111100011101011011010011010011000010011101010010001001100101001100111011010100000011111011111110100100100	1320309.1999999993	486.50000000000006
85	000011100101100001011010001111010111101000111110011110110100100110111011100111100011001010001001101101011000000011010110101110000111101100000001001110011000101110010111111110110010011110111011001111100100110101111011000010100110001001	1511880.5999999992	540.9999999999999
86	011011000001111111111110100100110110011001010100110001110010101101101000100011100101110100110111011110101111101010001011100000111001000000111100011011011000110010010011000100110110100010001001001101001000100001011010010010011011011110	1346792.7999999993	507.99999999999994
87	101000000001011100100000100111010101010001111001100110101111001100001010011110110100100111110101111111100100010001101010001001001010101011100111101010001110110000101010111000110001101110000110001111111011011011111011101000101111000001	1405297.2000000002	523.0999999999999
88	010100111011000111010011101111111111010001110011000100001001101011110100010000000010000110000010011110110010001100110100001010000111100111101100100100100101001001010100001011111110000010011110000001110011100110010100101111000001110000	1242262.3999999997	483.4999999999999
89	010100001011101101001111001000001111011101011000010001010101111001000000010000011010101111010010011110001000000111100110100111100111000111100001111000110110010000111000100101111001010010000110101101000010101101010100111111100101111010	1309673.0000000002	505.19999999999993
90	010011101100001000101001111111101100111001000101000111101100110101111111011011101101001001111001101001010101001111110101001101111101111111011010000000000101001100011101110011001000000110011111100111100011000000110101011010111011011111	1530037.3999999997	562.8
91	101011100011010011011111101100010010111010110001101111111111110100010111011100011100100101010000001001000011011011010110111110101000110010101000011000001100010100000011110100010111011001010111011000100000100100011111100011100100001001	1380588.4000000001	517.9999999999999
92	110111111101010001010111001000010101100010100010000100011100111011010100110010011101001000101101100001000001010111111111011010011001010100010100001000001101000100001010011011001001100001001010100011101100011011011000001101110110101100	1281856.9999999998	469.7999999999999
93	100010101011010010010101100100110111110101010101111011001101100000001010110011010110101100101110010000001101001100101010110010101101110001010110000010100100100101001010110101111101011100001011001101000100110001011010001011100101110101	1335881.6	507.8
94	001111111101111100011100111010011111011110110000111011001000000011000010001011011110010110000010110111111100101010110101000100110110011001010000100110101111111000111000100110011000110111011101011010000110111011001101111110100100101100	1473868.9999999998	558.3999999999999
95	101001100001001101000101011110001001111101110101101100100111111111001010001111011100110100110100110110100110001100111110000101010010000000110101100011001101011110100001110001000101101001110110010001110011101010110100010111000000001011	1318772.7999999996	511.2
96	110001000110000111110011001001010110001110110111110011101010101000110101111100010010001010101011000011010010000010100110110001001111111101110110110011111010001010111111000001011111011111010111001010000000011101110010000001110101110111	1428945.9999999998	544.9
97	110111111110100000110000001000001101111000010111110111101100011001001010101001000100001010111000110100001111111111111000111100011011101101000110001010000101101110100100010001001011110110001010111000100111100001010101110011000100110101	1337050.3999999997	513.6
98	101001110001100010000001001000010001101000001011101110111001110010110100010000011011000100011011001110111111011011000010110001110011101000100100010111001101101110011110001111100001011010001001001111100100111101110010001110100100101000	1405498.4	496.00000000000006
99	111001101110010001000110011011011111011011101100101010001001011010011111100110111101011101000111001010010001101100011100100101000000000010100110111001100000101100100010101100010001010000001010110010111101111101101101111010011000100011	1316647.0	515.0999999999998
