SOLUCIONES INICIO 

0	00110111010100111000101000010010111111000011100001001100000000000100001001100000111011010111101010001011000111000101010111111011111101111010101011010011111001100110111000101101100101110000100100000010011010011101001111001110001101001010	1066262.2000000002	504.99999999999994
1	01101101101111010111101101010011111110011001011011010000000011111110100101001101001110001101010010101100110101001010110101111101101101111100010011011010010101100110100111110111111010000110110101100110101111110101110100000000111011011110	1193842.0000000005	592.4
2	11110101100111001101010111011111010000010111101011111010101011101010001110000010110000101011100011101100100001101110110100111010001011011011111110111000100011001101000001110101010111111000000101001111101001000001111101110101000000110101	1075187.4000000001	550.8999999999997
3	11010111101111011110011001100111110111111101000011000101010111101000101001101011111001101101001110001101101100101011100011001100111001001110010000010100001001111010010101000010000100001000110011111100001010000111001010110010001000001100	997531.6	510.8999999999999
4	00010011001000101101110000000000010111011111000101000000001110110111011100111001110000101011101000100101001101100011001101110110001010111111011010111111101101010100001000110110010111100011111000110001010111111111001101100101010001011101	1088430.2000000002	537.8000000000001
5	10111101100111011100011010101000110100010111110100011011000110001101111100001001001110000011111001011001010101101111010000010100111010100101101001010000000011001100000100001010110000101001101000111010001000011011111101010000011100000101	895767.2000000001	477.7999999999999
6	11011000101000011010011101111011111010110101101100011101111111001101011010000000010101000101110010000000010111000011101111101101010100101000110010101100000111110010101111101101110110100110101001000001011000001000001000111000100110100100	1074063.0	508.20000000000005
7	11110100101111100011011111001101011001011010110100010010010000110001000000111101110110010100000000000001111000101100010010111100010011010000101100100001110010110001000001110101111010111111001101110100001001011010011100100100110110001111	935387.7999999999	507.9999999999999
8	10010101111010010111011101111110000011111110010000110101011001011101010001011011011010000011100011001011110010001011000000001111100011010011010101010110001011100000001010111001110011010001110101111111100111011101110000100111101010101011	1025649.7999999996	543.8999999999997
9	10101100001110010011101101011100010011101100111110011011101010000010110110111100110010110111011100010111100001110100001001010101000010001111100101001111111001101010010001100101000000101001110111000110001010110010000110101010011000001100	999309.4	516.1
10	00101101110001001011010010001001110011110110001010000100101111011000110010100010011011110101010101011001101010001001011010101011001111111111011110010001110010100010100110101100100010100100111011000111111110011100111110001000100011010111	1070875.4000000004	527.8
11	10000001011000100000111001010000101100010101111000010100000100011011101000100011011001110000110010000001111100101101110000010001011110011100100001010111100100110001110101100010101000011111011010011101001101101101111101011011011011110010	972201.8	494.2
12	01101000101001101010110100110111000001001010101110100001000101000000100101111101101100011010100011000101111110001000101111100010110100011001101001011000111101011101101110010011101011101110110000011100001011101011111101001010101011101101	1063835.2	528.9999999999999
13	01101100001101101000100111101100100000001110010111101101011101011111011001110000001011011001010100001010100011100000111010111001011100100111100011101010111100000110101110110100011110000110111111101101011101000011100100110101101100110110	1085922.2000000004	541.9999999999999
14	01100001111100000000010101101011111111001001101101011011000001111110101110101101000100001000011101001100011010100011101001010110000101100011101001111001111000010001110111111010100100001111100011010000010110010010111101001100011111011100	1113076.0000000002	527.5
15	01001111101101111101101110010101110000111001011100000100000110000110001000101100011111100011000001111010001111010110100010111101011011010001111000011000111010110001100011010000011010101111101110101110110000010111000010101010010110011001	1005826.5999999999	518.3999999999999
16	10111100010000110111011111001011100010011011100110110011000011001101110010001110001011100111001101000111111011100100110111101011110011001010111001010001010001011111001010111001000111000101000000001010110000011001110100100101001100001111	1098177.6	521.4999999999999
17	10110100110010010111111000010011010101001110011100001001111000110111010100011110111110111011001111100110110011001011010101111101010001000001111001110110001011111101001011000100011100111110011111111100001000011110110000100011010001100100	1079808.5999999996	551.9999999999999
18	01000100100111011011010010100111100101001101100000110111000010001111000001110101001101001100100001111100001100101000011100010001010000000000101111111010000001000101110100101010000001001011011100111001011001110011000001110000000110111000	904722.2000000001	447.0000000000001
19	01001011001100001011001010010100111000011000010000111010100100010011001001011010100100011010111000100010110111100111101111001110000000011011000111101011100110111000101010010111001111110101110111100110000001111110000110010010100111010000	1027936.5999999999	510.3999999999998
20	01011110100010100110101110011100101100110111101001100101101001110100001111001111101011000101100101001110010110101010010101010101011100100110100010010100101111010100001010100110101111010101011110011000111010111101011011111111111101010011	1096299.6000000003	569.5999999999999
21	11101001011001110001110000011101000100101011000111001110010001001010110010100110101101000101000000101000010100010011101000101111001011001100111011100110100001011000111101001011010010100111001101001110000111110101010111011100100001000101	1000092.7999999997	490.5000000000003
22	00100100001101011101100010110010001111110110000010101001111101001111000000101100100111101010110011110110101100101001001010000000000001101000001110000100000000111011111011101001111011010011000001100101001010100011101111100111100101001101	969884.1999999996	495.5
23	10100011001010110001000001101000100100100000000110110001110110111101001100100111111110011011001111011000100010001100111001101111101010110000011110001001011001101100000100111010100111010100011101100000101100011010111000000000000010000011	961099.8000000002	461.3999999999999
24	01011011010110001000111001101000100100111000100111010111101011111001111011101100100111001001010011101001001101011100100110110000001101100111101010101110111100001001000110010001000110010000101111110001110010100010000101000000101111100001	935383.6000000003	507.4
25	00011000100000000111010010110110101010000011010001101100000111001101000101101101111100001100111011110011101011010010000100011000100101000111010111111010110000001110001011001100100110010010100001000101010000110010100111100010000100000001	919450.6000000001	445.59999999999985
26	10100100000100110001101111011000110001100111111011100110100011010101010011010110101000000010001011001101011010100101000101101011011110011000100000111010010100100101110100000010010000100010110010101001111000000100111011000001110000101110	906499.6000000002	467.9
27	10100011100001011011101000000111010111101001011111001010010111000000101000110100111110101011011011100000101111000111010011100000000110000011110110010100001010110101101000010001011000000011010010101101001101001010101000111011001111100001	873336.6	482.2
28	01111000001111001000100001111000111101001001011101000111011100011111101101110010010100001010011001011000001100011000111110010000011011010111101000000111011001001000111101101010000110101011100011110010001010101111110100010110100110011011	1061273.2	522.4999999999999
29	10110100001011110111011100111110001001110101101111100111010010100101101100011110001111011011111111110110011011101001100110001010001001100011000110010000100100101010001110101101011001010000001100000011001110011111001000111010110011000101	1072076.7999999998	537.4999999999997
30	00000000101101111110001111011101110001001001010010101111111110101110111000111001010100100000000111010100011000001010110111001110110110000100001010000011110111011010010111110000010010010010100110010011111100011111101010011000011011010010	1045506.8	516.3999999999997
31	11100000000001010110101110100110001101101010011000111011011010011010100110101001001011101101111010010100011010000011001110001001001010001010111011000111001111101111010011000000001110000010110010100110010101001011010000011000001111100101	949434.9999999999	485.99999999999994
32	01101101101110100011001001000001110011011110101000001100000001110000001101001011111110110010100001011101111111110110110100100101000100111010111010110001110110010001110100000111010001111110011010110000010010011011111010011001100011100000	1054463.4000000001	516.6000000000001
33	00010111101011010111111001011101100000000010000000110100010101110101011100100000100100001001001001110100101100010011001110100010110001110001010011100101100101011111011010100101010110101101100100100000001101110000011100110011111111011000	992715.8	484.3
34	00100000001110010111101010110010010110011011010111100110011010110111011011011001101101001110011011000001111010111010111001101111100101011111101001000011110100011000101000100101011001001000011110110101111101001111011100100010111111110100	1065195.2000000002	568.4999999999999
35	10011011011001101100010010110011001000010000011001000000100110010001010011100101101110100001001001100001011000011110110010011111011000100010111101001000001111011111010010010110100010111011111100110110011111100100001000011011011110110111	1012329.5999999999	501.5
36	01010110101101000111001000001110100001011101000011011111011000001011001000111111110101110000011010111101110000001010001100110111010010101100010111010100000110101111011000001000010011100101000011011000100100000111010010000101001000000001	900512.1999999998	470.29999999999995
37	10011011100000011111101000011000111111011010101010001100110001100110101110100001100001101101000011010001010001001010111011110010110000010010011010010101011100110101110000001010110100110000111001000101110011111111100111111101000000100011	958732.9999999998	507.7000000000001
38	11111100011100111001100000100100001011000101010000111101001101110011001111110011011100000101111010111001010011101011000000011111100100001111100111001010111000001011111001010111011101101001100101000110100101111000101100101001110010100110	1086009.8000000003	538.1999999999999
39	01011100110011110110001010001010100001110100000010011010111111110111101000110011001100001011001100111101111000011010001001001001101111010111110000011111011010110010100100101010010000111010101000010001110011001100001001011110011000010111	1012908.6	513.0
40	01000100101111111100011111010100100110011100001101010101111101101010000111101100010001011010100010100111010111010101001110101100000001001101110100110011101110011110000000100011111010111011011011111010111001101110010100101101011000011000	984568.3999999999	553.4999999999997
41	01001001001001011010011001110011111111000001000110001011000011000101111001011011010001011000011111010011111011110011100110100100111101111111110100011100100100011101101001101010100011100001010100111001010110111100111000111110001001001110	1110583.5999999999	547.1999999999998
42	11100001000101101111111000101111000111101111010011110010100011011000010010011001110010100001101101111001101111101000011010110100110001110110010011001000110110100110010000110010010101001011000010100000110100011011111011111001011101001000	1008477.2000000004	522.5
43	11110110101010100000110101111100001000001111001000000100110001001000100111001011100000100011110100100000010001100111101011001010011000100111000101011101001110110001100110011010010010101100100000110010100010011110101000101111001010110101	979037.5999999997	471.3
44	10011100001100111010111010011100001110101111111000101011111011010101111101100100010001100101101011011001101110110001010100000011010111000010000101110101101111110010111001101000011000010000010011000110010010000101011000000111110001001010	1049911.9999999998	508.9999999999998
45	01100101110111011101001110011010100001111111011100010100111010100010001101111001111111101000101011000100101100110110111110100101111010111111011111001011111000111110101000000011001000000111000000011011110001000110010011110011101101001101	1096729.2000000002	566.1999999999999
46	10100000110100110100011000110001101010111101111110001001101010100010110101110011001111000001001110001111010101000011000001011111010100100010001100100011011111111000011111000110110011101010101010011010100011000011110010001101100101111001	1082607.1999999997	519.8
47	11001010100101101111011101001010000110110100101011011101111111010011001101101111000100011011000111010111101011101010101001010110001110001110001110010000011010101000010010010000100111100110011100111100000001111011111111110101101110000110	1004585.7999999998	554.8999999999999
48	10111000001111000010100101010111111010000001010101101001010111001110010000100010101101111100010001000010010101010100111000111010011100011011100110110110110101010010001101010100100011110101110011010100101001110101010010110011110110110001	1026916.3999999999	506.4
49	10011011011100101111110000110011001100101000000100010100000100100001110000110010111011011101101111101111010010111010001111000111100010001110011011111011001001000010010011000000101010011110111000100010101110010110100111110000000010001000	963515.2000000002	486.70000000000005
50	01100011001010011101100010000001000101111110101100001001101111110011100101001000011100101011111000111001110010000001110101001001111011000110010111000001010001111110101000001001111110101001010101101101111001110101010001001011000001010000	914255.1999999998	500.69999999999993
51	10010000101010010010110001110011000011100010011101111001010011000011110110000111100001000111010011110000010101000111111001100001111100010011100100101001001101001111000101110000001110101010001000001100111001000111111010000000110000100111	938699.5999999996	473.8999999999999
52	00011111101011100010010001011100100010011101101101110101110001111100000000100111110011000010000111111111110011001101010000100110100101111100000101100001110111010111111110101011010000001000111001110111110110000110100010100110110111100000	1128057.0000000002	538.0999999999999
53	11010010111101001101100100111101000011001110100001110111010100011111110110111010100100010001100100000100111110111110001101111100001101011001000000111001110010001101000011111110010110000111010010000011001001001101010010110011110001000000	1107307.2000000004	512.9
54	00010010110101111010110100111101100110000110110111010011111110011111101001110101110011011001011101111000100111010000001111110100011100001001100110000100000110110011010100011111011011001000001001101001010110000101001110000101001000110101	1028988.8	526.3999999999999
55	11010110110100111011011011100111011010010100101010011010001001000101100110001101011101111011110001000111000011001110010010111110101010011100111101110101100101001001010000010111100011010010011110101000011111010011010010111101001101111110	1065747.6000000003	552.0
56	01101111000001100100011110010010010100111111011001101001101110011111011101100111100110110111100100000110010000011100101111110101001101000000110110101110000011101101111101010000011010011101111001110011001110000000010100001100000011101000	1036058.9999999997	525.1
57	00100011010011101000111001111100010001111001101011101001100000000110101110101100000001011101010101001111000100111011000100101110101010110100100010011101110111101101101100001010011011001110101110010000111010000000110011000101111000100011	1033562.4000000004	501.5
58	10100111100010101100001111011000110001111110100111110111101100001001011111000011110101100011010100100101100000000110100011111001001101101111000111100010110110011101011010101110100110011100101011000100000111101101011010011001101111100011	1110182.8000000003	557.3999999999997
59	00101011011000101011110111110000010010111101101110001001110011010110000010101111110110110101100110010000110110011101101111111100101101110001101000111001111101111100011110101111000001100111101101110101111011111011100011110011001111101010	1288576.0000000005	616.6
60	01001001001111010011110100010110100100101110011000110101010011101111010011110011011001001111111111100110001000010100100011010101000100010100101100100111101001011000000001000110101110001000101100001010111111000110101011010001010100001100	916974.3999999999	494.4
61	01111010000110100111011010001010010001110100101001100101010001101000001101010110001010010001010110110000001101111000111101101010100110000000111001001000001011000110111011011000110110110101001001111100000010011100010001110100011010111010	994776.3999999997	479.1
62	11010000100011100100110010110000010100101010111111110110001000001001000110110010001110100000000001011000000111101110011101010110100101110100111111111010111011010010101011110011011010010010001101011111111101000110011010111101000110111100	1121971.2	526.1
63	00010111000001011101010100110011110001011001101001101000001111111011000000000110010110000001011011000110101101000000101101111001101100110011001011011101111100001010101000110001111010100111010011100001000000100010100101011101010000010101	942081.2	481.2
64	10001010101111110010011110101001010001110100111111101111101101001110001101000111011101101101010111110101001001111111010111101011110101100110110111011011001000111001000110000111110001011001011100000001101010110000110100100101101110000011	1143497.2000000002	566.7999999999997
65	00100001101001001000001011100101101101000010001101011101101100100011101111010101000110001010111110000001100100010000101100100010111111111111111100111011101010001110010001100101100101101110001110110000101100010000000000101010100000010110	986029.7999999999	493.59999999999997
66	10000000100100111011100101010000100011110100011011110011100100010101101101111010110000011011011000111000011010011101000100101100100111110110011000111111001110100101101011100001010100101101011001111001110100000110100111001000110011100010	1014009.2000000001	517.1
67	01101111000011100110111000011000010101110111100101001100110001100110000010110111001000011100110111110011100011110010101110111100011100001001100001110110000001111100011101111110101101111010001101000101100011111000101101000001011100000100	1144232.9999999998	526.9999999999999
68	10101010001101000111111101011011001110110111101000111001111100101010011001110100001011110110111011111001001011011101011111110001011101011000011111101000110100100011010000110111001101001111011110101010001011110000100110101100101110100000	1135639.0000000002	576.9999999999999
69	10001110001011010001100011101111010101011101010110001101011010101011100010100011010101101010000001010100010011110001100100011111110010100010100100100101011111011001000010101001100100100100000011011011110100010011101000110011100110100000	959538.1999999998	489.9
70	10001111001000110000101000100100110110111110010011001010000010110100111000011010100111010101110000010101010111000000000100010011010110111111110100111010000010100100000011001110101101101000000010011100100011010100011010011101011110000010	917625.3999999999	468.59999999999997
71	10100001011100000001110101110001001101111001111101001111100111000011001100101111110011101011101101101101000111100001100111010001101110100001011010110011110001011011100010111110110111100001110001000101001001010001111111011100100110000101	1122523.6000000003	553.0999999999999
72	00010110101010001000100101011011111010111010100111000100011101100010100111100110000110100001100110101101101101111011000111101001000000011010110010011011101000100101000010111111001001010101110001000001010111010111111100110001110001110000	1052135.0000000005	514.0
73	00100111110011010111011010101101101110111001000110101010000000110111101001100110011110011111000001111010001110001101100000100111001100001110001000101000011000100111111011000000110010000011110100111001110100001100100010011010110100001000	931390.7999999998	488.19999999999993
74	10001011011100001010111110110110100011111100011001100011011100001001110000101010001010000110011010101111110110000000011000010100101111000001001101100100101000011011001100001001100010010101111000110111011110111110000011111111011101010111	939295.5999999999	530.1999999999998
75	11111010010001000000100100010001111110100011111101000011000011001100101010001010001110111101000110010001100101001001111001111111100010010111110110011110001100001001111000000001001101101110001101111110111000010000100101100000011110010000	896026.9999999999	487.5
76	10111001001000001111001111000011100101100100101111010101110010000111010010000011101111111011110001001000111010100010010111011000111100100010110001011110000100010000011101111111110000110100011000100011001000010011101001101100010110111100	1102521.6000000003	502.30000000000007
77	10100001100100100011100100011001101011110100110111000111111011110111000100001100001110001111000110010011100000100000011100000111000010001110101111011010111100101000100010011011001111000101101001000011111101010011101010001010011010111001	960701.0	504.1
78	00101000011110110011011011000110111101000011101101010011111110110100101101001001000011000011101100100101001100010110110110011100100001011111101101111011001111101011100101001011011101011101101001101001111101011011010011011010111001111110	1130862.2000000007	588.0000000000001
79	01001000101010001011111101101001110010100111101110011011010110100001000101110101000101011011000111001101001101010101010000001010101110010101000100111111101010001011110011010100001001000011111100101110001000111001110001111011001101111100	1040524.5999999996	526.8000000000001
80	11000001011110110111101001011011100111000100010000011000100110110111001000111001000110100000001010100001110111111000001000111000010011001000101110011000000000001110001100100100001001001011111100000000010101111110011101101100100111001111	882668.1999999997	480.90000000000003
81	01010011011100010111000110010111000000010111010001100001101010000011010010010111011111010100101100100100101011100111100110100100101010000101000001110001100111000100100001110011011001000001100001100101001111110101111110011000110000010011	934940.5999999999	484.39999999999986
82	11011000110000101110011010011111100111001111011101100111001010111100001010001111001111100011000100101011001000101110001001001001101011011101101011100000110101011001011101110100011001011111011011011101101000101110010001110011000010110101	1125338.8000000007	552.6999999999997
83	11010110111100010110110111101000100000000001100000010000001101000100100001000001101110110010000001011000010001011110110001000111100110010000011110000100111000001000011101100111001110010111100101110111011001101111110100010011011110100011	957888.3999999999	470.1999999999999
84	00001110110100001100111001111010000100111110011110001000101110101011101011000111110000100101000111100000010101000010001111000111101010000111100110100001001001010010111100101100111010111001100010100101101110000001101101111110111000110000	984384.9999999999	507.49999999999994
85	11010100111000010101110000110111010110010111010111111110101111010001100100011110011010010100011101111100100111110000110011010001010010011111101011001101110101000100011001101001111111110110100011001101100111011101011100010101000110010100	1104852.000000001	567.3999999999999
86	10000000011010011011000100001110001100010101110000110111101111010111000010101101011001110111110011110010010101011101011000111001110101101010001110101101011110100111101011010010010111110111010110011011011110000000011110100001010111011001	1094942.2000000002	543.7
87	00110110111000010000000011001100110011110110011010001000110001001100100001100100101111011000110110100110111001110000101010111000101010111110110000011011011100000101011010001010000010010111011100000110000001011110001010100010101111011000	977801.7999999999	477.90000000000015
88	00100100101100000010111101001010011100110010001000001010111010000001010001111111110001100010000100101110011010100101101110100011111100110110001100111101110111111100010111000011000011111011100101100101100100000000011100010010000000001011	1042674.9999999999	491.79999999999995
89	11010100000011100010111111000111111100011001111010101010101101000011111010001000101110101000001010011111010010100111000011001010011000010000011111001001000101001011101010011001001011010100011110111101001010000100101110100101100101101111	997365.1999999997	517.3
90	10100011000100000000000001101101010110010010100001110000000000010100000110010100010010010101110111000110110100011001001010110111000010111110011101101101111101101100011111000100000110101001111011001100101100110110101111011001101010010011	1031721.8	479.50000000000006
91	01101011100100011100010100011001110011101111110111101111010011001100101110001101101001100110000010110001100011110011011011001010110001010011101000111011000110011011001001001000101101001100110100011101010100000000111101000001011100100010	983530.2000000002	512.1999999999998
92	11011111111100101000011110101110111101111111111011001110101110110111100110111111000000100101011001110100001011101111100000110011010001001101011011100011100001100011011011100101111011111000110010100000101111100000011010100110111000000100	1133476.9999999998	579.4
93	00101111101011110100110001110001111011101010001011011111110100001111100010000100000001111010010110101000000110101000001100100111000111100100010101001110111010111110001010001101111000111110110010010111111010111111000010111110000111000010	1018205.3999999999	546.4999999999997
94	11010110111010111111110000101011110100000100110101010100011100101110111000001100101001010100011011110010100000000001100011100010110110001000101110100101010101011101111100110100000110100110100000111010001010000011011001100101111101101100	1012489.9999999999	504.00000000000006
95	11000110000100111101101111110011000010110010001001010110011001101100011100000010011011010010001010010110111101001100000001100010110111011110101110000110111110110111011110100111101100110001000101001011111111110001111001011111101000011100	1135070.4000000001	552.9999999999999
96	10011011011100101000100100110111100011011011001011000111110000101101011001101101001011010011011110100101101101100100110101110001000001011101100000101001101111010000100000000010111010010000000010100010101110101010010101000100011000001000	852776.8000000003	469.59999999999985
97	01001001100100100011101100001110100010001001001010110101001000111001010110100101111010101000101100101111101101101100011011111010000010011010001000010000110010000010110110001010011101010110110000000000100101100110011100011001010000100100	949304.0000000001	454.49999999999994
98	00010110111000001101110101100010011111000101011111001110100001101011011100101001000111111111000101111000110000001001100101101010000111110100110010000001001011101111100001110010001000010000010111110111011010001010100111110101111110011111	986881.2	535.5999999999998
99	01000000001000111101110001110001100010111101001001001011100001111100111100011110001110001100101001011100100110110011011111001101110001000011100010010000111010010000011000111000100100101110000010110100110001001101110000111000111111001001	979174.6000000001	486.50000000000006
