SOLUCIONES FIN 

0	0000000000000000000000000000000000000000000000000000000000000000000000000000000000000100000000100000000000000000000000000000000000000000000000000000000000000000000000000000000000000000000000000000000000000000000000000000010000000000000	21746.0	13.6
1	0000000000000000000000000000000000000000000000000000000000000000000000000000000000000000000000000000000000000000000000000000000000000000000000000000000000000000000000000100000000000000000000000000000000000000000000001000000000000000000	38009.0	9.100000000000001
2	1100110101100000110101100010001000110001101111011101110100001000001100010100101000000011100010000111101101000100100100110111011101010000111010011101010001010000111011100100110011101101000110010011101001101111111101101111111011110101011	1063808.0	522.9
3	1110011111000011110100100100111101011111110010001111110000000011100000000011101110111001000100111010110011001111100101100111100000100011011110000101010101111100111110011110000111010100000110100111011001111111011110101001001000001010110	1148561.2000000002	542.2999999999997
4	1010010101101101111010111111000100000100001111010010010101011101111110011101011110100010001011111111100001101111101101110111111111000110101011100001011011101111111011001111101111011010111001100011110000110101110010101111101111100100101	1337776.6	632.2999999999998
5	0000000000000000000100000000000000000000000100000000000000000000000100000000000000000010000000000000010000000000000000000000000000000000000000100000000000000000000000000000000000000000000000010000000000010000001000000000000000000000000	62790.0	38.0
6	0000000000000000000000000000000000000000000000000000000000000000000000000000000000000000000000000000000000000000010000000000000000000000000000000000000000001000000000000000000000000000000000100000000000000000000000000000000000000000000	33325.2	12.7
7	0000000000000000000000000000000000000000000100010000000000000000000000000000000000000000000000000100000000000000000000010000000000000000000000001010000000000000000000000000000000000001000000000000000100000000000000000000000000000000000	70130.79999999999	30.7
8	0000000000000000000000000001000000000000000000000000000000000000000000000000000000000000000000000000000000000000000000000000000000000000000000000000000000000000000010000000000000000000000000000000000000000000000000000000000000000000000	36945.2	8.899999999999999
9	0000100000000000000001000000001000000000000000000000000000000000000000000000000000100001000000010000000000000000000000000000000000000000000001000000000000000000010000000000000000000000000000000000000010000100001000000000000000000000000	82620.4	48.800000000000004
10	0110101001000110010110001001000111001011001010011001110100101000100100010111011110011011100110110001001011010111110010011101111110100001000001110010000101110000101100100101111000111100000000001001101000100001000010110000001110101011110	1018285.1999999998	467.0
11	1000000011000110000000100000000000000000000000001000001000000000000000000000010000000000000000000000000000000000000000000000000100000000000100000000100000000000010000000000001001000001000000001000000000000001010000100000000000000000010	142410.00000000003	93.80000000000003
12	0000111111011001011111111111100000111001001000011011000100001001011011110010001011101011101001011000011001111011010010101001011110100110101110101100000110011010011010101100011101010010010010001000111011110100011110011100011111010011110	1073992.7999999996	549.9999999999998
13	0000000000000000000000000000000000000100000000000000000000000000000000000000000000000000000000000000000000000000000000000000000000000000000000000000000000000000000000010000000000000000000000000000000000000000000000000000000000000000000	40671.0	9.0
14	0000000000000000000000000000000000000000000000001000000000000000000000000000000000000000000000000000000000010000010000000000000000000000000000000010000000000000000000000000000000000001000000000000000000001000000000000000000000000000000	52286.8	25.800000000000004
15	0000000000000000000000000000000000000000000000000000000000000010000000000000000000000000000000000000000000000000000000000000000000000000000100010000000000000000000000000000000001000000000000000000000001000000000000000000000000100000000	41664.600000000006	26.3
16	0000010000000000000000000000001001000000000000000011000000100010000000000000000000000000001001100000000000000000000000000000000100000000000001000000000000000000010000000000100001000001000000000000001000000001000001000000000000000000100	166229.4	89.80000000000001
17	0110011101001010010111100111110001011011010111100011001100000100000111010001001001010100011101000001000010000110000110010111111100000000101111101101110101100110100110011110010110111100011000001111001100100100100101100111000100101100100	1050514.7999999998	486.69999999999993
18	1000000000000000001000000000000000000000010000000000001000000000100000001000000000000000000100001000000100000000101000000001000100000000000100000000000000000000000000000000001001000000000000000000000000000000000001000000000000000000000	138315.4	71.10000000000001
19	0000000000000000000000000000000000000000000001000000000100000000000000000000000000000000000000000000000000100001000000000000000000000000001000100000000000000000000000000000000000000000000000000000011000000000000000000000000000100000000	76111.4	40.3
20	0000001000000000001000010000000000000000000101000000000000100000011010000001010010000000010000000000000000000000000000000010000010000000000000001000000000001000010000000000000000000000000000000000000000000000000000001000000000000000000	143964.40000000002	84.00000000000001
21	0000000000000000000000000000000000000000000000000000000000000010000000000000000000000000000000000000000000100000000000000010000000000000000000000000000000000000000000000000000000000000000000000000000000010000000000000000000000000000000	36266.200000000004	17.8
22	0000000000000001000000000000000000000000000000000000000000000000000000000000010000000000000000010000000000000000000000000000010000100000000000000000000000000000000000000000000000000000010000100000000000000000010001000000001101000000000	78163.2	53.99999999999999
23	0000000000000000000000000000000000000000000000001000000000000000000000000000000000000000001000000000000000000000010000000000000000000000000000000000000000000000010000000000000100000100000000001000000010010010001000001000110000000000000	86610.80000000002	62.9
24	1011101001111100001110111001011111101000110100011011000010011001000011010101110101001111111101001001110111001110111111000001110000111101101010101101000101111001101001101101111110101101001000101010101111001111100000111111000001111011011	1226562.2000000002	585.6999999999998
25	0000000000000000000000000000000000000000000000000000000000000000000000000000000000100000000000000001000000010000000000000000100000000100000000000000000000000000000000000000000000000000000000000000000000000000000000000000000000000000000	53817.6	21.2
26	1010010100111001110001101110011100000001010100000000011110101111000110011001000000011111011001111000111101001110111111001001101101011100000111101100111001100001110011000111110111111111011101011010001100010011100110110010110101010110100	1193455.6000000003	547.9999999999999
27	0000000100111010000001001000100001001011000000000100100010101101100111011001101000011111011101110010110111000010010001000100010001101110010110100101110010000001111110011111010110110001000001101011011101000100101010111110111101100011011	1046418.9999999995	470.4999999999999
28	0000000000000000000000000000000000000000000000000000000000000000000000000000000000000010000000000000000000000000000000010000000000000000000000000000000000000000000000000000000000000000000000000000000000000000000000010000000000000000000	30380.4	12.5
29	0110110010110101000100111001000000111110111100010000111000101100011001100101000000110011110100111111001010011101101100010000011000000010101110101100001000110000001000110001111110110001000111010000001110010100101110111110110010000100100	945776.0	459.89999999999986
30	0000000000000000000000000000000000000000000000000000000000000000001000000000000000000000000000000000000000000000000000000000000000000000000000000000000000000000000001000000000000000000000000000000000000000000000000000000000000000000000	40716.8	8.899999999999999
31	0000000000000000000000000000000000000000000000000000001000000000000000000000000000000000000000000000001000000000000000000000000000000000000001000000000000000000000000000000000000000000000000000000000000000000000000000000000000000000000	38098.2	13.5
32	0000000000000000000000000000000000000000000000000000000000000000000000000000000000000000000000000000000000000000000000000000000000000000000000000000000000100000001000000000000000000000000010000000000001000000000000000000000000000000000	33761.4	17.1
33	0110111110001001110111011101010001001000000000111111111100100100010100100000101001010011110010101111001100101111000100010010110011100011000100100000000000100000000100111111111011111100000100011101010101100111011011100000100111000100001	1036894.6000000002	473.59999999999974
34	0000000000000000000000000000000000000000000000000000000000000000000000000000000000000000000000000000000000100000000000000000000000000000000000000000000000000100000000000000000001000000000000000000000000000000000000000000000000000000000	30071.800000000003	13.8
35	0000000000000000000000000000000000000000000000000000000000000000000000000000000000000000000000000000000000000000000100000000000001000000000000100000000000000000000000000000000000000000000000000000000000000000000000000000000000000000000	38325.4	12.3
36	1100100100100011011101001101011100110100010111000001111111011001010010111101110011101000001011111111100001101011010011101001011111100110101110100101110110011010011010101100011001011011110010101001010110011111111011101100110101111010011	1158215.6	594.5999999999996
37	0000000000000000000000000000000000000000000000000000000000000000100000000000000000000000000000000000000000000000000000000001000000000000000001000000000000000000000000000000000000000000000000000000000000000000000000000000000000000000000	38110.6	12.899999999999999
38	0110010110100011000000001100110111111100001010101110001011000101011110111100011011001111010011001111111100010001010000110000000010010011010101011111011101100101100101010000110011111100001101111101000100010110001011100011011011000011000	1032866.0	513.8
39	0000000000000000000000000000000000000000000001000110000000000000000010000000000000000000000000000000000000000000000000010100001000000000000010000000010000000000000000000000000000000001000001000000000000000000000000000000001000000000000	116943.79999999999	52.39999999999999
40	0100100011110111100101100101010110011000010111111000000011011111111111010010000001101110100100011010101100110101010111100111011111111010100001111000110001010010001111001110110111110101111110110000101001011011001101001001010110110100010	1203168.6000000003	562.6999999999999
41	0000000000000000010000000001000000000000010000000000000010000000000000000000000000000000000000000001000000010000000000000000100000000000000000000000000000000000000000000001000000000000000000000000000000000000000110000000000000001000000	117355.20000000003	48.1
42	0001110010100100001101110000101101110010111101101110010001111111010110000100000000101000110100111000011100110000100100000000100101001100011000111011000111100100001110111101111011111100000100010111001000001111010010000110001101011000000	1029471.9999999998	467.79999999999984
43	1101100010110011010110000111010000110111011000001010100110101001100001110001001010010010001010100111011101001010100001001100001101010111010010101100000101111100101001100101011000101101101001010001110101000010100010010111010100001000111	975858.8	466.3
44	0111011000101101010010101110100100100000001101001001000010010000110000011001100100101011011101000011000001001010111101001100010000011111110100001001101110111110101010001101111010101001010101111001001111100001101111111111001001000010000	1057652.7999999998	487.7
45	0010000000000000000000000000000000000000000000000000000000000000000000000000000000000000000000000000000000000000000000000000100000000000000100000001000000001000000000000000000000000000000000000000000000000000000000000000000000000000000	57786.600000000006	21.099999999999998
46	0000000000000000000000000000000000000000000000000000000000000000101000000001000000000000000000000000000000000000000000000000000000000000000000000000000000000000000000000000000000000000000000000010000000001000000000000000000000001000000	29106.799999999996	26.099999999999998
47	0000000000000000000010000000100000100000010000000000000000000000001000000000000101000000000000000000000000100000000000000000000000000000000000000100100000100000000000000000000000000000000000000000000000001000101000000000011000000000000	126859.20000000001	70.4
48	0010001101100100000101111111100001101000100101101101010000010100111001010111010010001101000100110101111000101011100000000001110000100100110101011001010010101100001011111101000010000100110000011010110001001100011011100111110111111011110	1012541.0	481.29999999999995
49	0000000000000000000000000000001000000100000000000000000000000000000000000010000000000000000000000000000001010101000000000000010000100000000000000000000000010000000000000000000000000000000000000000000000000000000000000000000000001000000	119698.79999999999	49.70000000000001
50	0111010101001011000100100101000110110111011011010011001100100010010001110010000000101011001011001101100111000001101110101001111100001001000101001101100101111001000010000010000010000100100110101111100100010000100010001110111101101001111	879340.5999999997	465.6
51	0000000010000000000001000000000000000100000000000000000000000000000000000000000000000000000000000000000000000000010000000000100001000000000000000000000010000000000100100000000000000001000000000000000000000000000000010000010000000010000	165256.20000000004	57.900000000000006
52	1010101011100000001100010110101101011001101111010111101111110010100001110111111111101010000011010000011001111101101101110111111111110100101100110101110010000001011100101010010111110011011111011000111011111001110111100000001011101111000	1187443.8	603.1
53	0000000000010000000000000000000000001000001100000000000000100000000000000000000000000000000000000100000000000000000001000000000000000000000000000010000000000000000000000000000000000000000000000000000000000000000000000010000000000000000	66101.8	34.900000000000006
54	0000000000000000000000000000000001000000000000000000000000000000000000000000000000000000000000000000000000000010000000000010000000000000000000000000000000000000000000000000000000000000000000000000000000000000000100000000000000000000000	39895.200000000004	17.5
55	0000000000000000000000000000000000000000000000100000000000000000000000010000010000000000000000000000000010000000000100000000000000000000000000000000000000000000000000000000000000000000000000000000000000000000000000000000000000000000000	42917.399999999994	21.8
56	0000000000010000000000000000001000000000000000000000000000000000001000000000000000000000000000000000000000000000000000000001000000000000000000000100000000000001000000000000000000000000000000000000000000000000000000000000000000000000000	58262.2	26.699999999999996
57	0000000000010101100000100000000001000000000010000000100000001000000000101000001000000100000100000000100000000000000000000100000000001010000010000010001100000001000000000000000000000010100000000100000000000010000000001001000001000000100	246517.20000000004	133.7
58	1110011001010100010000110101001010111111001110011010011111011110110100100001101111001110000101000100001101101101000011010100101001100010011111111000100000110011101001011111111010100001001001101011011101000100101010111110111111010110111	1174247.2000000004	549.4999999999999
59	0000000000010000000000000000000000000000000000000000000000000000000000000000000000000000000000000000000000000000000000000100000000000000000000000000000000100000000000000000000000000000000000000000000000000000000000000100000000000000000	36015.200000000004	17.2
60	0001000000000000010001000000000000000010000000000000000000000100000000000000000010000000100100000000000000000000000000000000000010000100000000000000000000000000000101000000000100000000000000001000001100100000000000000000000000000000000	162885.8	71.5
61	0111000010110100000111010111110111011111111011010001101101000101111111011001101000001100100001110100110111000111110111010100101101100100000101101111000101001111100010010101110001101010011001111001100110100111000001100010011110000010110	1139099.8000000003	548.6999999999999
62	1110110001101100110010111110101000110010111101111011101110011100110001110010011101111111110111011101011111110100111010100010011001111011111101101110011110011100011011101010100001000000011011010101000000000101100001011110111000011011011	1254580.2000000004	586.9
63	1111110110001001110010110011110110001111111111110100100010110101101111001001100110101001010101100011011111000011011111001011001101111001000111011110100101101111111011001111110110100111101001111001010101001101100010100000110010011101100	1310119.0000000005	599.4000000000002
64	1111010011110010010111111001010111000000100000110111001001110111110101111011001010101100000000001010110111010000000010110110000011001110011110010111010101100110100110011110000101011011010100111100100010010111001010111100100001111010101	1066672.4	533.4999999999999
65	0000000000100100000001001010000000000100100000000000000000000010000000000000000000000000000001000000100000000000000000000000001000000000000000000000000100000000000000001000000000000000000010000000000010000000000000000000000100000000000	132572.4	72.39999999999999
66	0000000000000001000000000000000100000000000000000000000000000000000000000000000000001010000100010000000000000000000000000000000000000000000000000000000000001000000000000100000000000000000000010000000000000000001010000000000000000000000	103396.80000000002	42.5
67	0011001010000000001000000111101000101111110001011101010101101100101100011001000111001100000100011110010011101100001111011100111000000001100100001100110101001100101101000101101010101111000101100101001000011100001001110100111100111011001	981285.2	471.7
68	0100010000010000000000000000000010000000010000000000000000000000000000000000110000100000000010000000000000010000000000010000000000000000000100000000000000100010000000000000000000100000001000000001000010100000000000000000100000000000000	139198.6	89.49999999999999
69	0010001100111111110000101001101100011101100110111101110101000101110100011011110001000001011111011110100010110010111101011010110110100101111111101000011001110011101110010011110010010001011000001110011000001000100101001111000000011111001	1169334.2000000002	534.6999999999999
70	0101110011010011001111011011111110111001110111000000101101111111111011000010010100111111100010111100010000011110101000000111100110110100001110111011010010100100100101100111001111101111101001011100110011111001100100001011100011011001101	1110750.4	576.0000000000002
71	1100000110111100100110110011101011000000001110101011010100101111110110101101110101100101101110000100101100010110010000110100111000110110101001011000011100011010100101111100011100000001111001011001001001001110101101101011011101010001000	1063288.5999999999	512.2
72	0000000000000000000100000000000000000000000000000000000000000000000000000000000000000000000000000000000000000000000000000010000000000000000000000000010000000000000000000000000000000000000000000000000000000000000000000000010000000000000	42805.0	17.6
73	1111110110001001110010110011110110001111111111110100110001101001101010111001011000110100011010101001011110101100110110100101110101011100011110101010110100011001110111001100101011000111101001111001010101001101100110100000110010011101100	1179866.2000000007	577.4
74	0000000001000000000000100001000000000000000000000000000000000000100000000000000000000000000000100000000000000000000000000000000000000010000000000000000000010000000000000000000000000010000000000000100001000000000000000000000000000000000	65267.99999999999	44.2
75	1100000000011110001111110100110010110111000011010111000010101001111100100000001000110100010010110100010100011010100100100010011000000001010100101011101000011110101111001100010011001100011110101110100010001000110010101100000011100011111	966653.9999999999	458.5999999999999
76	0000000000100000001000000000000001000000000000100000000000001000000001000000000000000001000000000000000000010000000000000000000010000100010000000000000000000010000000011000001000000000000100000000000000000000000000000000000000000000000	180957.80000000002	69.1
77	1110100010011011101111000111000110000101000111010011000000101011001001010010011010000101001011110001100101100011110110111100101000100010000110000011110110101001110101100001100110000010111110001111100000101001101000100011001000001110100	974370.1999999998	478.59999999999997
78	0011000001011110100110011001100101111000100010010111101100010011011100110100111010011001001011100111010000001111100010001010111001101001101100100010101101000000101110011100101110101000111011000010001110010010100110011101001000000011000	1018336.1999999998	478.50000000000006
79	0000000000000000000000001000000000000000100100000000000000000000000000000000000000000000010000001000000000010101000000000000010000100000000000000000000000010000000001000000000010000000000000000000000000000000000010000010000000000000000	152483.80000000002	66.29999999999998
80	1101011011111001010111100011011111001111101111011101110011101000011100111000101101101111010000000001111010101000001000010111011001011101111111101101110000011111010011010100101000111100111001010001011110110001000100101001101011011011010	1157891.1999999997	580.9
81	1110111110111111011010011110110011001101110011101001000011111100110000010111101010010010001011001011110110011110011110101001111010001011011110100011000010001101101111111111101001000110011000011111111111100110001010101010010000100100101	1299456.4000000006	583.6999999999999
82	1000110111000111110001101101111011100111000000110001001011000110010111010001101010000011010101110111101001100110000011011001010001011110000111010011010000101001101100000111110011101100010001101010111010100111001011001100100010100011000	1057962.2	503.00000000000006
83	1001111011100010001000101111100010000111001101010000011000110110010110010010001100100110101011100110110000101100100100010000110100101110010110111111000000010011110010001111000011100011000110001010100011101110100101111010000111011000010	969921.1999999998	481.2999999999997
84	0000000000000010000000000000000000000000000000000000000000000000000000000000010000000000000000000000000000000000000000000000001000000000000000000000000000000001000000000000000000001000000000000000000000000000000000000000000000000000000	39276.4	22.2
85	0100111001111100111000011010000111110000101101001001011011010100101110101000100000101101111001001101101111001110110111000011011011101010010010000010100111011010111111101100101110011100011101100110101101010010110001000111110111000101100	1161518.0000000005	545.8000000000001
86	1110111110111001110000101110110100000001010101000100011110011001100001111101101101010101110111001001111110111000001101100001010001111110000000111010111110010110011111000000111011101100011111101001101110010100101010101110010000100100101	1106392.6000000003	544.2999999999998
87	1000110110011111011001001111000111010111011010001010010100001101100111101111010000010010100011101110001011010111111101000110101100100000101010100011100110000111000010111111110001000010111001101001010100100111010000001001001101101111011	1148318.8	520.1999999999999
88	1100110101010001100001100010001011101011001100101111001001000010011000000110101100101100011001101011001000100000100001111111110010010101011000100010100110100001110000110100100011010101010101001001000101110000100110000110000110110010101	897330.0000000001	457.70000000000005
89	0111000110010011111100100110001100110110101010100101110000100011000000010100111101010011111100100001011011000110111001000001110001010110000010111010111100010110011111000000111011111000011111101010101010011100101010000110011000100100111	1021285.5999999996	501.2
90	0110100111100111001101110110110101000111101000100001010000100001110010011111010010110011101101100010011001000101100111100101110111111101101111010101101010011011001000101001010010011111110001001110001100001010100010110001100100110100011	1086033.3999999997	521.1999999999999
91	0001001000000000001000000100000000000000000000000000000100000000000000000000000000000000000000000000000000000000010000000000000000000000000000000000000000000000000000000000001000011000000010000000000001000000000000000000010100000000000	70718.6	58.50000000000001
92	0000000000000000000000000000000000000010000000000000000000000000000000000000000000000000000000000000000000000000000000000001000000000000000000000000000000000000000000000000000000000000000000000000010000000000000000000000000000000000000	21194.4	13.2
93	0000000000000000000100000000000000000010000000000000000000110000000000000000000000000000000000000000000000000000000000000000000010000000000000000010000000000000000000000100000000000000000000000010000000000000010000010000000001000000000	100048.20000000001	48.099999999999994
94	0101110101001001001110110111001110100000011100100100001101001001010000000011100110001110001111001001101011110101000111000000010001101100010110010011111110000111000010100111110111111111011101011000111000011111101101001110110001100011101	1101019.1999999997	528.0999999999999
95	0110110111110100001010100000111110001110101111010111010101011100101011000010001101010001010000011000111001000111100100010010001010000011111010000001110100011110100100010100000001001110100100001001101011010100101000101101101100000101101	878355.4	467.70000000000005
96	0000000000100100000000000000000001010101100100000000000100000000000000000000000000000000000000000000000000000010000000000000000000000000000000000000000000000000000100000000000000001000000000000000000000000000000000000000000000000000000	102402.6	54.00000000000001
97	0000000001000000010000000000000000010000001000000000000000000000100000000010010100000010010000000000000000000000000100000000000000000000000000000000000000000000000000000000000000000001000000000000000000000000000000000000000000000000000	73828.59999999999	52.199999999999996
98	0000000000000000000100010000000000000000000000000010000000000000000000000000000000000000000000000000000000000000000000000000000000000000000000000100000000000000000000000000000000000000000000000000010000000000000000000000000000000000000	31423.8	22.8
99	0000000000000000000000000000000000000000000000000000000000000000000000000000000000000000001000000000000000000000000000000000000000000000000000000000000000000000000000000010000000000000000000000000000000000000000000000000000000000000000	40088.2	9.0
