SOLUCIONES INICIO 

0	001001110001100010111011110001010001000111010111010100101010100100011011001011000001001001100011010101111111010001100000100000011110000101101111010101111010010100010011010111100000011010101000010111101010001101110011111101111010101010	1387793.7999999998	509.2000000000001
1	000100010110011100000101110110101011100110010000000010001001010100111111010010000111000011111110100010101111010100111110110010110100101000110010000100100011101111110001100010001001110000110000111010110110100110111100100011010011011111	1338386.7999999998	501.49999999999994
2	011110000001101001000010111001101110011110101001010010000011011100001101111111010111001011000101011001000011011011111001100011010000110000100011110010011010000101100000001110101101110101001010100110101010101101001111000110100111001011	1299993.6	506.49999999999983
3	000011101101100110001111100011100010011111110011001001011001010100000011010011101101100110010001101100101010010110100100000010101001000000000001011111111001001110101000100111010110101010110001101011000101010100110110001011001010101001	1279034.4	486.79999999999984
4	101101110100110100000001011010110010010010101000110111011110011110100111110110111101100001100100011000101000111001111111011110001011111000111001000001100111110010010000110100110110110110010010110001100111001110011111100011000110011000	1412525.4000000001	541.4
5	110101001101010110110110110110001100100100101001110001100000010011001011000101110100100110010101000110001110101001001100011110100000000100110100100101000101111011011011000011100000000111001110001001011001010110111011110100111101011011	1289201.5999999996	494.5999999999999
6	001101000101111001010110100101001100010000111010001100010111111100000101101100011110111001111100011001110100010110001110111001010100000010000111000000011111110011010100110001101011100100101010011100100010101001011011101000110000010000	1276569.7999999998	478.0
7	100010010010001101101100010111011110110010100011010000001011101100101001011001000001010110110100010001000000000010010010100111000100011001100100111010011000110100100100101011001010110000110010011110001101100011111001001001011111110111	1213999.2	462.5
8	000000101001111110010001000010010000100110110001101110000010010110111010111110110000011001010110000101100010000000100111000011001010000111110011011001100010101000100001101010101100001101101111111001100000110000010110011010101110110010	1186955.2	460.9
9	000101101011010101010010101001111010101000001101101001100111001011010100001110011110101001111000110111010010111010110101010000111101000001011110111111100010010011111110011001001111001101100000001010010111001011010011111110011010010110	1483746.4000000001	535.0000000000001
10	011110010111110100011101101000000101011111011011001010101100011101001000000110100111101011011010010001111110001110110010101100100001000110111000010100000111010110000000011101000000101111100000101100100111010000010101101011001011011111	1284200.4	496.70000000000005
11	001010111100110110011101100111001001010100110000000000110110101011111001101011001001010101100011111110101101011100010100100100101101001011100011010001101111111111000101001000000011010101000001100000100111001100110110110111111010000101	1383523.0000000002	514.0
12	110111101011111111111001001010110100111111101000100110111001100100010001101011000101100111100001111100001110100110110100011001110010011101110010000010010001001010101000100000011011100011101100001001001010011111001110000101100000110000	1272310.6	514.5999999999997
13	110001000011101100111010111000010110100110101011001010110101000000001100110010011001111001110101110100111010100000100110101011010100100001111000000011111001010001110100111001110110010100010101010101010111011100001100001010111011001101	1306034.3999999997	501.3999999999999
14	101010110111010001111111010100010101111000111001001010100111011100101010110011100100001100011100101011011001010100110100100100101101110111110010000000111110111011100001001001010001011111101111001110110010011100110100000110010100011001	1391270.1999999997	534.8999999999999
15	110001000000101010011110001010010001100011011011111011011110100101111011011110001000101001101101110110110101011011011111110101001011110100011001111010101011011011001100101101010011001001100010000001110011011101110111001011010110011100	1551621.0000000005	560.1
16	000010101010111111011101111101110101111111010000000001101101010101111010001011101111111100001101011000110001001001101001110001100011010011101101100011110010100101100110011001010001011100000001101000011111001011011011011110111100111101	1448999.0	554.1999999999998
17	100011000100010111111011101001000101011111010011110100000001100111101101010111011101010110001110101100110010101111001110000111101010100110000110111110011001000011000011110010011111001110010111101000011111110011000110111110011000101100	1453652.8	560.8999999999999
18	100011101110111100110110000001000001111011101100111011001110011010100011111010000111011010001110111000011100111100110001000111100100001100001110000011000110111100100001011101010010111011010011010111110011001000100100010001000111010010	1348005.6	506.79999999999984
19	011101100001011001100101110010111010100000010001011000100100100000110110110011011111100111011011011011000101100001100101000000010011111101110001001100111100011101010101111011010111111101001101110110111001100000000011101100110110110100	1442790.9999999998	524.1999999999998
20	110110010011101001111101010001101010110111111010011110111111111011010000111001011111010111111100100101101011010011001100110010111001111101101010111011101000011100010110101111110110010000110110010000111001100101111101011100011100100010	1637971.2	596.8
21	110010101011010001001010111110010001100010100110011100000110100111011010000100011111101111000110010001100101001110010110011100110110001000011111101110111101111001010001110000111000000110101011000000010110100011111011100111010111101001	1383666.5999999999	520.1999999999999
22	100001100111100000111000001110110010111111101101011000110010111001110010001101101111100100001011110111001010011011101000101110100001001010011011101001011000101111010111000001011101010111010111001110000100011001111110011101000100000100	1391476.9999999998	525.4
23	011010101011011000011111100010000100010100101000111100011111001011000111010010011001000100110001100101001111011011000000111110101110111010101010010100011111110001111011111100100000010001011000101111011010111111010010110000111001111011	1538630.9999999998	536.8999999999999
24	000101001001011111100111110001000101101110111010001101110011011000011100011011001101011111100011110001000001001001010010100010110100011011110100100011000000100000111010101000010111111010010000001110011110001010000101111010011101010111	1287558.9999999998	504.3000000000002
25	101100111100011001010010110110101001001100011110000001001100000000001011101111010100001111010110111101000011111100001010110000101111001110011111000110010110010000101100110011111010101111101110100010011010000101011010100011011101100001	1388433.8	512.9
26	010111111101100100001100000100100011101001000000001010010101001000011010010001100101011101001011011000101001011110101001111111110011101100111110000011100100110111101100101110110000100001001011010000111101000111010100011000011011001101	1448347.6000000003	497.59999999999997
27	001110110111100000111000010000110100010001000001111100101100001100101000111110010011011100100001010000001010110100101001010000100101001001010010101000010000011100111011011110001101011011110111011111001111011101100000110011010111110011	1341153.5999999996	492.2
28	101110001100100010110110000011110101001001101100101110101000100011000001010101011110010111101101101001001110110000011000100111101001110101110110000000000000101101100011000111111111111111101011010110000111100100000001000110010001011010	1337724.5999999999	504.5999999999999
29	001101100010010110101110011111011011011101001110101101110110001100001101110101110011110010001100010000010100111010010010111010011100001010110000100000101000001001111010011111011010100010100101101000110001111010110011101111110111101010	1430467.8	536.0999999999998
30	001100111001000011011100110010101001111110010000011111001100110100010100001100110101011101010001011011000011001110111011010000111000011101010011001010010000001101100100100001111011110111001010011100100110101001101010111010001001010110	1259166.3999999994	501.99999999999994
31	001010011111110101001011111001010010010110111110000111100010011000110000101010010000111111111011011000111001000100011111000001010001010011010101110111110000010010100011000111111000001111011001101111001001100011011001001110010011101000	1349543.7999999996	517.1999999999999
32	110101000111000100101010001111100011001010110101001010000011001011011001110001101111111101010010001100100100101100110000101100101011001110001011111001101101101101110010010110011011000101101101010001000001111110000110101011011001101010	1398733.4	518.0999999999999
33	100101001000010010111010000100111001110100111111010101100110110111101100001110100010110100101110111101101011010001010010101011011001010101111101010110001110000101100110111100101010001110111100010011001111000011111011100010000010001111	1486336.3999999997	536.4999999999999
34	110100000010000011110010000101110110000001010001111110011000100110001010011111011101101101001111010111111001110010011110010100011100111110010100011101000000000001111000011001101011110100010110011001100001000000100011101010011000011011	1309698.2	491.4000000000001
35	101010010110111110110010101110000101000101111010010000000011001111001001001001100011001000010001101001101110011101000100000001011001010000000101001000100011110110011011110111110010010100100000001001100000110110010111100100101101011111	1310437.9999999998	462.7999999999999
36	010110001010000111110000111110000011001100111001001110110011110011010000011101101111000000101010100010101101110011011100001010011011010000101110000001011110011000100001110101011100000001111010110111101100001010001001110100010110101010	1326135.8	498.1
37	011010101000000001010010111010001101011101111110001111001100111111101101001011111010100110011000111010001110000000011000010101110100101010110100110011010010110011011011010000110101010010101100110111100010110010001000100110010110000001	1316276.7999999998	492.5
38	011001010110100100100110011001101110010101000101011100101001110111111010110101101100011010000100100001111111011001000000110011010101101111010110101110111000100100001010010101100000011110010010110011101100111110110011011010100111011010	1417669.4	542.0000000000001
39	011100011011101101100001001011011000000111100000011000100011010000101011111001110001011110101001100011010011001111101111011000011011001101110100011111000001111010001011001111001111000001111111101000010001100101100010010111101001111110	1473917.8	537.0999999999999
40	101000101000110100101110100000001101010101110001101101100010111000111111011111001010011111011001100001010110010111101101001001111010000011010000111111100101101110010000011001000101111011000111100111101110000110101001011000001110010101	1349598.9999999998	521.0999999999999
41	100000101010110000110011101101000011100100010010101110000111010011100001011101111101101001111111001101010000000001101000110110011111110110011111100011110111001001100110000010000011011011100000001100001010100001111100010011101100000011	1331386.5999999994	497.1000000000001
42	000011001100010101110110011000101010111110000101111111001001010011111010001001001110101000100100001111000101110001000100001011111000101000000010101101011101100010011010011011001111111000101000001011000001100000100010011001001001000010	1298149.7999999998	461.29999999999995
43	110011000110101100111100101111101100110011101010110110001110010000011111010010011000000001011001111000001010010010000001101110101011101100100010001110010101101011001000011011001110001100011011000100001011011010101001010010011010110110	1297513.6000000003	493.0
44	110110001110011100000010100100000101010011110100100011100001110001011001010111011100000110010111110000111110011011101101000010110011011100001001111010001111101101010110001000110101000011000110111100000111001100000011111111010011101001	1348664.2000000002	506.3999999999999
45	100111010101011110000110101101001111001011011100111011010001100110001101111010011000110110100011111011110100000101111000101000110011011011010110110010110011011101100110001000101101011110101101110100111010101001011111000001100010111011	1450001.8	564.1000000000001
46	111101001100100010000101101011000010000100010010010011000010001011101101100111011000110110111001111110101001101011000011111001000000100101011111011010111011100000101100111010111001110001001110111000011010111110001111011001100011000111	1434674.8000000005	522.2999999999997
47	010001010010000110011010111000011111011001001010011100100010100111111010000100010001010001100111101100000010011000110101011110000000110001010001001001111110001000101010111110110110001100001010010001101011001101011000100101011101011100	1332743.7999999998	480.29999999999984
48	111001110011110011000011100010001011011111000100110111001110000000011000011011010000111100101101001010001010110110011111000111010000001001100111010111010111100010101110101110011111001010101011111111100001101001001010001101110011011010	1520349.7999999998	543.1999999999998
49	001010001011101000000110011110011111110010111010101011111010001011101010111000101101011101000110010111000110001110101111010110110001110101111011100010100011010011000111011100011111010110101100001000010110011011010011000001000000111001	1486057.1999999997	530.9999999999999
50	011001001011101100111001110111000110000000010101110100010110001111011000010100010100111001110111011010111000110110010111010100010000101000011010001111010101001011101111000001000000101110101101011000100000111000100000011011110111111001	1344293.5999999996	496.3
51	100000111110110110010100111100010111000100100000001001001100011010011010011010111111111010010001100101010000111001011010110111100101111111000001000110011001001011000010010011101111001100000110011001001001010011100000010110101100110001	1296930.5999999996	485.09999999999997
52	011011100111100100011011101010100101011110000100111000100000100101101101111010101101101101100101111010110111001000011101110101111111111110100001010111111000101110101101110010000011011101001010011111000101000010110110011000110101100101	1557356.9999999993	564.8999999999999
53	111010011010111100010010000011101000101001011011100100100010110010110101110001100111101001110101111111110101110110011011111001001101011011101101000101010011110011111010010000110011000000010000101010110010111111010100111111100101011011	1499906.7999999998	551.0999999999999
54	011011100001000101110100100000100001111101001001110010010100011111001001101001101100100101000110010111110011111010010101011100111001100100000101101111100010010100100010011100111111110010111000100100101011011000011000000100110100110011	1343936.8	499.4999999999998
55	101010000100001000111110110010000010110111100001010010101000001010110111110100001001000111011000111100011011010000011010011110111110110101100110000111011111101100101111001000101100001011111110110010000101111110011001010001110000011111	1465793.4000000001	519.4999999999998
56	110010100011111111001110011110011111001000111000001111001101100110001000010110000101100101100011001110010101100111000101000000101111100110100001101011001011001010110111111001011101001101011110010111001100010000101011010110111010011010	1443795.8000000003	542.8999999999997
57	011110100111010001100011100011101001100010111001010110000110000011010111100010100110001100000010000001010010101001010000010100011100001100000101100100010101011101110000111101111101000001110001010001110011011000110010011101100100111100	1212333.9999999998	464.2999999999998
58	110001001101100111000001111111101100011011001010000011001110001010101000111110001001000001100010000010100011001001101110101010100100010100010011000011011111000100101011111001110111101111111111111100110010011111100100100001111110110011	1392111.1999999997	543.1999999999998
59	100101001011001010000010100101111010000101111101010011100101100100011001011001110000000100101110111010100001101001001000111000000111010101110111100100110110111011101000011010001110101010101011011100010110110001101001010010001101010100	1338207.0000000002	494.9999999999999
60	010110000110010101110000001111101110101001101110011100001111010101101101110011110010111110001000100100010110111010000100001010111001100010000100000100001000100100110011111111100100111010011001001011011111001011010000011010101110111100	1371907.5999999994	513.0000000000001
61	100101010110100001001110001101001010000101001100001101101001100000101001110111000101111001001010001000011000010101011010001001111011101101000010101101111010111010111101101100000010110110001110000100011010000011100010001000110100101000	1345257.9999999998	468.59999999999997
62	100100100100101010011010111111001001001000000010110011110000011001100110100011000111101011111111100100011111010010000111010010111100011001011111110111101000101000001010001110110000100100001011111001101001111000101000101110011010111100	1414998.0	512.7
63	010011100111001110000101011101010010000101101001100110110101000111010010010011010100001011001100111001010001110101110110100101000001110101001110011000100001011111001100100100011100110111101111100000000010110001010000011000111000110100	1302811.4000000004	481.4999999999999
64	010110101011010111100110010110111001000111001101110010010001000111100110111110100001010011011011110000101101010111010010111000010011101001101000001011101111111110111000011110011001001001000111100101001001110010111011101111100110110001	1523245.8000000003	554.1999999999998
65	011101010101101001100111111111110000111000001010000100001000000111000001111110011001000100101111000001011001100010101100101011000001010100110111000011111010100110001010110101110000010111110100110011001001000010010011101100100101100000	1293744.2	483.99999999999983
66	011001101100000110110001011101010000000011000001011011011101100101111001100111110001000111101000010000111010100001011111001110101101000110000111100100011101011111111100001001010001100011111001111001000010100011000000111110001101011001	1347906.1999999997	504.5
67	001100011010101101000100110000101001011111000001001011001011010100110011111011001000000000000111110011101000010110101100011000111100010000100100011000100000100000111001000010011001011000101010111111001011100100001111010101001100111111	1195646.4000000004	468.4
68	001000000100010000010101110011111110010000011010111011001011011010011101111010011100010100111001001010101111100000100100011100000101100000111000011000101001111100011010100010100100001000001110010111010000101110010011110100100001000111	1258201.1999999997	463.5999999999999
69	011010110010100010110011101010100100100000001111100011010101010101010010110111101011011100111010001100100101000011111111010001111001100110101111110000110111000011101010001000111000111101001000001010111101011011010110100111111010001000	1384207.2	527.6999999999998
70	000111011000010111111100011001100000000101001010000010000111110100000111111000000111011001110001000101111000100100111000101000101011110101111001101000100100001010110100100101010101001010111111111100001011111101000010110010111101000110	1279996.2	494.1999999999999
71	011000101100010011111100111001000000110111110001100100000000010100001100101010011001001111011001100011111001000100000011011110010010011011000111011101010101100111101010100010100001101111101001111111101101000110000100111100000000010011	1324924.5999999992	488.90000000000003
72	111000100111011000111100000001001011010000111001110100001000111111011011100110000101011101011000111101011101000011100110111011011011011000111001010111011000011011001100111111010110000000111100000001001011110000110010011100000000001111	1477363.7999999996	505.29999999999984
73	110110110000111000100000110001000001110100111101111000100011111101011010110000000000111111010001100100001000100110010101111000100010000100010010110011011110011100100100010101101110110100100101101000010101011110001001001100111001011011	1238675.5999999999	480.59999999999985
74	001011110000110111010010000111101001100101111111110010100111111111010110101111011011111001010111010101111111100001101100010001000001101001100100110001010000011010010011110111101110001100110100100010110001011001001101000000110010100110	1431697.6	532.0000000000001
75	110011001010010100011111010010101101011110110111111100001110110010000000010110010011011100111011111011100000110100100001001001000110101111000111100011000001010111110100001100011101000101001011001011001110011100111000010011110110111000	1338943.5999999999	512.7999999999998
76	110101111010101010111000010100010100001101110010011010101101011101101111111010110101101100001110101101001100101111010001010101010010110100000001001110000011111000001011110101111111101101001000010110010110101001010100011011000100001011	1425983.2	534.9
77	000001111111101010011100101000010000100111011110001110101100000110011011101100000000101110110110100011010011110100000011110110100100100100001100110010100110111010111111001001001100101110101110111000110101011000010011001000111101100011	1390623.0000000005	513.1
78	110010011101110111000011001111010001001110001000101000101000001110100100111000011101010111010000111011101100111001001110001110000100100000101001100010110000001011001000100000110110011001100100100001100001010110001010101000001010111011	1149043.5999999999	452.09999999999985
79	011000101101001111100110010011010011000100001010101010010101010111100100100110011100010111010011000000111100111100100010000001111000100000101000010001111000001111110100001110111101000001010101100111001110011110001001111011011010010011	1283466.4000000001	491.8999999999999
80	110001101100111100011111000111101100011011010111111100010100111000000010100101101111100110101011100001000111100011111010100000000011011100000111110110001100101000100100000110011101000010010000001010111001001100101010001010010100100010	1258960.8	484.59999999999997
81	011110011000001011101101111110100101111000010111000100101000000000101001110100111000000100111000100100101000001001101010010111001010000011010010001100110100100110101011011111001100110000011111110000111011110100001110100001000101100100	1307886.0000000002	475.59999999999985
82	100111001100100001100011101100011101000001101011110110011100101111010010011110101001100111111101110001111111011000001110011011101110100000000000000000110001011110101010011101101101101110111000010100001101000110010110011000100001001100	1354311.8	510.8999999999998
83	000111011010111110111001110101110010010100100001010101111101000011111011000110110011011111000000010011010010011111110111001000011100000100100101000110111101100001010000001111100000001010100111001110011110001001110101000000001111111100	1342042.7999999996	507.8
84	011010100101001010001000000011011111011100111001101101111001011100110111111101011000100100011110000101001000010001111011001100010110100111001101110100010011111010101000101111001011100011100101111011001011010010111010000000111111110010	1447320.4	537.9999999999998
85	011000100000101101110100110001010010111100011110100011110010101110100011101101111100100101010001111111111010100000111111100110000001101011000101110001011011100110110010111111011101101001001010001100110001011110010110101111110000101001	1520723.4000000004	546.0999999999998
86	001100100010000011111101010110000111101100110001010011100011101010001010000111000001001011011110000001000000100111000111001101000001011000111011100100101100100101101100000011110001010001011111100001001100101101101100010111101010110000	1208481.2000000004	469.69999999999993
87	011011101100101101011011010111110111001011000011011011111100100101100001100000101111010100001000000101110111011110111100011110100000111100111001001111010010110011100010111010110101001111101001010001001101100101000001110011111010001101	1513123.7999999998	551.0999999999997
88	101001101110111000010010011100110001101011110000001011111000010111010000000101000101111110101001100100010011101110001010011111111111110110101001110100111000000101111011111101101011101110111011100011001001111000000110000101010010011100	1545875.2000000002	545.5999999999998
89	000111001101111100001111011001001100111101111011101100000001011001011000011000101110101100101000011001011111111000110010010111001001010100110111011101111001110011000001100000001111111110001110101111111101101110011110011110111001011000	1455777.7999999998	564.5999999999996
90	100011110000100011011110000101110010001001100110101011010111111110111101001000011100011100010000111101111001010001011111100000111011011101111111110111100010101100111110101001110001011110110110000011101010100101100000011101011101110010	1562840.4000000001	557.1000000000001
91	001111101101010100101000100111010010111101000101100011011111111010011110000011101110010000110101000010000000001010000010010011110001010110111111100000100100010111101011101110110000111001101111111001011110001110011000100110100000110100	1394252.2	510.29999999999984
92	100111101111100100010000000010100010110010001011000011010000111011010101111011111110110101000101110110110100111110111010100000111011100100111011100100010110110001100011111011011011101101111111110101011000010000011010011110111100010001	1514921.4	552.6999999999996
93	100100111010101111010010111001100101100001101010010010100011110000110000001011001101101110111010100000110000000110110111011101000011111010010111001011010011100010101001011010011100111110001001110101110001100111100100110000000011101001	1364010.7999999996	507.5
94	110011111101000111010101001101110110000101111001000111001110111001010110111010011101110011010110101111111010110101111111000011001010000110101010110001100000110100010010110100110101100000011100101001100100001111111101000100111111001010	1440693.8	557.8999999999996
95	000011011010011000111000011000111000110010001011100101111010011100010001100011001000110111001010011001000110010100000100110101011000011011110101000010110011000001011100100011001110000100110101000101101000110001000010110111110100111001	1232205.6	463.3
96	001111101111010010000111010010110001010001111000010100001010011000100111010001111110100000000100000100110100111011001100110011001100101111110000000000000111111100111110100010111101100011101101011101110000011011000001110111001011101010	1376708.8	506.59999999999985
97	111011100011000010001001011001111111001000010111010110011100010111011101010010100010100100011111000100110111101001111111110001001001001110001111101011110011111101111000111000100000111111001101001001000001100011001101110110110100010010	1484598.2	539.1999999999998
98	011111111011100001011010000101000111100100100111100100011010101100101110100111110111101101100010100000011101100111000010110001100010101000000110100000111101111011110010010101011001001011001001001110100110000111110011000001010100011001	1313225.3999999997	509.6999999999999
99	011001001010001010001000111100001100110011001011100011110010001100011101110110101010010000111000110101011100111111100010001111011101000110101101101000000100110000011010111000110001010101110000001110101101100111010110111001110110000010	1350590.5999999996	497.79999999999995
