SOLUCIONES FIN 

0	0000000000000000000000000000000000000000000000000000000000000000000000000000000000000100000000000000000000000000000000000000000000000000000000000010010000000000000000000000000000000000000000000000000000000000000000000000000000000000000	41574.8	11.899999999999999
1	1000000000000000000000000000000000000000000000000000000000000000000000000000000000000100000000000000000000000000000000000010000000000000000000000000000000000000000000000000000000000000000010000000000000000000000000000000000000000000000	40429.2	17.1
2	0000000100000000000001000000000000100000000000000000000000000000000000000000000000000000000001000100000000000000000000000000000000000000000000000000000000000000000000000000000000000000010000000000000000000000000000000000000000000000000	40673.0	27.5
3	0000000000000000000000000000000000010000000000000000000000000000000000000000000000000000001001000000001000000000000000000000000000000000000000000000000000000000000000000000000000000000010000000000000000000000000000000000000000000000000	39109.2	18.1
4	0000000000000000000000000000000000000000000000000000000000000000000000000000000000000000000000000000000000000000000000000000000000000000000000000000000000000000000000001000000000000000010000000000000000000000000000000000000000000000000	39958.4	8.9
5	0000000010000000000000000000000000000000000000000000000000000000000100001000010000000010000000000000000000000000000000000000000000000000000000000000000000000000000000000000000000000000000000000000000000000000000000000000000000000000000	41806.399999999994	21.7
6	0000000001000000000000000000000000000000000000000000000000000000000000000000000000000000010000000010000000000000000000000000000000000000000000000000000000000000000000000000000000000000100000000000000000000000000000000000000000000000000	34613.8	17.5
7	0000000000000000000000000000000000000010000000000000000000000000000000000000000000000001000000000000000000000000000000000000000000000000000000000000000000000000000000000000000000001000000000000000000000100000000000000000000000010000000	39670.399999999994	22.3
8	0000000000000000000000000010000000000000000000000000000001000000000000000000000000000000000000000000000000000000000000000000001000001000000000000000000000000000000000000000000000000000000000000000000000000000000000000000000000000000000	40982.399999999994	17.799999999999997
9	0000000000000001000000000000000010000000000000000000000000000000000100000000000001000000000000000000000000000000000000000000000000000000000000000000000000000000000000000000000000000000000000000000000000000010000000000000010000000000000	39331.399999999994	27.299999999999997
10	0000000000000000000000000000000000000000000000000000000000000000000000000000000000000000000000000000000000000000000000000100000000000000000000000000000000000000000000000000000000100000000000000000000000000000000001000000000000000000000	27715.0	12.8
11	0000000000000000010000000000000000000000000001000000000000000000000000000000000000000000000001100000000000000000000000000000000000000000000000000000000000000000000000000000000000000000000000000000010000000000000000000000000100000000000	40132.2	27.4
12	0000000000000000001000000000000100000000000000000000000000000000000000000000000000000000000000000000010000000000000000000000000000000000000001000000000000000000000000000000000000000000000000000000000000000000000000000000000000000000000	41287.0	17.6
13	0000000000000000100000000000000000000000000000000000000000000000000000000000000000000000000010000000000000000000000000000000000000000000000000000000000000000001000000000000000000000100000000000000000000100000000000000000000000000000000	39995.0	23.0
14	0000000000000000000000000000000000010000000000000000000000000000010000000000000000000000000010001000000000000000000000000000000000000000000000000000000000000000000000000000000000000000000100000000000000000000000000001000000000000000000	40991.799999999996	21.8
15	0000000000000000000000000000000000000000000001000000000000000000000000000000000000000000000000000000000000000000000000000000000000000000000000000000000000000000000000000000000000000101000000000000000000110000001000000000000000000000000	40305.6	26.7
16	0000000000000000000000000000000000000000000000000000000000000000000010000000000000000001000000000010000000000000000000000000000000000000000000000000000000000000000000000000000000000000000000010000000010000000000000000000000000000000000	40494.6	22.2
17	0000000000000000000000000000000000000000000000000000000000000000000000000000000000000000000000000000000000000000100000000000000000000000100000000000000000000000000000000000000001000000000000000000000000000000000000000000000000000000000	36339.0	12.899999999999999
18	0000000000000000000000000000100000000000001000000000000000000000000000000000000000000000000000000000000000000000000000000000000000000000000000000000000000000000000000000000000000000000000000000000000000000000000000000000000000000000100	24440.6	13.1
19	0000000000000000000000000000000000000000000000000000000000000000000000000000000000000100000000000010000000000000000000000000000000000000000000000000000000000000000000000000000000000000000000001000000000000000000000000000100000000000000	36651.8	16.1
20	0000000000000000000000000000000000000000000000000000000000000000000000000000000000000000001000000000000000000000000000000000001000000000000000001000000000000000000000000000000000000000000000000000000000000000000000000000000000000000000	36780.600000000006	8.6
21	0000000000000000100000100100000000000000000000001000000000000000000000000000000000000000000100000000000000000000000000000000000000000000000000000000000000000000000000000000000001000000000000000000000000000000000000000000000000000000000	42774.2	27.7
22	0000000000000000000000000000000000000000000000000000000000000000000000000000000000000000000000000000000000000000000000000000000000000000000000000000000000000000000000001000000000000000000000000000000000000000000000000000000000000000000	35596.4	4.4
23	1000000000000000000000000000000000000000000000000000000000000000000000000000000000000000000000001000000000000000000000000000000000000000000000000000000000000000010000000000000000000000000010000000000000000000000000000000000000000000000	38195.8	13.1
24	0000000000000000000000000000000000000000000000000000000000000000000000000000000000000000000000000000000000000000000000000000000000000000000000000000000000000000000000000001000000000000000000000000000000000000000000000000000000000000000	35405.8	4.3
25	0000000010000000000000000000000000000000000001000000000000001000000000000000000000000000000000100000000000000000000000000000000000000000000000000000000000000000000000000000000000000000000000000000000000000001000000000000000000000000000	36350.8	22.599999999999998
26	0000000000000010000000000010000000000000000000000000000000000000000000000000000000000000010000000000000000000000000000000000000000000000000000000000000000000001000000000000000000000000000000000000010000000001000000000000000000000000000	42723.2	27.599999999999998
27	0000000000000000010000000000000000000000000000000000000000000000000000000000000000000000100000000000000000000000000000000000000000000000000000000000000000000000000000000000000000000100100000000000000000000001000000001000000100000000000	41673.799999999996	32.3
28	0000000000000000000000000000000001000000000000000000000000000000000000000000000000000000000000000000000000000000000000000000000000000000000000000000000000000000000000000000001100001000000000000000000001000000000000000000000000000000000	36446.4	22.7
29	0000000000000000000000000000000000000000000000000000000000000000000000000000000000000000001000100000000000000000000000000000000000000000000000000000010000000000000000000000000000000000000010000000000000000000000000000000000000000000000	37287.8	13.1
30	0000000000010000000000010000000000000000000000000001000000000000000000000000000000000000000000000000000000000000000000000000000000000000000000000000000000000000000000000000000001000000000000000000000000010000010000000000000000000000000	40456.2	27.1
31	0000000000000000100000000000000000000000000000000000010000000000000000000000000000000000000000010000000000000000000000000000000000000000000000000000000000000000000000000000000001000000000000000000000010000000000000000001000000000000000	41773.2	27.799999999999997
32	0000000000000000010000000000000010000000000000000000000000000000000000000000100000000000000000000000000000000000000000000000000000000000000000000000000000000000000100000000000000000000000000000000000000000000000000000000100000000000000	42735.600000000006	22.0
33	0000000000000000000000000000000000000000000000000000000000000000000000000000000000000000000000000000000000000000000000000000000000000001000000000000000000000000010000000000000000100000000000000000000000000000001000000000000000000000000	41252.0	17.3
34	0000000000000000000000000000000000000000000000000000000000000000000000000000000000000000000000000000000000000000000000000001000000000000000000000000000100000000000000000000000000000000000000000000000000000000000000001100000000000000000	42124.6	17.2
35	0000000000000000000000000000000000000000000000000000000000000000000000000000000000000000000000000000000000000100000000010000000000000000000000000000000000000000000000000000000000000000000000000100000000000000000000000000000000000000000	40930.8	13.399999999999999
36	0000100000000000000000100000000010000000000000000000000000000000000000000000000000000000000000010000000000000000000000000000000000000000000000000000000000000000000000000000000001000000000000000000000000000000000000000000000010000000000	39566.6	27.7
37	0000000000000000000001100000000000000000000000000000000100000000000000000010000000000000000000001000000000000000000000000000000000000000000000000000000000000000000000000000000000000000000000000000000000000000000000000010000000000000000	42486.4	23.0
38	0000000000000000000000000000000000000000000000100000000000000000100000000000010000000000000000100000000000000000000000000000000000000000000000000000000000000000000000000000000000000000000000000000000000000000000100000000000000000000000	40759.399999999994	22.6
39	0000000000000000000000000010000000000000000000000010000000000000000000001000100000000000000000000000000000000000000000000000000000000000000000000000000000000000000000000000000000000000001000000000000000000000000000000000000000000000000	38798.0	23.0
40	0000000000000000000000000000000000000000000000000000000000000000000000000000000001000000000000000000000000000000000000000100000000000000000000000000000000000000000000000000000000000000010000000000000000000000000000000000100000000000000	35850.6	17.3
41	0000000000000100000000000000010010000000000000000000000000000000000000000000000010000000000000000000000000000000000000000000000000000000000000000000000000000000000000000000000000000000000000000001000000000000000000000000000000000000000	38688.0	21.8
42	0000000000000000000000000000000000000000000000000000000000000000000000000000010000000000000000000000000000000000000000000000000000000000000000001000000010000000000000000000000000000000000000000000000000000000000000000000000000000000000	36496.0	12.7
43	0000000100000000000000000000000000000000000000000000000000000000000000000000000000000000000000000000000000000010000000000000000000000000000000000000000000000000000000000000000000000000001000000100000000000000000000000000000000000000000	39008.8	18.1
44	0000000000000000000000000000000000000000000000000000000000000000000000000000000000000000000000000000000000000100000000000000000000000000000000000000010000000000000000000000000000000000000000000000000000000000000000000000000000000000000	37268.399999999994	8.4
45	0000000000000000000000000000000000000000000000000000000000000000000000000000100000010000000000000000000100000000000000000000000000000000000000000000000000000000000000000000000001000000000010000000000000000000000000000000000000000000000	41995.399999999994	22.9
46	0000000000000000000000000000000000000000000000000000000000000000000000000000000000000000000000000000000000000000000000000000000000000000000000000000000000000000000000100000000000000000000000000000000000000000001000000000000000000000000	38044.2	8.8
47	0000000000000010000000000000000000000001000000000000000000000000000000000000000000000000000000000000000000000000000000000000000000000000000000000000000000000000010000000000000000000000000000000000010000000000000000000000000000000010000	42841.0	22.3
48	0000000000000000000000000000000000000000011000000000000000001000000000000000000000000000000000000000000000000000000000000000000000000000000000000000010000000000000000000000000000000000000000000000000000000000000000000000000000000000000	38325.0	17.4
49	0000000000000101000000000000000000000000000000000000000000000000000000000000000000100000000000000000000001000000000000000000000000000000000000000000000000000000000000000000000000000000000000000000000000000000000000000000000000000000000	39952.0	13.600000000000001
50	0000000000000000000000000000000000000000010000000000000000000000000000000000000000000010001000000000000000000000000000000000000000000000000000000000000000000000000000000000000000000000000000000000000000000001000000000000000000000000000	30154.199999999997	12.2
51	0000000000000000000000000000000000000000000000000000000000000000000000000000000000000000000000000000000000000000000000000000000000000000000000000000000100000000000000000000000000000000000000000000000000000000000000000000000000000000000	14682.8	3.9
52	0000000000000000000000000000000000000000000000000000000000000000000000000000000000000000000000000000000000000000000000000000100000000000000000000000010000000000000000000000000000000000000000000000000000001000000000000000000000000000000	35062.6	12.4
53	0000000000000000010000000000100000000100000000000000000000000000000000000000000000000000001100000000000000000000000000000000000000000000000000000000000000000000000000000000000000000000000000000000000000000000000000000000000000000000000	40930.6	18.099999999999998
54	0000000000010000000000000000000000000000000000000000000000000100010000000000000000000000000000000000000000000000000000000000000000000000000000000000000000010000000000000000000000000000000000000000000001000000000000000000000000000000000	41737.4	21.0
55	0000000000000000000000000000000000000000000000000000000000000000000000010000000000000000000100000000000000000000000010000000000000000000000000000000000000000000000000000000000000010000000000000000000000000000000000000000000000000000000	34050.4	17.5
56	0000000000000000000000000000000000000000000000000000000000000000000001000000000010000000000000000000000000000000000000000000000000000001000000000000000000000000000000000000000000000000000000000000000000000100010000000000000000000000000	41680.6	22.200000000000003
57	0000000000000000000000000000000000000000000000000000000000000000000000000000000000000000001000000000000000000000000000010000000000000000000000000100000000000000000000000000000000000000000000000000000000000000000000000100000000000000000	41626.6	12.899999999999999
58	0000000000000000000000000000000000000000000010000000000000000000000010000000000000000000100000000000100000000000000000000000000000000000000000000000000000000000000000000000000000000000000000000000000000000000000000000000000001000000000	42298.6	22.6
59	0000000000000000000000000000000000000000000000000000000000000000000000000000000000000000000000000000000000000000000010000000000000000000000000000000000000000000000000100000000000000000000000000000000000000000000000000000000000000000000	42605.2	8.899999999999999
60	0000000000000010000000000000000001100000000000000000000000000000000000000000000000000000000000000000000000000000000000000000000000000000000000000000000000000001000000000000000000000000000000000000000001000000000000000000000000000000000	42412.2	22.2
61	0000000000000000000000000010000100000000000000000000000000000000001000100000000000000000000001000000000000000000000000000000000000000000000000000000000000000000000000000000000000000000000000000000000000000000000000010000000000000000000	42505.600000000006	27.799999999999997
62	0000000000000000100000000000000000000111000000000000000000000000000000000000000000000000000000000000000000000000000000000000000000000000000000000000000000000000000000000000000000000000000000000000000000000000000000000100000000000000000	40400.4	22.8
63	0000000000000000000000000000000000000000000000000000000000000000000000000100000000000000000000000000000000000000000000000000000000000000000000000000000001000000000000000000000000001000000000000000001000000000100000000000000000000000000	43100.4	22.299999999999997
64	0000000000000000000000000000000000000000000000000010000000000000000000000000000000000000000000000000001010000000000000000000000000000000000000000000000000000000000000000000000000000000000000000000000000000000000000000000000000000000000	36073.2	13.6
65	0000000000000000000000000000000000010000000000000000000000000000000000000000000000000000000000001000000000000000000000000000000000000000000100000000000000000000000000000000001000000000000000000000000000000000000000000000000000000000000	34923.0	13.4
66	0000000000100000000000000000000000000000000000000000000000000000000000000000000000000000000000001000000000000000000000000000000000000100000000000000000000000000000000000000000000000000000000000000000000001000000000000000000000000000000	36162.6	12.7
67	0000000000000000000000000000000000000000000000000000000000010000000000000000000000000000000000000000000000000000000000000000000000010000001000000000000000000000000000000000000000000000000000000000000000000000000000000000000000000000000	36859.0	12.499999999999998
68	0000000000001000000000000000000000000000000000000000000000010000000000000000000000000010000000000000000000000000000000000000000000000000000000000000000000000000000000000000000000000000100000000000000000000000000000000000001000100000000	42924.399999999994	24.900000000000002
69	0000000000000000000000000000000000000000000000000000000000000000000010000001000000000000000000000000000000000000000000000000000000000010000000000000000000000000000000000000000000000001000000000000000000000000000000000000000000000000000	37930.0	18.4
70	0000000000000000000100000000000000000000000000000000000000000000000000100000000000000001000000000000000000000000000000000000000000000000000000000000000000000000000000000000000000001000000000000000000100000000000000000000000000001000000	40201.4	27.2
71	0000000000000000000000000000000000000000000000000000000000000000000001000000000000000000000000000000000000000000000000000010000000000000100000000000000000000000000000000000000000000000000000000000000000000000000000000000000000000000000	40200.4	12.8
72	0000000100000000000000000000000000000000000000000000000000000000000000000000000000000000000000000000000000000000000000000000000000010000000000000000000010000000000000000000000000000000000000000000000000000000000000000000000000000000000	37539.4	12.3
73	0000000000000000000000000001010000001000000000000000000000000000000000000000000000000000000000000000000000000000000000000000000000000000001000000000000000000000000000000000000000000000000000000000000000000000000000000000000000000000000	37829.6	17.5
74	0000000000000000000000000000000000000000000000000000000000000000000000000000000000000000000000000000000000000000000000000000000000000000000000000000000000000000000000000100000000000000000000000000001000000000000000000000000000000000000	41090.4	8.600000000000001
75	0000000000000000000000000000000000000000000000000000000000000000000000000001000000000000000000000000000000000000000010000000000000000000000000000000000000000000000000000000000001000100000000000000000000001000000000000000000000000000000	36729.2	23.0
76	0000000000000000000000000000000000000000000000000000000000000000000000000000001000000000000000000000000000000000000000000000000001000000000000000000000000000000000100000000000000000000000000000000000000000000000000000000000001000000000	42398.00000000001	17.6
77	0000000000010000000000001000000000000000000000000000000000000000000000000000000000000000000010000000000000000000000000000000000000000000000000000000000000000000000000000000000000000000000000000000100000000000000000000000000001000000000	35028.0	22.9
78	0000000000000000000000000000000000000000001000000000000000000000000000000000000000000000000000000000000000000000000000000000000100000000000000000000000000000000000000000000000000000000000100000000000000000000001000000000000000010000000	41333.2	21.900000000000002
79	0000000000000000000000000000000000000000000000000000000000000000000000000000000000000000000000000000000000000000000000000000000100000010000000000000000000000000000000000000000000000000000000000000000000000000000000000010000010000000000	42442.0	18.0
80	0000000000000000000000000000000000000000000000000000000000000000000000000000100000000000000000000000000000000000000000000000000000000001000000000000000000000000010000000000000000000000000000000000000000000000000000000000000000000000000	37049.2	12.8
81	0000000000000000000000000000000000000000000100000000000000000000000000000000000000000000000000000000000000000000000000000000000000000000000000000000000000000100000000000000000010000000000000000000100000000000000000000000000000000000000	35981.200000000004	18.1
82	0000000000000000000000000000000000000000000000000000000000000000000000000000000000000000000000000000000000000000000000000000000000001000000000000000000000000000000000000000000000000011000000000000100000000000000001000001000000000000000	41625.2	26.6
83	0000000000000000000000000000000000000000000000000000000000000000000000000000000000000000000000100000000000000000000000000000000000000000000000000000000000000000010000000000000000001000000000000000000000000000000000000000100000000000100	42835.0	21.5
84	0000000000000000000000000000000000000000000000000000000000000000000000000000000000000000000000000000000000000000000000000000000010000000000000000000001000000000000000000000000001000000000000000000000000001000000000000000000000000000000	40134.8	17.1
85	0000010000000000000000000000000100000000000000000000000000000000000000000000000000000000000000000000000000000000000000000000000000000000000000000000000000000000001000000000000000000000000000000000000000010000000000000000000000000000000	35443.2	17.4
86	0000000000000000000000000000010010000000000000000000000000000000000000000000000000000000000000000000000000000000000001000000000000000000000000000000000000000000000000000000000000000010000000000000000000000000000000000000000000000100000	41449.6	22.6
87	0000000000000000100000000000000000000000000000000000000000000000000001000000000000000100000000000000000000000000000000000000000000000000000000000000000000000000000000000000000000000000000000000000000000000000001000000000000000000000100	38849.8	21.200000000000003
88	0000000000000000000000000000000000000000001000000000000000000000000000000000000100000000001000001000000000000000000000000000000000000000000000000000000000000000000000000000000000000000000000000000000000000010000000000000000000000000000	35420.8	13.2
89	0000000000000000000000000000000000000000000000000000000000000000000000000000000000000000000000000000000000000000000000000000000000000000000000000000000000000000000000000000100000000000000000000000000000000100000000000000000001000000000	42373.4	13.4
90	0000000010000000000000000000000000000000000000000000000000010000000000001000000000000000000001000000000000000000000000000000000000000000000000000000000000000000000000000000000000000000000000000000000010000000000000000000000010000000000	42115.6	27.999999999999996
91	0000000000000000000000000000000000000000000000000000000000000010000000000000000000001000000000000000000000000000000000000000000000000000000000000000000000000000000000000000000000000000100001000000000000000000000010000000000000000000000	38705.4	21.8
92	0000000000000000000000000000010000000000000000000000000000000000001000000000000000000000000000000000000000000000000000000000000000000000000000000000000000000000000000000000000000100000000000000000010100000000000000000000000000001000000	38726.8	27.7
93	0000000000000000000000000010000100000000000000000000000000000000000000000000000000000001000000000000000100000000000000000000000000000000000000000000000000000000000000000000000000000000000000000001000000000000000000000000000000000000000	38504.6	22.400000000000002
94	1000000000000000000000000000000000000000000000000000000000010000000000000000000000000000000100000000000000000000000000000000000000000000000000000000000000000000000000000000000000000000010000000000000000000000000000000000000000100000000	36086.0	22.5
95	0000000000000000000000000000000000000000000000000000000000000000100010000000001000000000000000000000000000000000000000000000000000000000000000000000000000000000000000000000000000000000000000000000000000000000000000000000000000001000000	32519.0	17.8
96	1000000000000000000010000000000000000000000000000000000000000000000000000000000000000000000000000000000000000000000000000000100000000000000000000000000000000000000000000000000000000000001000000000000000000000000000000000000010000000000	42335.4	22.900000000000002
97	1000000000000000000100000000000000000001000000000000000000000000000000000000000000000000000000000000000000000000000000000000000000000000000000000000000000000000000000000000001000000000000000010000000000000000000000000000000000000000010	38541.4	27.799999999999997
98	0000000000000000000000001000000000000000000000000000000000000000100000000000010000000000000000000000000000000000000000000000000000000000000000000000000000000000000000000000000000000000000001000000000000000000000000000100000000000000000	40582.0	22.500000000000004
99	0000000000000000000000000000000000000001000000000000001000000000000000000000000000000000000000000010000000000000000000000000000000000000000000000000000000000000000000000000000000000000000000000000000000000000000000000000000000000100000	36455.2	17.7
