SOLUCIONES FIN 

0	01110000001101011100010101100110011010010000011111111001011101010000010111010001011010101110111011100001111100101000110101000111000101110001111011101100111010001110110011011100010100111011011111111000001000110101000000011011000111101101	1639652.1999999997	539.3999999999999
1	00000000000000000000000000000000000000000000000000000000000000000000000000000000000000000000000000000000000000000000000000000000000000000000000000000000000000000000000000000000000010000000001000000000000000000000000000000000000000000000	17405.8	9.4
2	11101111100101011001011101110110100000110000000000100010000010011111101100011101000100011110111110101110111110001100011001101010010100010111000110001000101110011001000110100001001111011100001000010001110110001100011010110000110100110110	1431412.0000000005	506.1
3	01000000100100000000000000000000000001001000000000010000000000000000000000000010000000101000000000000000000000000000000000000000000000000000000000000000000000000000000000000000000000000000000000010000000000000000000000000000000000000000	107931.4	44.4
4	00010000000000000000000000000000000000000000000000000000000000000000000000100000000100000100000000000000000000001000000000000000000000000000000100000000010000000000001000000000000000000000001000000000000000100010000000000000001000000000	157664.99999999997	53.3
5	01000000000000000000000000010000000000010000000010000000000000000000000000000100000000000000000000001000000000000000100000000000000000010000000000000000000000000000000000000000000000000001000000010000000001000000010000000010000000000000	141502.59999999998	58.7
6	00000000100000001000000000000000000000000001000000000000000000000000000000000000000000000000000000010000000000000000000100000000000000000000000000000000000100000000000000000000000010000000000000001000000000000000000000000000000000000000	93927.0	36.1
7	00000110110110100101011100100110001110100100111000100100011001101001010010000110000011001101100011111110111011000010011000011100011001001000111100011010000101101001000000111100000000001101111011101011000000110101000111100000000100110001	1337447.2	447.9999999999999
8	00000001000000000000100000000000000000000000000000000000000000000000000000000000000000000000000000000000000000000000000000000000000000000000000000000000000000000000000000000000000000001010000000000000000000000000000001000000000000000000	40825.4	22.700000000000003
9	01011101011000101110011011111000100011011101001001111101011000001111010100011000100111010111000100110110100000110000110010111010100110010100010010110100111000001000100011110001110001000110000101000011111001000100101011011010000011100110	1423066.4	489.1
10	10001011101100110110001001100100001101111011100000001110010110000011100011011011100011101101001110110010111111011110010001001010011100000001100101111001011100011111101011100100111111001011000000111101100001101110100100010100110100100000	1595518.2000000002	523.1999999999999
11	00100010110000010011101110101100000100010110100011000110010010101100010100000100011101011001000011001011010110000110100110010111100001100010110010100100000001011101100001001001110110100100101010000000101110010000111011101101010000101000	1252203.2000000002	423.9
12	00000000000000000000000000000000000100000000000000100000000000000000000000000000000000000000000000000000000000000000000000000000000000000000000000100000000000000000000000000000000000000000000000000000000000000000000000000000000000000000	38631.4	13.2
13	01000010000000011100111000001011000011001100100011110101010101111111010111110111110111010010111100010001101000000000100000010011000010000100101000010110001110100101010110110101110110100000101100100001001110000000011010101111000001010011	1335490.3999999997	461.5999999999998
14	00000000000000000000000000000000000010000000001000000000000000000000010101000000000000000000010000000000100100000000000000000000000000000000000000101000000000000000010001000001000000000100000000000000000000000000010010000000000000000000	241640.19999999998	71.8
15	11000001001010111001010011000011111011000011101100111101110110001000110010010110000100011110110011111010011110100010011110110000011001111100001100011001001010010111011000010111110001011001000101111110011011110110000010111100101000011010	1501551.4000000004	524.7
16	11111101101110100011101110010101111111001000111111110000101101111110000110000001000111000111001111011010101111101011011010000110111111000000110111111000001011000011000110111110011001001111011101100111111101101111111011001110001101001011	1786053.9999999995	609.9999999999999
17	01111011010110100100111111011011011111100011111010000111001110011010001101101000110111111101110001011101011010001010111110111110101100011011000011010011011011000101111111010110000010111100100110110011110011010101110101111010100000111101	1829156.1999999995	605.6
18	10001111101001100010001010101101100011001111101111000001111100000101110000101001101101111000011110000001000101110001011110110000000011101111100000011100001011100101000001110011110011000000000100010010010100000011010000111100111111110010	1390219.4000000001	480.9
19	01100110001000010011010011101000110001101010001000000111101001100101100101110111001000010101111011101101010101001010110001010001111000001111101011101111101111011100100010101111000011010011100110000010001010111101001101110100000011101111	1574722.4000000004	516.1
20	00000000000000000000000000000000000000000000000000001000000000000000000000000000000000000100000000000000000000000000010000000000000000000000000000000001000000000000000000000000000000000000000100000000000010000000000100100000000000000000	90964.0	35.699999999999996
21	00100000011001000010000111010101011100110100100110101100111101001000001000011110110011000011111110101101110001110101000010110001100011101010101111011001110100010111011111110001111100011010000011100000111010010110010001001010101100011101	1591121.4000000001	511.49999999999983
22	01011001011110011001110000001001100101111111100001000100110111010111000100000110100111011010010010000110101011000111111110000100100011010110101001000010010011010000001000111011100100100110101111100000000010011011100101100100111010000100	1389010.6	481.39999999999986
23	01001001000111111001100010111001101101110001001100000100101011100011010010001101100100011110110001001100010110001011110101010100000101011111101100011110000010100011000001101110000001010001100101011100100011101001111000001101010010101101	1418776.4000000001	485.49999999999994
24	01101010011010100000100010100100000000001110010010001110010110111100001111100111101010100001100000011010110100100100101000000010101100000010101010100101000110111010111001111010000010100000010011001011101101010001010110110110010100000110	1361928.9999999995	436.69999999999993
25	00110000000000000000000000000000000000000000001000000000000000000000110000000000000000000000000000000000000000000000110000000000000000000000000000100000000000000000000000000000000000000000000000000000000010000000000100000000000000000000	123801.79999999999	45.6
26	00011001001000100010110001101101110010100101111000000101100111100111011110010101101001110000011101001101001101010111110010011110101000100110010110011111111010110011000001110000011000101101001000101001100010001010001100011111001111111100	1516944.8000000005	511.09999999999997
27	00010110000101100000110101010110110100000001111111110110001001110100010101001010101010010011111110111111000110000100011010111000100110011101000111000110001011100101001110111110001110010000110011011101001111101010010111101111100001100010	1575615.2000000004	526.6
28	00000000000000000000000000000000000000100000000000000000000000000000000000000000000000000000000000000000000000000000000000000000000000000000000000000000000000000000000000000000000000010000000000000000000000000000000000000000000000000000	18268.6	9.1
29	00000000000000000000001000000000000000000000000000000000000000000001000000000000000000000000000000000000000000000000000000000000000000000000000000000000000000000000000000000000000000000000010000000000000000101000001000000000000000000000	57780.600000000006	27.5
30	00000000000000000000000000000000000000000000000000000000000000000000000000000000010000000001000000000000000000000000000000000000000000000000000000000000000000000000000000000000000000000000000000000001000000000001000000000000000000000000	42581.4	13.100000000000001
31	10101000011111111010011100101100001010100101011100011000101110110011110101101100100000010011101111000110101111111000011100100000110010010110100100011000101101100001110001111101101011101000011100101010101000111000110001000000000110011000	1534536.9999999998	496.6999999999997
32	01000101111101000100011010010011111110010000110011111000001101000010101100011011100111001011011101110010011111110010001011110001000011110000011000001011100011100001001010001010001000010110011010110111110011001010010101111011110100111000	1443632.2000000002	510.39999999999986
33	10101101110001100111110001100001111011000011101110011011010101011010111010110011000110110010110011011110100110100110111011011110110111110000101010110101110101011000011100111010010111111110010001000110101011111111101000001011011100100111	1751349.8000000003	595.8000000000001
34	00000000000000000000000000000000000000000000001000001000000001000100000000010000000000000000000000000000000000000000000000000000000001000000000000000000000001001000001000100000000000000000000000000011000000000000000000000000000000000000	195256.40000000002	52.300000000000004
35	00010001000010111100110111111111101010011000010101000011100100101110011111100111010111000100111010100101101001100010011111111110011110001111010111001011010111000010111110110010100110011001100010111100100111110110011110111110000100010111	1741008.2000000002	581.3
36	00000000000000011000000000000000000000000000001000000000000000000000010010000000000010000010000000001000000000000000000000000000000000000010000000000000000000000000000000000000001000000000000000000000001110000000000000000000000000000000	141592.19999999998	57.4
37	00000000000000000000000000000100000000000000000000000000000000000000000000000000000000000000000000000010000000000000000000000000000000000000000000000000000000000000000000000000000001000000000000000000000000000000000000000000000000000000	34405.8	13.6
38	00000000000001000000000000000000000000000000000000000000000000000000000000000100000000000000000000000000001000100000000000100000100000000000000000000000000000000000000000000000000000000000001000000000000000000000100000000000001000000100	126213.4	44.8
39	00000000000000000000000100000000000000000000000000000000000000000000000000000000000000000000000000000000000000000000000000000000000000000000000000000100000000000000000000000000000000000000000000000100000000000000001000000000000001000000	56360.799999999996	22.199999999999996
40	00000000000000000100000000000000000000000000010000000000000000000000000000000000000000000000000000000100000000000000000000000000000000000000000000000000100000000000000000000000000000000000000000000000000000000000000000000000000000000000	47209.0	16.7
41	00100000000000000000000000000000000000000000000000000000000000000000000000000000000000000000000000000000000000000000000000000000000000000000000000000000000000000000000000000000000000000000000100000000000000000100000000000000000000000000	30506.800000000003	13.7
42	11010101001001001011000001111100010100110111110010101001000000001111001110100011111101011111011110100010110001111100011000001011000100110010110100010000111101010010111101111011000010110101111101011110000001000101111010111111101110011010	1652757.3999999994	545.1
43	01111111100011101110111111011011110100101010100010011011011101101010011111110101110001000100111010100101101001100010011101111110011110001111010111001011010111000000000000011100010101101111010101000001000101110101111110000001011100101001	1597653.5999999994	573.7999999999997
44	00000000000000000000000000101000000000000000000100100000000000000000000000000001000000000000000000000000010000000000000000000000000000000000000000000000000000000000000000000000000000000000000000000000000000000000000000000000000000000000	70067.0	26.4
45	00010100000100101000111010011110010100101111110010101001000000001111001110100011111101011111111110110010111011111010001100111001011010100101100111111011101110010001010100111101111000111010011110001011111111000011010010110101111011101010	1736283.4000000004	576.8999999999997
46	10100110100010101001010110101001101111001011101010001011101011011001000001001000000000111001101010000101101001101011000001000000011000110100010000101111000011010010001011110100111000110010000001100011100011000011001111111010101011000010	1366964.0000000002	452.19999999999993
47	00000000000000000000000000000000000000000000000000001000000000000001000000000000100000000000000000000000000000000010000000000000000000000000010100000000000000000000000000000000000000000000000000000100000000100000000000001001010000000000	124110.20000000001	46.9
48	01011001100000100101101110001011100101011000001100110110100101000101100011110111111011001100011100001100111101110101010000110101100111100110000011011100011100100111001110011000100110000101010000011001010011010101110000111101000101110110	1538698.5999999999	515.7
49	00000000000000000000100000000000000000000000000000000000000000000000000000000000000000000000000000000000000000000000000000000000000001000000000000000000000000000000000000000000000000000000000000000000000000000000000000000001000000000000	31729.4	13.2
50	00000000000000100000000000000000001000000000000000000000000000000000000000000100000000000000000000000000000000000000000000000000000000000000000000000110000000000000000000000000000010000000000000000000000000000000000000000000000000000000	76759.0	27.3
51	01000000000010001000000000000000000000000000000000000000000000000000000000010000000000000000000000001000000000000000000000000000000000000001000000110000000000000000000000000000000000000000010000000000010000000000000000000000001000000000	134032.6	49.8
52	10011011010001001001000101111100111101000111000001101101100100000110101111111001110110011110110011111010011110100010011110110000011110000100011001101111111110011111101111011001100110100101011111111000001000110101000000011011000111101111	1734932.3999999994	573.0999999999999
53	01101101101110111101010100110010000110010101100101100000101011110111110101101100101000100011110011001010011011011101011111011001000000100001001101111111111011110000100110000101011001000100100001111001001010010010011010111000101100101001	1537246.0	516.4
54	01111101001010011011000001000011011111101010111101011100010100000111100001110111000011001110111010001001110010010001001110110011110111001000001101000001110100011000000100101011111001011100110111111001111010010011011000000101000101000110	1451083.0	523.0000000000001
55	01111011110110100100111111011010110101110010011001101001010001110011001010111000010111100011101010011110101000110101101000101001111010001110100110111000000110010100000010111010010100010001100000101000011001000000100111100101101010111001	1490383.6000000003	513.5000000000001
56	10000010100100010011111000110111000111101000011000001010010011110000110100000101011010110111111101011000101001100101000010110100000001010001011111001101011100000001100001100100000010010110000011011010000001001011101011011111000011111001	1328316.4000000006	452.99999999999994
57	10010000100101111011111100011101110101101001100011010000001101011011111010000111010011010000011110101101100000011110011111110110110100111101110101111110110011101011010010110010010111101110101111000011000000111110100001101000111111100111	1702672.5999999999	589.4999999999999
58	00000010000000000001000000000000000000000000000000000000000010000000000000000000000000000000001000000000000001000000000000000000100001000000000000010001000000000000000000000000000000000000000000000000000000000000000000000001000011000000	157766.80000000002	53.20000000000001
59	00000000000000000000000000000000000000000000000000000000000000000000000000000000000000000000000000000000000000000010000000000000000000000000000000000000000000001000000000000000000000000000000000000001000000000000000000000000000000000000	42747.0	12.6
60	00001000010000000000000000000000000000000000100000000010000000000000000000000000000000000000000000000000100000001100000000000000000000000001000000010000100010000000000000000000000000100100000000000000000000000000100000000010000000000000	200928.19999999998	66.6
61	00000000000000000000000000000000000000000000000000000000000000000000000000000000000000000000000000000000001000000000000000000000000000000000000000000000000000000000000000000000000000000000000000000000000000000000000000000000000100000010	36672.8	13.3
62	00010001000000000000000000000010000010000000000000010000000000100000000100000000000000000000000000000000000000000000000010000000000000000000000000000000000000000000000000000000000000000000000000000000000000000000000000000010000000000000	103327.40000000001	40.60000000000001
63	10111101000100101011101001000111101111010000101001100100000110010000111011100101010111000111011111001110101110100111000111110111010111000100100000111010110110011100110101111110101010010110111110100011111101101001100111111001111011100100	1767077.4000000001	585.1999999999998
64	11010101010101110101010001111110111010011110001111011101010011110011111011000101101001111010011001100111011001110111101101101011110011010001011001011100111000001110110010001111111001101100011010110010001111101101011010101001010011001010	1729599.1999999995	592.4000000000001
65	00000000000000000000000000000000000000000001000000000000000000000000000000000000000000010000000000000000000000000000000000000000000000000000000000000000000000000000000000000000000000000000000001000000000000000000000000000000000100000000	40567.4	16.9
66	00000000000000000000000000000000000000000000010000000000000000000000000000000000000000000000000000000000000000000000000000001000000000000000000000000000000000000000000000000000000000000100000000000000000000000000000000000000000000000000	35342.399999999994	13.1
67	01111001100001101111010000000011101000000110000110111111110111001000101010010000111010000011000010001011001111000110101001111001010101000110110000110110010000011010011010100011101111001101101010100001010011100100001010000100110100111111	1418998.2000000002	484.7000000000002
68	00000000000000000000000001000000000000000000000000000000000000000000010000000000000000000000000000000000000000000000000000000000000000000000000000000000000000010000000000000000000000000000000000000000000000000000000000000000000000000000	40623.2	13.6
69	10001011000001001001000101101111111110100010001101010100011100010010011011100100000011101110101110000110000110100000001100101011010011111100100111101100000110100100100111011001100110100101001000010001101100001110011111000011001011010111	1460053.0000000002	497.3
70	00000000000000000000000000000000000000000000000000000100000000000000000000000010000000000000100000000000000000000000000000000000000000000000000000000000000000000000000000000010000000001000000010000000000100000000001000000000000001010000	94896.6	44.5
71	00000010000000000000000000000100000000000000000000000000000000000000000000000001100000000000000000000000000000000000000000000000100000000000100000000000000000000000000000000000000000000010000000001000000000000000000000000100000000000000	100895.00000000001	39.4
72	00000010000000000000000000000001000000000000000000000000001000000000000000000000000000000000000000000000000000000000000000000000000000000000000000000000010000000000000000000000000000000000000000000001000000000000000000010000000000000000	64000.40000000001	26.5
73	11000010101000011101100111010101001001001100011111001011101100001111010110101000011110110001011010000111110011001001110111110000110000111100000110000001010010001100100110111010010011001111001101001010010000010010111001111111000011010011	1507737.8000000005	503.0999999999999
74	00000000000000000000000000000000000000000000000000000000000000000000000000000000000000000000000000000000000100000000001000000000000000000000000000000000000000000000000000000000000000000000000000000000000000000000000000000000000000000000	35356.8	9.0
75	10000000000000000100010000000000000000000000010000000000000000000000000000100000000000000010000000000000000000000000000000000000000000000000000000000000000000000000000000000010000000000000000000000000010000000000010010001000000010000000	109940.99999999999	53.599999999999994
76	00010110010111100000110101001111000011001010100011101101100010100001110011111000100111111010010101111000010011001111111000101010010011100111111101000001011110011010000101101011111001010100110111111001111101101110010111101111100000100010	1591365.5999999996	557.8000000000001
77	00000100000000000001000000000000000000000000000100000000000100000010000000000000000000001000000001000000000000001000010010000000000000000000000000000000100100000000000000000000000000000000000000000000100000000000000000000000000100000000	179437.6	57.0
78	00001000000000000010000000000000000000000000000000000000000000000000000000000000000000000000000000000000000000000000000000000000000000000000100000000000000000000000000000000000000000000000000000000000000000000000000000000000000000000000	36841.600000000006	13.4
79	00000000000000000000000000000000000000000000001000000000000000000000000000000000000000000000000000000000000000000000000100000000010000000000000000000000000000000000000000000000100100000000000000000000000000010000000001000000110000000001	106010.80000000002	43.39999999999999
80	11001000101101000000100101000011001010111111011111110000101111001011000010111010000011001011000100100001111010100111111001011000100001100110100111000001110011100000100001010111101110011000111000100000010010010111110111010011011000010101	1417382.4	490.79999999999995
81	10111111101111111111011110111100001111111111100011110010110010101110101000000110010010111110101011000110000010111110100011101100100111111001101111111000101101001110100101101011111111010111111111100001111111101010010011101100100111101110	1835733.1999999997	655.1000000000004
82	01000000000000000000000000000000000000000000000000000000000000000000001000000000000000000000000000000000000000000000000000010000000000000000000000000000000000000000000000000000000000000000000000000000000000000000000000000000000000000000	38513.4	13.5
83	01000101111101000100011010000011111110010000110011011010100110011010010000000111010101110001101001010100011001100100010000100001100110010110001011101110001100101000001011001010100101010011101000000000110011001100111100000011100000111100	1316454.3999999997	447.5
84	00000011110100100011110001100010001000110111001110101101101010100100001111100000000011010000101101110111111011001101111001100001000100011000011010100100110001011101000110001101111011100111000001101111011000010001001011000111011101111111	1479731.0	512.7999999999998
85	01000000000011110100000111010011100101111001100000011001110000100000100101000001110111010111001011011111101111100011111010000110111111000000010111111110010011101111100010010000101011100011011010111001010100100001110110111101101110010110	1559221.5999999999	524.8000000000001
86	10111110011101001110000101001100111101110000100010111000010010101110011100001101001110001111011110001110101010011011110100110101101010110101110010100010111111101010001100001111001010001110011001010110110110000001011010001010100100110001	1555775.7999999998	531.3
87	00110010101011010011010000100000011010101110010100000100101010010001010110100100000100101100000010011010010111011110110100100000010101010000011000011000001101001010100101101011111101101010001100101111110100000010110110101111111011100110	1366879.4	478.6999999999999
88	00000000000000000000000000000000000000000000000000000000000000000000000000000010000000000000000000000000000000000000000000000000000000000000100000000000000000000000000000000000000000000000000000000000000000000000000000001000000000000000	30564.800000000003	13.0
89	00000000000100000000000000000010000000000010000000000000001000101010100000100100001000000000000000000010100000000100000001000000000010000000000000000000000001001000000010000100000000010000000010100100001000000000000000000010000000100000	371277.9999999999	116.19999999999999
90	00010000000000000000000000000000000000000000000000000000000000010000000000000000000000000000000000000000010000000000000000000000000000000000000000010000000000000000000000000000010000000000000000000000000000000000000000000000000000000000	69892.79999999999	23.2
91	00000000000000000000000000000000000000000000000000000000000000000000000000000000000000000000000000000100000000000100000000000000000000000000000000000000000000000000000000000000000000000000000000000000000000000000000100000000000000000000	37741.8	13.399999999999999
92	00100000000000000000000000000000000000000000000000000000000000000000000001001000000000000000000000000000000000000010000000000000000000000000000000000000000000000000000000000000000000000000000000000000000000000000000000000000000101000000	68319.4	26.4
93	00000000000000000000000000000000000000000000000000000000000000000000000000000000000000000000000000000000000000000000100000000000000000000000000000000000000000000000000000000000000000000000000000000000000000000000010000000000001000000000	33485.6	13.3
94	10000010101100101000111001000001000000101000110111110110011001110010001011000110111100001011110010100110101100000001000001011111110101010000000000111000010100001100001111001110110000011010000010100111101101001001101101101011010010101101	1355008.4000000004	462.5
95	00000000000000010000000000000000000000000100000000000000010000000000100000000000000010001000000000000000000000000000000000000000000010000000000000000000000000000000000000000000010000000100000100000000000000000000100000000000000000000000	112569.79999999999	48.900000000000006
96	11101100111011111011011110000011011111101010111001011111001100000111111001110101111110010010101000000101100010111010110011100011110001011000011000110110100101001101010110011100011010110111110010011110101100111001100101111011100100111100	1722401.5999999996	591.8000000000001
97	00000000000000000000000000000000000000000000000000000000000000000001000000000000000000000001000000100000000000000000000000000000000000000000000000000000000000000000000000000000000000000000000000000000000000000000000000000000000000000000	38242.4	8.7
98	11101111011111110111101101100110111000111110010010010111010011111111000111100011110101101011101110000110011110110010010000101011100111001010100110001111110001001011111110111010001011111010010001000110111011111111000100110100111001000111	1806090.7999999998	613.5999999999999
99	01000000000000000000000000000000000000000011000000000000010000000000000000000000000000000100000000000000000000010000001001000000000000000000000000000000000000000000001000010000000000100000000000001000000000000000010000000000000001000001	213955.8	66.89999999999999
