SOLUCIONES FIN 

0	0000000000000000000000010000000000000000000000000000000000000010011000000000000000000000000000000000000000000000000000000000000000000000000000000100000000000000000000000000000000000000000000000000000000000000000000000000000001001000000	42865.4	31.999999999999996
1	0000000000000000000000000000000000000000010000000000000000000000000000010000000000000000000000000000000000000000000000000000000000000000000000001000000000000000000000000000000000000001000000000000000000000010000000000000000000000000001	41193.200000000004	26.1
2	0000000000000000000000000000000001010000000000000100000000000000000000000000000000000000000000000000000000000000000000000000000000000000000000000000000000000000000000000000000000000000000000100000000000000000000000000000000000000000000	34242.2	17.2
3	0000000000000000000000000000000000000000000000000000000000000000000000000000000000000000000000000000001000000000000000000000000000000000000000000000000000000000000000000010000000000000000000000000000000000000000000000000000000000000000	42089.0	8.9
4	0000000000100000000000000000000000000000000000000000000000000000000000000000001000000000000000000000000000000000000000000001000000000000000000000000000000000000000000000000000000000000000000000000100000100000000000010000000000000000000	39567.399999999994	27.400000000000006
5	0000100000000000001000000100000000000000000000000000000000000000000000000001000100000000000000000000000000000000000000000000000000000000000000000000000010000000000000000000000000000000000000000000000000000000000000000000000000000000000	39327.8	26.599999999999998
6	0000000000000000000000000000000000010000000000000000000000000000000000000000000000000000000000000000000000000000000000000000000000000000000000000000100000000001000000000000000000000000000000000000000000000000000000000000000000000000001	38394.8	16.8
7	0000000001000000000000000000000000000000000000000000000000000000000000000000000100000000000000000000000000000000000010000000000000001000000000000000000000000000000000000000000000000000000000000000000000000000000010000000000001000000000	41672.0	25.0
8	0000000000000000000000000000000100000000000000100000000000001000000000000000000000001000000100000000000000000001000000000000000000000000000000000000000000000000000000000000000000000000000000000000000000000000000000000000000000000000000	40445.2	22.799999999999997
9	0000000000000000000000000000000000000000000000100000000000000000000000000000100010001000000000000000000000000000000000000000000000000100000000000000000000000000000000000000000000000000000000000000001100000000000000000000000000000000000	41634.0	31.2
10	0100010000000000000000000000000011000000000000000000000000000000000000000000100000100000000000000000000000000000000000000000000000000000000000000000000000000000000000000000000000001000000000000000000000000000000001000000000000000000000	41480.600000000006	36.0
11	0000000000000000000000000000000100000000000000100000000000000000000000000100000000000001000000010000000000000000000000000000000000000000000000000000000000000000000000000000000000000000000000000000000000000000000001000000000100000000000	37007.6	30.1
12	0000000000000000000000000000000000000000000000000000000000000000000000000000000000000000000000000000000000000000000000000000001000000000000000000000000000001000000000000000000000000000000000000000000000000000000000000100000000000000001	39760.8	16.400000000000002
13	0001000000000000000010000000100000000000000000000000000000000000000000000000000000000000000000000000000000001000000000000000000000000000000000000000000000000000000000000000000000000000000000000000100000000000000101000000000000000000000	40779.0	32.1
14	0000000000000000000000000000000001000000000000000000000000000000000000000000000000000100000000000000000000000000000000000000000000000000000000000000000000000000000000000000000000000000000000000000000000000000000000001000000000000000000	16259.0	13.3
15	0000000000000000000000000000000000000000000000000000000000100000000000000000000000000001000000000000000000000000000000000000010000000000001000000000000000000000000000000000000001000000000000000000000000000000001000000000000000000000000	42853.99999999999	24.3
16	0000000000000000010000000000000000000000000000001000000000000000000000000000000000000000001000000000000010000000000000000000000000000000000000000000000000000000000000000000000000000010000000100000000000000000001000000000000000010000000	42645.99999999999	35.8
17	0000000000000000000000000000000000000000000000000000001000000000000000000000000000000000000000000000000000000000000000001000000000000000000000000000000000000000000000000000000000000000000000000000010000000000000000000000000000000000000	25470.199999999997	13.5
18	0000000000000010000100000000000000000000000000000000000001000000000010100000000000000000000000000000000000000000000000000000000000000000000000000000000000000000000000000000001000000000000000000000000010000000000000001000000000000100000	41343.99999999999	41.199999999999996
19	0001000000000000000000000000000000000001000000000010000000000000001000000000000100000000000000000000000000000000000000000000000000000000000000000000100000000000000000000000000000000000000000000000000000000000000000000000000000000000000	38852.399999999994	27.0
20	0000000000000000000000000000001000000000000000000000000000000000000000000000000000000000000000000000000000000000000000000000000000000010000000000000000000000000010000000000000000000000000000000000000001001000000000000000000000000000000	38264.8	21.6
21	0000000000001000000000000000000000010000000000000000000000000000000000000000000000000000010000000000100000000000000000000000000000000000000000000000000000000000000000000000000000000000000100000000000000000000000000100000000000000010000	42055.4	31.5
22	0000100000010001000000000000000000000000000000000000000000000000000000000000000000000000000000000000000000000000000000000000000000000000000010000000000000000000000000000000000000000000000000000000000000000000001000000000000000000000000	41428.0	22.3
23	0000000000000110000000001000000000000000000010000000000000000000000000000000000000000000011000000000000000000000000000000000000000000000000000010000000000000000000000000000000000000000000000000000000000000000000000000000000000000000000	42899.399999999994	31.5
24	0000000000000010001000000000000000000000100000000000000000000000000000000000000000000000000100000000000000000000000000000000000000000000000000000000000001000000000000000000000000000000000000000000000000000000000000000000000000000000000	32128.8	17.1
25	0000000010000000000001010000000000000000000000000000000001000000000000000000000000000000001000000000000000000000000000000000000000000000000000000000000000000000000000000000000000000000000000001000000000000000000000000000001000000000000	42728.4	32.0
26	0010000000000000000010000000000000000000000000000000000000000000010000000000000000000000001000000000000000000000000000000000000000000000000000000000000000000000000000000000000001000000000000001000001000000000000000000000100000000000000	41997.4	36.49999999999999
27	0000000000000001000000000000000100000000000000000000000000000000000000000000000000000000000000000000000000000000000000000000000000000000000000000000100000000000000000000000000000000000000100000100000000000000000000000000000000000000000	39369.0	22.599999999999998
28	0000000000000000010000000000000000000000000001000000000000000000000000000000000000000010000000000000000000000000000000000000000000000000001000000000000000000000000000000000000000000000000000000000000000000000000000000000000000000000000	32905.0	17.1
29	0000000000000000000000000001000000000000000001000000000000000000000000000000000000000000000000000000000000000000000000000000000000000000000000000000000000010000000000000000000000100000000000000000100000001000000000000000000000000010000	42855.8	30.500000000000007
30	1000000000000000000000010000000000000000000000000000000000000000000000000100000000000000000000000000000000000000000000000000000000000000000000100000000000000000000000000000000000000001000000000000000000000100000000000000000000000000000	41830.8	27.200000000000003
31	0100000000000000000001000000000000000000000000000000000100000000000000000000000000000100000000000000000000000000000000000000000000000000000000000000000000000000000000000000000000000000000000000000010000000000010000001000010000000000000	42780.99999999999	36.7
32	1000000000000000000000000000001000000000000000000000000000000001000000100000000000000100000000000000000000000000000000000000000000000000000000000000000000000000000000000000000110000000000000000000000010000000010000000000000000000000000	40798.8	41.0
33	0000000000010000000000000000000000000000000000000000000000000000000000000000000000000000000000000000010000000000000000000010000000000000000000000000000000000000000000000000000000000010000000000000000000000000000000000000000000000000000	39848.2	17.6
34	0000000000000000000000000001000000000000000000000000000000000000000000000110000100000100000000000000000000000000000000000000000000000000000000000000000000000000000000000000000000000000000001000000000000000000000000000010100000000000000	38432.8	36.300000000000004
35	0000000000000000000000000000000000000000000000000000000000000000000000000000000000000000000000000000000000000000000000000000000000000000000010000000100000000000000000000000000000000000100000000000000000000010000000000000000000000000000	39732.799999999996	16.7
36	0000000000000000000000000000000000000000000000000000000000000000000000000000000001000000000000000000000000000000000100010000000000000000000000000000000000000000000000000000000000000000000000000010000000000000000000000000000000000100000	41109.4	22.1
37	0000000000000000000000000000000000000000000000000101000000000000000100000000000010001000000000000000000000000000000000000000000000000000000000000000000000000000000000000000000000000000000000000000000000000000000000000010000001000000000	43138.399999999994	30.4
38	0000000000000000000000000000000000000000000000000000000000000000000000000000000000000000000000000000000000000000000000000000000000000000000000000000000000000000000000001000000000000001000000000000000000000000000001000000000000000000000	42310.8	13.3
39	0000000000000000000000000000000000000000000000000000000000000000000000000000000000001000000000000000000000000000000010000000000000000000001000000000000000000000000000000000000000000000000000000000000010000000000000000000000000000000000	32616.2	17.0
40	0000000000000000000000000000000000000000000000000000000000000000000000000000000000000000000000000000000000000000000000000000000000000000000000000000000000000000000000100000000000000000000000000000000000000000000000100000000000000000000	38235.799999999996	8.7
41	0000000000000000001000000000000000000000000000100000000000000000000100000000000000000000000000000010000000000000000000000000000000000000000000010000000000000000000000000000000000000001000000000000000000000000000000000000000000000000000	42790.4	25.1
42	0000000000000000001000000000000000000000000000000000000000000000000000000010000000000000000000000000000000001000000000000000000000000000100000000000000000000000000000000000000000000000000000000000000000000000000000000000000010000000000	40160.6	22.7
43	0000000000000000000100000010000010000000000100000000000000000000000000000000000000000000000000000000000000000000000000000000000000000000000000000000000000000000000000000000000000000000000100000000000000000000000000101000000000100000000	40603.799999999996	36.1
44	0100000000000000000010000000000000000010100000000000000000010000000000000000000000000000000000000000000000000000000000000000000000000000000000000000000000000000000000000000000010001000000000010000010000000000000000000000000000000001000	43030.799999999996	46.20000000000001
45	0000000000000000000000000000000000000000000000000000000000000000000000000000000000001000000000000000000010000000000000000000000000000000000000001000000000001000000000000000000000000000000000000000000000000000000000000000000000000000000	42154.6	17.2
46	0000000000000000000000000000000000000000000000000000000000000001000000001000000000100000000000000000000000100000000000000000001000000000000000000000000000000000000000000000000000000000000000000000000000000000000000000001000000000000000	41278.399999999994	26.599999999999998
47	0000000000000000000000000000000000001000000000001000000000000000000000000000000000000010000000000000000000000000000000100000000000000000000000000000000000000000000000000000000000000000000010000010000000000000000000000000000000000000000	38590.200000000004	25.299999999999997
48	0000000000000000001000000000000000000000000000000000000000000000000000000000000000000110000000000000000100000000000000000000000000000000000000000000000000000000000000000000000000000000000000010001000000010000000010000000000000000000000	41561.6	33.7
49	0000000000000000000000000100000000000010000000000000000000000000000000000000000000000000000000001000000000000000000000000000000000000000000000001000000000000000000000000000000000000000100000010000000000000000000000000000001000000000000	43118.200000000004	31.3
50	0000000000000000000000000000000000000000000000000000000100000000000000000000000000000000000000000000000000000000100010000000000000000100000000000000000000000000000000000000000000000000000000000000000000000000000000000000000000000000000	41610.2	16.7
51	0000000000000000000000000000000000000000000000000000000000000000000000000000000000000000000000000000000000000000000000000000000000000000000000000000000000000000000000000000000000000000000000000000000000000000000000000101000000000000000	10271.8	8.6
52	0000000000000000000000100000000000000000000000001000000000000000000000000000000000000000000000010000000000000000000000000000000100000000000000000000000000000000000000000000000000000000000000000000001000000000000000000000010000000000000	43125.8	26.299999999999997
53	0000000000000000000000000000000000000000000000000000000000000000110000000001000000000000000000000000001000000000000000000000000000000000000000001000000000000000000000000000001000000000000000000000000000000000000000000001000000000000000	42551.4	30.599999999999998
54	0000000000000000001000000000000000000000001000000000000000000000100000000000000000000000000000000000000000000000000000000000000000000000000000000000000010000000000000000000000000000000000001000000000000000000000000000000000000000100000	39059.99999999999	26.299999999999997
55	0000000000000000000000000000000000000000000000000000000000000000000000000000000000000000000000000000000000000000000000100000000000000000000000000000000000000000000000000000000000000000000000000000000000000000010000000000000000000000000	20256.0	8.8
56	0000000000000000000000000000000000000000000000000001000000000000000000000101000000000000000000000000000000000000000000000000000000000000000000000000000000000000000000000000000010000000000000000000010010000000100100000010000000000000000	38974.399999999994	40.5
57	0000000000000010000000000000000000000100000000000000010000010100000000000000000000000000000000000001000000000000000000000000000000000000000000000000000000000000000000000000000000000001000000000000000000000000000000000000000000000000010	42453.2	35.0
58	0000000000000001000000000000000000000000000000010000000000000000000000000000000000000000000000000000000000000000000000000000000000000000000000000000000000000000000000000000000000000000000000000000010011000010000100001000000001000000000	40860.2	41.0
59	0000000000010010000000000000100010000000000000000000000000000100000000000000000000000000000000000001000000000000000000000000000000000000000000000000000000000000000000000000000000000000000000000000000010000000000000000000000000000000000	42973.4	31.099999999999998
60	0000000000000000000000000000000000000000000001000000000000000000100000000000000000000000000000000000000000000000000000001000000000000000000000000010000000000000000000000000000000000000000000000000000000000000000000000000000000000000000	40468.2	17.299999999999997
61	1000000000000100000000000000010000000000000000000000000000010000000000000000000000000000000000000000000000000000000000000000000000000000000000000000000000000000000000000000000000000000000000001000100100000000001000000000000000000001000	41321.4	41.1
62	0000000000000000000000000000000000000000000000000000000000000000000000000000000000000000000000000000000000000000000000000001000000000001000000000000000000000000000000000000000000000000000010000000000010000000000000000000000010000000000	39490.4	22.0
63	0000000000000000000000000000001000000000000000000000010000000000000100000000000000100000000000000000000000000000000000000000000000000100000000000000000000000000000000000000000000001000000000000000000000000000000000000000000000000001000	41464.799999999996	30.6
64	0000000000000000000000000000000000000010000000000000000000000000000000010000010000000000000000000000000010000000000000000000000000000000000000000000000000000000000000000000000000000000000100000000000000000000000000000100000000000010000	42269.8	31.799999999999997
65	0000000000000000000000000000100000000000000000000000000000000000000000000000000001000000000000000000000000000000000000000000000000000000000000010000000000000000000000000000000000100000000000000000001000000010000000010000000000000000000	42915.399999999994	30.799999999999997
66	0000000000000000000000000000000000000000000000000000000000000000000000000000000000000000000000000000000100000000000000000000000000000000000000000000000100000000000000000000000000000000000000000000100000000000000000000000001000000000000	33366.0	17.9
67	0000011000000000000000000000000000000000000000000000000000000000000000000000000000000000000100000000000000000000000000010000000000000000000000000000000000000000000000000000000000000000100000000000000000000000000000000000000000000000001	40817.6	21.6
68	1000000000000000000000000000000000000000000000000000000000000000010100000100000000000000000000000000000000000000000000000000000001000000000000000000000000000000000000000000000000000000000000000000000000000000000000000000000000000010000	39407.2	26.5
69	0000000000000000000000000000000000000001000001000000000000000000000000000000000000000000000000000000000000000000000000000000010000000000000000000010000000000000000000000000000000000000000000000000000000000000000010000000000000000000000	42625.6	20.900000000000002
70	0000000000000000000000000000000000000000000000100000000000000000000000000000000000000000000000000100000000000000000000000000000000010000000000000000000000000001000000000000000000000000000000000000000000000000100000000000000000000000000	40808.2	17.8
71	0000000000000000000000001000000000000000000000000000000000000100000000000000000000000000000000000000000000000000000000000000000000000000000000000000000100000000000000000000000000000010000000000000000000001000000000000100000100000000000	42592.799999999996	30.699999999999996
72	0000000000000000000000000000000000000000000000000000000000000000000001000000010000100000000010000000000000000000000000000000000000000000000000010000000000000000000000000000000000010000000000000000000000000000000000000000000000000000100	42303.4	30.200000000000003
73	0000000000000000000000000000001000000000000000000000000000000000000000000000001000010000010000000000000000000000000000000000000000000000000000000000000000000100000000000000000000000000000000000000001000000000000000000000000000000000000	36589.0	22.7
74	0000000000000000000001000010010000000000000000000000000000000010000000000000000000000000000000100000000000000000000000000000000000000000000000000000000000000000000000000000000000010000000000000000000000000000000000000000100000000000000	42327.8	32.2
75	0000000000000000000001000000000000000000000000000000000000000000000000000000000000000000000000000000100000000000000001000000000000000000000000000000000000000000000000000000000000000000100000000000000000000000000000000000000000100000000	40307.799999999996	22.3
76	0000000001000000000000100010000100000000000000000000000000000000000000000000000000000000000000000000000001000000000000000000000000000000000000000000000000000000000000000000000000000000000000000000000000000000000000000000000000000000000	39681.399999999994	23.4
77	0000000000000000000000000000000000000000000000000000000000000000000000000000000000000000000000000000000100000000000000000000000001000000000000000000000000000100000000000000000000000000000000000100000000000000000000000000000000000000000	37245.0	18.2
78	0000000000001000000000000000000000000000000000000000000000000000000010000000000000000000000000000000000000000000000000000000000000000000000000000000100000000010000000000000000000000000000000010000000000000000000000000000000000000000000	41424.8	21.599999999999998
79	0000000100000000000000000000000000000000100000000000000000000000000010000001000000001000000000000000000000000000000000000000000000000000000000000000000000000000000000000000000000000000000000000001000000000100000000000000000000000100000	37704.0	35.8
80	1010010000000000000000000000000000000000000000000000000000000000000001000000000000100001000000000000000000000000000000000000000000000000000000000000000000000000000000000000000000000000000000000010000000000000100100000000000000000000000	43059.200000000004	39.300000000000004
81	0000000000000000000000000000000000100000000000100000000000000000000000000000000000010000000000000100000000000000000000000000000000000000000000000000000000000000000000000000000000010000000000000000000000000000000000000000000000000000010	33764.399999999994	17.8
82	0010000000000000000010001000000000000000000000000000010001000001000000000000000000000000000000000000000000000000000000000000000000000000000000000000000000000000000000000000000000000000000000100000000000000000000100000000000000000000000	42415.4	37.0
83	0000000000000000000000000000000000000000000000000001000000000000000000000000000000000000000000000000000000000000000000000000000000000000000000000000001000000000000000000000000000001000000000000000000000000000000000000010000000001000000	40251.2	23.2
84	0000000000000000000000000100000000001000000000000000000000000000000000000000000000001000000000000000000000000000000000000000000000000000000000000000000000000000000000000000000000000000101000000000000000000000001000000000000010000100000	38551.8	36.39999999999999
85	0010000000000000000000000000000001000001000000000000000000000000000010010000000000000000000000000000000000000000000000000000000000000000000000000000000000000000000000000000000000000000000000000000000010000000000100000000000010000000000	42646.200000000004	36.7
86	0000000000000000000000000001000000000001000000000000000000000000001000000000000000000000100000100000000000000000000000000000000000000000000000000000000000000000000000000000000000000000000000000000000000000010000000010000000000000000000	41438.799999999996	31.4
87	0000010000000000000000000000000000000000000000000000000000000000000000000000101000000000000000000000000000000000000000000000000000000000000000000000000000000000000000000000000000000001001000000011000000001000001000000000000000000010000	42625.799999999996	44.9
88	0000000000100000000000001000000000000000000000000000000000000000011000000000000000000000000000000000000000000000000000000000000000000000000000000000000000000000000000000000000000000000000010001000000000100000000000000000000000000000000	36150.600000000006	31.9
89	0001000000000000000000000000100000000000000000000000010100001000000000000010000000000000000000000000000000000000000000000000000000000000000000000000000000000000000000000000000001001000000000001000000000000000000000000000000000000000000	42485.0	41.7
90	0000010000000010000000000000010000000000000000000000000000000000000000000000000000000000100000000000000000000001000000000000000000000000000000000000000000000000000000000000000000000000000000000000000000000000000000010000000000000000000	40411.59999999999	26.700000000000003
91	0000000010000011000000000000000000000000000000000000000000000000000000000000000001000000000000001000000000000000000000000000000000000000000000000000000000000000000000000000000000000000100000000000000000010000000000000000000010000000000	40579.4	35.6
92	0000000000000001000000010000000000000000000000000000000000000000000000000000000100100000000000000000000000000000100000000000000000000000000000000000000000000000000000000000000000000000000000000000100000000000000000000000000000010000000	42582.4	31.7
93	0000000000000000000000000000000000000000000000000000000000000000000100000100000100000000010000000000000000000000000000000000000000000000000000000000000000000000000000000000000010000000000000000000100000000000000101000000000000000000100	43113.4	39.300000000000004
94	0000000000000000000000000000000000000000000000000000000000000000000000000000000001000000000000000000000000000000000000000000000000000000000000000000000000000000000000000010000000000000000000000000000000000000000000000000000000000000000	37890.0	8.7
95	0000000000000000000000010000100000000001000000000000000000000000000000000000000000000000000000000100000000000000000000000000000000000000000000000000000000000000000000000000000000000000000000000001001000000000000000000000000000000000000	30783.999999999996	22.3
96	0000000000000000000000000000000000000000000000000000000100000000000000000000000000000000000000000000000000000000001000000000000000000000000000000000000100000000000000000000000000000000000000000000000000000000000000000000000000000000000	31203.600000000002	13.3
97	0010000000000000000000000000000000000000000000000000000000000010100000000001000000000000000001000000000000000000000000000000000000000000000000000000000000000000000000000000000000000000000000000000000010000000000100000000000000000000010	40407.399999999994	36.0
98	0000000000000000000000000000010000000000000000000100000000000000000000000000000000000010000000000000000000000000000000000000000000000000000000000000000000000000000000000000000000000000000000000000000000000000000000101000000000000000000	32840.2	21.099999999999998
99	0000000000000100000010000000000000001000000000001000000000000000000000000000000000000000000000000000000000000000000000000000000000000000000000000000000000000100000000000000000100000000000000000000000000000000000000000000000000100000000	39817.6	31.299999999999997
