SOLUCIONES INICIO 

0	0101011000100100001000100111111101010001010010001100100111110110010111111001110010011001111110110111110100010001001110010011010010100100110110110100101010101110111010000001011000001110011001000010011101010010100100000111001101111001111101110	1159225.6000000006	527.9
1	1101110001011101010011001101010000101010011100011101101101101111101100011111100000001000011100001000010110111111011011110100101001011010111011001010110101001110111000111111100000010100101010011011001110100001100110000110001110100000110101001	1324743.6000000003	544.9999999999998
2	0111001011000110100111110001011100011010110010001110010001101011111101010010010011110101111110101001001111100111100110000000010110000110011000010011000111000101111010010010011000100010010001010110000000110110111001001000110000001000110110110	1160639.4000000001	497.30000000000007
3	0101010010100010111010000110000011101011110101111100011111001010111101110001100011010110001100110100001000000010111011001011000011001000010000000010010101110100001011111010110110010000001010000001101001101110010011011001010110100111011110011	1177453.2000000002	497.90000000000015
4	0010011010101010010110000011101010111110100110000111111011011000101100111111101110111010111100010101111111001101011001011001001011110011010101101110100100101000000010100011011111111100111101010011110011100010001111010101000001001001001101000	1387889.200000001	562.3999999999997
5	0111000010011101101001010011100101100111101011001101010001110101001001000111111000100101110000101010011111000100111001001001000110011010010101111001010010100101010011000001010110100000101001001000001010111100100010000010101101011000100001111	1143572.5999999999	486.2999999999999
6	0011100011011000011011010000100011010111000101111101011010010100001011011010000000011110110101111100111000100101110001100001110100100000001010011001110010010100101010001011000011000100101101010010000110011001100100110011010010001000011100110	1082986.6	466.59999999999985
7	0101100110111001010011000110000110011011100100011101001110110101111011101010000001100110101000010101110011000111110111101001011110011101100100011011110001001010100011101100000110110110111110010010001111110001001100101001001001110000000011001	1271817.0000000005	527.3
8	1101001101001110110111000001101000100000000001011110010111111011111000101010111100011010111011001100010110101011001001100000100001010001000111001001001010110100111011101001001111111000111001001001101001000110000101101011010011101101110100101	1255006.6000000003	527.3
9	1001111110010001100101111010010100111000100001011101101110111011110100001001001100100111011110101110101101110001011000100110101010110010011001110001110011101101010011000000111111010110100101001110001101000111001000001000100101110111001000111	1287049.6000000003	536.8000000000001
10	0011101010011011010011110110001001010101011001001111101110001110111100111111011011110000010010000010111011110101000111010100101001111100111100100000100110010101111000101001100010001101011101100101001111001110110001001001001000000100001110010	1214685.2000000004	538.3
11	1110101111101110010011010101011001100001111111010001101100011110000011111001111001011100011011001100011111000011110111110100011111011110101011011100101010010010111100101101001100001100100101100011001101101100111111000101011011001101100010100	1365647.200000001	596.2999999999997
12	1000110111101011111111100010100001010110111000011100000010000110101000000110011001111101111110011100000101001000111100001000110001101110100010010000001101110110000101001000010001110001000011101100110011100101001111110100001011011011010010011	1093673.2000000002	494.8
13	0001000000011011011000110001111111001111101010001100101100000101010101110010011100011110000111000001110000101011100100001110101011110110000100101000011110100101001100100100011110100101001110110101001101101101001011011111000101110010110110101	1239406.0000000007	525.8
14	0011111001110100010011011111100110011100011100111110110111000101111111110011111010001111111101111111101101100101001110000100011100010110001000101011110011100101011111000001001000111101100001110111111111011111010010101010101011101101101010111	1315131.4000000006	632.3000000000001
15	0011011110111101011111111100111101000100010000100010011001100111111101000000111100001001111001111010000111000011001101001101100101101010011110101000010111110111101101100000100111111111101100000111111000100100110011010100000010110000000110101	1283266.4000000004	559.0999999999998
16	0110111110000001001100100111111001000011010011000101000011001111111011001100111100111110110110101010100001110100110000011000110010000001001100001000000100001101001101101111101010100111101010000001000011101010111010110010111101000010101001001	1212661.4000000006	501.3999999999999
17	0000110000101101110011111001000000011001100000100010110001001010111110110011001110000110011001010101110001010100011011110001010001101100001100100110111100000000111000110110100110111100100000001100100011100100011001111111000001111111110111101	1202799.4000000001	508.80000000000007
18	0011001101000001001000110101100111110101101100101110101000101100011101000000101011001011111101001011011111010111001010111001001011101110001110110001011100010001010101101000101110110001011010001000110010101010001001010111011100110110000000001	1282154.0000000002	519.6999999999999
19	1010001100000001100010110010010011000101010100101111001101000000011011001001110100001101101011111011000001110101100001101000110001100110110100110110100111111000110111001111100100011110000010111110101011010000110000100011111111101100010111001	1235993.6000000008	529.4000000000001
20	1111010110110011101011110101010111001011000000000010000001001101000110110100011110001111011011010101000000011110101101010110100100100010000011110000000000101101001001101011110010001100100000101010011100011001100100011100110000110001000110010	1137486.0000000005	475.89999999999986
21	1101011100111010101001101010001101111100010011001011101101100000011101101010111111110010111111111011000001000100000101010110110110000101011101111111010100101001110010011001001010000010000110011000010010110010100001110001111001111110011010111	1219845.6	553.5
22	0011000011100000101010011100011001100010010110011110011101001101001001010101011001011100000110010011010111110010101001110110001010010001011001111010000000111100101010101100101000000110010011100010100100101011101000111101011000000000111101000	1109101.2000000002	484.79999999999995
23	1111111101010010011111100010010101111111001001000000110100010011110110000011011111010111110010101110001110010001001011000000110100000101111111011110101110110110111100110001110101000101000101111010111000011000101000111110011101111011011001100	1352913.6000000008	577.0999999999996
24	1001111100101000000001010010110001100110110111110011000100011010000000000110010011010111100101001101010101010010110011110110111011100101001000001101110011000111001000010100101101010000000110111011011001110010111011101100111001100001111001011	1179253.0000000002	509.4
25	0111011001001011010010101010110001011010111011000100111011011011100101111010110110101110001100011111011110001110001011100001110000001011111000000100011110011110101010111111010010000110011110100001001100001001101000101110010111011001111001100	1328739.000000001	547.2999999999997
26	0111011101111111101101001001010100000011100110101011000000001001111100011010011010111011000010100001011110000011110110000000011010100110001100110100000110011111100011000100010100000100001001110010010010011100110111100110101111100111110100011	1092555.0	509.60000000000014
27	0001001011001101001111010011000101101011010100110010110011001011101110111000101101001101101110001110110111011010110111011100001011000000011110011100010001001000101011000101111101001011010100011111110101111010011100010101100100010000101110011	1272729.2000000004	547.4999999999999
28	1101000111010111011110100101110101000000111001101100010101101001000011101001011110001111010101100100010011100100010011110001101000010100100101010111011101010011110111111001101011100100100011001110111000100100011101111111010000110000110111000	1351877.8000000005	544.4999999999999
29	0100110000011011101111110010010100010010010000001011100110010110010010110111110011101011100001011101100011011011000111100111101111111100100010011001100011011100100000101111110010010010010100111001011010110000010101110111001001011101101010110	1313809.200000001	539.0999999999997
30	1110111101011001110111001100101101010000110000111101110011111010000010010001110111111011011111011111001000111010000010010111010000111111110101101111101011010110101000000000111000000111111111000011111001010101111100011100101101110010010010000	1262445.600000001	577.9999999999999
31	1010101000111000011111101011010110010101010100000100001111100011010111100000101111111010111001100000100110000011001000001000101010010110000111000100001100100110001110110001110101001010101011000001101000000110101011100101001100110111011101111	1175280.4000000006	504.39999999999986
32	0101011111111110010100010110111010000000001000010110110000110011001100001101101111111001110101010101010001111101101000110110001010010110011010010101100100110110011110111101111101111111010110111011010001001010001000111111001011101110101110001	1462067.4000000015	575.6999999999998
33	1000011010010001111011111001110001000011010110001000100001111101000011101000000000000110001110011001111111110110110010111010010010110100000100101001000001110100100110111100000001011100100100011000000100101000000011010101101101110100100001001	1078150.6	463.9
34	0010100011010100100100111101111100010100100101000101010010110110110000010000101000010111100011101011001010100110110000011101101101110010010110011001000101011101001110110101010100000101100001000001110000101011101110100010111001101100110000101	1182661.0000000002	494.8999999999999
35	1011101111110100111100001001110110010111111011010111101001111100001000111001011110111111010111100001111000101011111001001001010000011111000001000011101001111100110110010111000010110001110010111001111101000010011101111010011111011010111000111	1362473.4000000006	601.7999999999998
36	1111100000000110100000111110000110010101111011011010101101000100001100100101100101100000000100011000010010100010010110001010111000001001010110110000100110101101000101001111101011001001110111001111001011000001110110101100000111000100100100011	1157214.0000000002	473.50000000000006
37	0010000010110010111100100000110010001110000011111000100100001001111010010011010111110000001011000011110100111000101010100000010001011110001100111111111101101010011001000000001101001101101011010110010011010000111101111001011010101111101101111	1120641.9999999998	521.5000000000001
38	1000100010011100111111010101101101100110101000100111100000110111111011001001110101010010100111101111011110011100100100000110011001100000100100000100000100100000100111100000111010011110100010101000101110111100000010011000000010111111011110100	1102838.0	507.9999999999999
39	1001110000111001101110111100001110011011111001100101100000110011011111001101010101110011101010001010000010000100101100000001110011111100001111100100011111111100011010111010001110000001000000101110000000010111010010101100011010001110001100010	1229228.9999999998	512.6000000000003
40	1010101110110010101100111011111011101011011000000101110001110011111011010111010101100101110100110011110000010011110100001010001110011110101001000110001101111110010011001010100010110001011001010000101101100110110000111001111010101101001100001	1254116.8000000003	555.3000000000001
41	1010001001011001100011001101110000111101111001001111001111110110000010100101010000110010011101000000110000100001110010100101101111000011100110101000101011011110100011100101110011011110000010111011110110010100011100100000100110000000100001111	1226409.2000000002	503.09999999999985
42	0010100011011110110011100101001101110101110001101011111110101100111110110010000000000110100011000001010111100001000111011001110100111010111010001010101000111011110010001010100110100011000101101110101110101100011111110010101011001001111110010	1281346.2000000004	561.2999999999996
43	1010010111101101100111010101001010000101010011001111000001000110101110000100001110110011101101101111111010110011010010111000000110101011100100101010111011010101011010001010010111011111100101101100100111101000111000000101011000010100011100101	1264459.4000000004	533.2999999999997
44	0111001001110101110010110001110111011100110101001100101001010111110111101001001101101101001010011101010011000100100100010111101101000111000111100111000111010100011101010111111100101110100010100101000111110010010000011110100111111101011000001	1381088.0000000007	563.3999999999997
45	0011101101000010011100110100010011101001001011111001110111011011101110011011011111111101110000011001000001001001010100100001100111101010101000001101110001010111001111100110111011111110001110111111101000010101011101010011110011000111010110100	1371437.2000000011	586.6999999999999
46	0011000010110001000001001001110111111110010000011001101111111101100110110101111000101101010010000011000010110111001001100111100000100011000110000011011101000000000110010001011111010001101111101101101011001000110100000110001111101001101011111	1208958.4000000006	522.4000000000002
47	0111011011101100011100110000111010000001011110101110111001101100001011000011101000110000100101110000000101110100101010110000011001011110110011010011110110100100011011100100010001101001011010010110101101000000001011100011010100110001011111000	1185302.2000000004	507.8999999999999
48	1101000000001100000010110011100100111011101001011010101000000100000010001111111000011011000111100000100010111011001001010011111010011010100101000000101010101110000100011100111011111000111111101101110110001111000100010010011011010100001101111	1247283.4000000001	507.7999999999998
49	1111001001111011010100011000000001101010111111100011111101111111000111000100101000001001000011011010101010111111000101111001010000011111101110101000010101011010101000101110111101010110111010110111111000011111001010010101010010101101001101010	1389310.0000000005	584.3
50	1111011101100101001010001100010101011001011101111100110111001100011110001110100011100010011001010111001100000110111011010111001111011100101001101010110010010011001010111011001001011001100100101101111101111010010011001101100101010000111001101	1324514.4000000004	566.5999999999993
51	0000001010000100111011110011100010010100101110011100100111011011000111010101111110010100000100110111110101000000100101100000000000111111001101101110110100000010010011100110001100100011000100001011111000101010111100000000011000000100010110110	1105167.9999999995	470.7000000000001
52	0011011111000110001100000011111101000101001111000010110100000100011101100000101100101100101011100011101011111110000111110110000001100000011111110000001111101110011100011000110110100111100010100011110000001101010100011100111100101110100001000	1267121.4000000006	518.6
53	0100111111101010000011100011100111010111001100000111000010011011110101101100100111101110010110110110110011101001101001101010100010011011101101110011100010010011110001001011001010101111010000110010101011101101110100101101001000101000101010111	1297162.6000000003	552.0999999999998
54	1101000101101011101101100110000111101010111111011001110111111100001010110001011101101100101011011100100101100110011010011111111011111111111001100101111100101000010011100110110010101101110011011110110110011111110111110001010101011001001110001	1465259.4000000006	636.0000000000002
55	1110101101110010000011011010101001001100010100010010000000100111100001101010111111101011011111101000101001001110110001000101111111010110011001110011011110101011110000101011000101111010000001000101110110000010000101010010100000010111000000011	1251393.6000000003	502.89999999999986
56	1110011001010111010000010001110100101010110101011000011111111000111000101111010100110100110001010011110100011101110001000011000011100110001111001111000011111001111110001111001000011000100001001111000011001110111110100100000100110010110111100	1242173.2000000007	539.6999999999998
57	1110001111011010110110111000100001111011000011101011110010101010010111111000000101000000010000000001100101001101011000100111001001011011111001011100100001100100101111100001101000011001110010000110110110010101111001001001001011010111110100110	1149664.2000000002	523.9999999999999
58	0111001011100100010110010000010001000001110011010100101111100000010010000001010011010100110000011100000101111001110001100110011010011010010010100001001010011010000001111101110001110101111001101011001000011111011100110010111101101001011111011	1245238.4000000004	505.09999999999997
59	1101000100100111000011010001110010100101001101010011010110011110100000000001110000011111001110011111000100011100000010110000111000001110100111001100011001010101110000110001010110010000010010110100101111001011001101110011010100101001001010000	1102568.8	472.9
60	0000001000101111001000011101011001101100010111001001111100000000000010000101100001000000010001000100101010011101111001001001000010100000100011011110011110111101100010110010100100001110010011101000101111001111010001000110101100010111000101110	1071914.2000000002	461.3999999999998
61	0001111101001110111111001010101011001110100011100100101101111110000001101000000000110010010000110001011010101001100011000010110101101011110000110110001101010011100010101010111111110100011010111010011000000111101101111110010010100010011100000	1345647.4000000006	528.0
62	1010100011110001011011110010111000100011001100010010000101010010110101011011110001100101000110010011000100100100100011001100100000000001000110110001000111101011110011000100111000100011111000101010000000101011101010100100100101101100101111101	1084080.0	473.1
63	0111011110110000111101101110000011000100000110111111110011010110011000101111001000010100110011100000010001111000110100100000000000101111110000010011100000100111101101011000000000000111011111111100001001010100010111101011101010001010001010111	1024345.1999999995	509.99999999999994
64	1011101101011011011110111000010010010010000010010001001100111000000101001111011101100011101000111111011101100010010110110100000110101011010100001110111000111100011001110001000011001010010100011010111111010110000001010110111111010011100000001	1174572.4000000001	519.6999999999998
65	0101010110100011101111011110101010100010001000010000011101010110001010001110111100110010010101100100110001101001010101000100100000111100101000010100101100000100101011000010001111010010000100001111101000001110001110000110000011010100100100100	1056202.7999999998	450.50000000000006
66	0100111011110100010111010001000111110011011101110110101010001101101110000011101101101010000111010011111100000001101000111101111100110000010010011110011001100101011001011001101011111011010111011111010010100011010010111001111111011001000000100	1351340.6000000008	563.3999999999999
67	1011000101100000100101100000100000111110101010101101010110010011100001100101101000011010110101101001100001001110011000011100111100100111101101000100011010100100111001001011000101100100111000111101011010100000101100111100010010101001100110010	1176898.6000000008	496.4
68	0010010110001110101100010110010010001110110101011001110101001101101100100101000110000111111011111011101110011010111110001101000010001110010100000010001010100000111011111011111011110011111100100111111101011111011101101011010010011111000001101	1428040.4000000004	590.1999999999998
69	1101111000001001010101000001111110100111101100101111100100101111000000001111000000110000100011010001001011001000110101011001101100011000001010110111010000111110000000101001011111111101011110111111000111010111110111011001000100011001010110011	1280069.6000000003	540.9999999999999
70	1111001000011100101010000111101101101100001110000000100011111011001001110000011100110000000101001110011010110111101101010001000001001000000101111111010111101011111010000011111001100111111010001010111000010011000010010110111111101011110000111	1299168.0	534.3999999999996
71	1100110111110100111011111010001010111010110011001010010100111011001110100001100011110011111000010101010111001100111000011000101011100101111101100101100011011111001111110011111100100100011101110111111101011111101001111010100010111000011001010	1453186.4000000006	606.3
72	0011110101010001010101000100010111100101110110100010100110111000101110111110110100101000000011100110010100011110110001110101001111011000010011010001100111101001011110000111100111000101110101001111100010111100110101001111001010101001011111001	1295350.2000000007	552.4999999999997
73	1000111000100011101001110101100010010110000100100100111111000110110110010011000010111111101010101010011111001100011110010010011101111010110011011100001110110110010111101110010101001110001001000000101111010100011100010011110001111010001111100	1342764.8000000007	551.5
74	1011011111101000100011000101010101000100011000111001101011110110001001111110101100101101110010001000010110001110101010100011001101011010101011001101011011001001011100110001000101011011011111111000001001110011111010001110100101100110100000101	1221842.8000000003	544.1999999999999
75	0111101100100110010001001001110001010010010001100110101001000110001110011011001010010111111111011001010010000100001001011101100100011101101000101100010101011011100001010110100100111011000100111001011101100100101001101010101101110110001000110	1172692.6	514.9999999999999
76	0111000001100000111001101011101101100010110101010111100101010010101010010100000001111001011111100100011101110011000010101111111000000000110011000011001110100000011100001101110000110111111010100101000001010101100011000111100011101010101111010	1197588.2000000007	509.99999999999994
77	1001110010100100111110111001011000000101110110001010110001101110101011100000011010001011011100110110110000111010001110000010010011110000001010110011001111010011110100111110000100010101000110000010000101101100010111101111110001001011010110110	1192279.8000000003	520.3000000000001
78	1100100110010111010111001100111000100000101100111001001011011001101100011010110011000010010011111000000101111001001010010110001001010000011011000010100111011000101110100001110100100111101011100010000110101110110101001001111010100010010100101	1167167.0000000002	511.29999999999995
79	0000000011010111100110011110101111110100010110010101100011100001011001111000100110001101110001010100000010110000010110111011111001001001111100111001101010110110000011110110001100001101001010100111101101010011110111111011111110101101100100100	1265960.4000000004	557.0999999999999
80	1100011101000110111101011001011101001111011110110011001100011111001010111010110010111011111010111101010011110010100010111111111010001000101000100010110100000110001100110011010100010100011101101100000110101011101100001110101010011101110101010	1289094.6000000006	571.2999999999998
81	1001010011001010001001100101110011001110011010000110110111100010111001010001111110010010010001001111001000000000001110001100000010111110000110101110111110101100000001000001101101111011100100100110000110101110111111101001100001100011110111111	1169419.2000000002	527.3000000000001
82	0000101000100100111000010100101100000011010001000100110111110110111100110100100111011111001110011111100101111000001100001101010101100100001110011110011000110101110011110011010101101101100000101011010111111110011101110010011110001010101110101	1314239.2000000002	548.1999999999997
83	1101010110001110110101001110111011101111000110010101011011110101111011100100001011000111000111100010001101110011000011111101010100010110110000111101111001000010010111101000110011111000011100001010011100101010100011111100110111001011010001000	1355762.4000000006	566.4999999999999
84	1010100101001110110000010011100110011011110101000010011101001100111110001010100100101000101110111100011100101001101101100000110101110110100001010010101011100010000101011000110100100000101011001010100010000001011110001111100010110001101011010	1181822.4000000001	489.2
85	0100101100011100001110001111010111100000111100110010010110001101110100111101000101010010111111000111101100000010100100101101111011100011101011011011111101001001011100101010011110100110000000000101101100000010100001101111010100100110101011111	1322617.6000000003	535.7999999999998
86	1000001001010001001110000111110011100100001001000011110011001001100000000010000011100010100111001010010001101010011010110110100101000001001111101000001101110100010100110000111110110100011101011100100101111000110001111100111010111101001001101	1183977.2	485.30000000000007
87	1000101000100011010100100010101001110000001011110100001011011111010100001000110000110110000111110000001000101111011001010101011011000000100011100111110110110011101001110000011011011110001011111110100100011110111110101111100000001110000010100	1217872.8000000003	508.6999999999998
88	0101100011100100101110110010011110010001010101101010001001010110110011110010000011001010110011010100100111111100001001110000110011111100111110110110111111010100000101111100110011111001001011011001010000010010001110110000000110001100000001111	1344733.6000000003	525.6000000000001
89	1111000110111100111001010110010111000000111110001101000111110001000000011010011101110111110000010100110111100101001111010101011001001101010011010111100111000001111100011011001100111011000000110011001110001111000101001111111111110111101101000	1352590.2000000011	570.9
90	0111001100100100011111000011000111001010010010100111000101110000110110000001101101111010100101010100011110110000011100100000111010011100100111001111110111100000101001100001001101100111001011000010001000110101011010001111001101001110001110010	1204506.6000000003	498.9
91	1101000110110100101001000011101001111110010001011111000100011111010011010010100111010101111011011111011111011011000001000101100110010010110000000010010010001111001001110000000111100011010101110000001110111001101111001010100111100010000101011	1188807.8000000003	530.3
92	1010101001100111101100110110111001111101010000010100100100010001000001111100100010011110010110101011111111101001011010110000010111001101110100000101100101111000000100011010101001100110101000001101110111100111101001111100010010000011001101110	1245382.4000000004	533.9999999999999
93	0101001011100011111111011110010001110100001101110010001100111010101011111001001110111001100001010000010111001010100101011011100000111010101010111010011010001100011111011101100101110000110101010000001110101101001010010011001111010110010010101	1318525.4000000004	551.3999999999999
94	1011001000010110111100100000100000000110010110100111010001101111001011010100101001011001011010110000011100010010001000100111101101010010011000010101001111111110010000111010000010111011000000101111011111100111011110110110011100011111100010101	1195036.0	531.1999999999998
95	0000110110111001101010000110001011100001111110100000010000010100111010011111100000000100111111010110001110101001111110101101101111111111111011001011110110111010001000001010110011110111111111110001100011111001111110100111110011010111110111010	1424823.600000001	608.4999999999998
96	0011111111110100101110111000000010101000100111100110110110101101100010001001011011000111101011100111101110001011111001101110010001001111001011100001110100001110011011100011101001101110001001001101100001011011001100111011001011010001001011001	1341532.800000001	560.9999999999997
97	1011010110101011010011000111010010001000101101000000101111110100010011001000000011000101111010001011111101011000110110001110111110000000100110010001010011011100101010000100101101111100011110110101101000011011101110010100100111100011000011000	1192099.800000001	516.6
98	0000011101110010101010111100110110001000100011010001100000100001111101101010011001110001111001101010000000100100010101000000111101001100110001001111110011011110111110011101101111101110110000011010011001110111011011110101001110101101111110110	1354512.6000000006	561.9999999999997
99	1010010000010100110011101000010111110101010111000100111001011101010101000010001010010010010011111111111111101100000001100000111011111101111110011000101101100010001010001100010011111001101101001011001111110110100100110111001010000011100001100	1246560.8000000003	536.4
