SOLUCIONES INICIO 

0	1011001110110011110111010000110010010000001001101010011011111010111100001011101100100111001000010010011111100010010101101001110111110010001010111010010100011010100000111101111101110110110001101000010110011100010001011110010101100111000	1314814.2000000002	534.2
1	0010110010011101110110110011001000110011110111011000110010010001011100010011011100011010111010110110101100000000100011010001111111000110011010010111000001110101000110100110000000111001000110101010101110001000111001100111110111100110101	1178495.3999999997	515.3
2	1001111001000001010110000100111000000001111010001010100011100111110010011101100011101100000011101101111100111111100010010111111110110100011010000011010011100101110101100011101001111100010011000011010000001101111111100001110100001010000	1291773.8	516.8000000000001
3	1101010010010000001011111111011101010101011111000011111001100100100110110111010010111101111001000100000100010000111110111011011111001010011101101100100100011010110011001111110100010111110001111111111001000000011110111100100100010011010	1386490.2	559.4000000000002
4	1111001111110110100101001101001001000011000101111010100001100111111111111100111011010111001101010000100010000101111111010101111000100100111011111011100011011110001110111010011111101011011000010010011000101011000000001010010001011011001	1374412.9999999998	551.3999999999999
5	0000010011110000011111111011101111001111111000010100111010101110110101001111010000110001001001001111110111110010111110111010111100000011111011010010100000010111111101010110101100010110100011100000111011101010001000011000111101010010011	1364035.1999999997	556.1
6	0000101001010011100001001000110100111100011111111101001000100111001111100101100110111111010011110100101111001111011010001111111100110000110000101001001000001111001111101000101101000010101111000110001011000101011101011010100101000110100	1269790.5999999999	523.9000000000001
7	1111111110101000010101111101100000000100110110010011111110011010100001100001000000011001101011110011010010011110010001101011100111000110001001111100000000001101100111001100010010101011011100010010011110011101101111000110010010010011100	1219168.4000000001	506.9999999999999
8	0101011010111001111001000011100001001111000001001110100101011100101111000100111111001111110011000010010011010110100101011111000110100000110101111100101110001100100111011001110000000000011111111010011111100011101010101110101100010111110	1367598.6000000003	550.3000000000001
9	1111000011000001111000011100010011001101011000101101110100100101001001001101011001111111110100100010000010101000100010000110111100000100100000110100100100000110100001100010101100011110011000011010110001011111111111000010110001101001000	1051302.1999999997	464.4000000000001
10	0110011000100010011101010100111001111110100101011000111000111110001101011100001111110010110000101110111011011000101010001010110010010101001100001110100110000011101011110110101000001101101101110111011111010101110100001100101001001001101	1299572.8	532.6
11	1011101110111001001000111011001111110010110101111000000011101000011100110011110011001101010011001110110000011110000101100001010000111100111011010011010100011010100000000101100101101010110011010100110110010000000110110001001101011000100	1165200.2	500.59999999999997
12	0000101011000001110011000101000100101101010010011000111110000111111001010111101001010001000110001101011111101010100111010011101101011000101000100110101100111001011011001001011010101100011010000001101111000011100011100111110010110110011	1263735.0000000002	506.3
13	0110000001000010100011110011111010000100100000111100010010110010110000000110000011000110000001101001001010111101010011010101011001011100011001001101001111011000111110010010010100010110011110111011111111010100110100110011110101011011001	1202739.2	503.4
14	0011101011000010010011001101000110010101010100001111111001000111000110100001010111000000001110100001010001100011110000110001111110110011110110000011110111101100001001010010010000101001001000110110001101101111010011011000000110011011011	1177590.4000000004	486.3999999999997
15	1000110001101111111111001101011000000100110010110100110001100110001000010011111110001010000100100000100001110110110101110101001111001001010110010101101111000010101011110110001001000010010011110100011110000010000010100001110100111110001	1246004.0000000002	492.99999999999994
16	0010101101011011100010111101101100110010110110100110000101101111001001110010101101101011100110001101110100001101011111101111000010111010101101000110010101000101101010111111010011110001110011011111101001110000110010000110110000111101001	1425162.7999999998	560.0
17	1001010011011100000101101011011011010000101111110101011111110011001011110001000110000010100110101101011011100000010000010011001010011001000111000010110101010100101011101110011000011011111001010101101011111110010110011101100000001000100	1234252.8	509.1999999999999
18	1110100110000010101001100110101001011100100000000100010000010100001000110101111111111111011010101110100001110000000110100001010010010110011111000110000000011011010010011001000100001111101011000100111001101101001111110100100010010100101	1087881.9999999998	471.4999999999999
19	1001101011010111110001000101110000010010110100101100011000000010011100000011111001000011100100101100001001001101000101100111110000010101111101101101000111101110010111000000001101010011101101010010110011100100001110010001101111010111011	1134794.9999999993	492.2999999999999
20	0110101110001011000101111100001101111001111011011000011001001110111100001000110001111011100000000010001010000100010101000110001010001011001011110000001001000100100101010011000110100000010000010110111111001010110110110010110001110001011	1080657.8	465.9
21	0100111110100111110100010001100101111110101111110100001010110111000100111000111001010100011010000101000011010011001000100100101101011001101111111000011011110111001111110011010110100000011000010000001110000111011100001110001001111011111	1345462.9999999998	526.5
22	1110001101111001100001110000100010101100100001011111110000101001010000001010110011100101011111000100100011100000110001111101001011011110101000010000101111110101011011001110010001011011010111001001110100000111000010010010011001100111011	1237707.8000000005	498.3
23	1001101001100101001010000001101000000111100101010011110011010100000001001001100110010111111111001110110101101010100000000111101110101001110110010001100011101001000010100101111111010111111011010000011110111000000001000111011011010001100	1234890.5999999999	492.29999999999995
24	1101110101000001001101010010001001011000110100000011001110100110100110111111111011100010101100110100111101111111110111000001111101111010011000011100111101100011100111111100111110010110010110100110100111100010101010001110101010001110011	1474508.4000000001	572.0000000000001
25	1101011111111011000010000111110110011111111101111111111010001100000010000101011010111110000011010100010100100010001001101101001010111110010111000110111110001101101010000100111010011110000010010110100101111100000111010010110001010101000	1271812.4000000001	532.0999999999999
26	1010111000011010010001100111100011010101010010011111111101111010100010000101000001101000111100101100010000100011111011101110111111111111011011011000100101001000010001011110001010110110101111011010011001010100111010100010000011110010001	1302286.3999999992	529.4999999999999
27	1000011100111010110000011110001111011010111100100110001111110111000111001111000101001001001001101101001001010011011110001000010010001100011111100001110111100101111011111100001110010100000001010010110011001111011110011010000100011001100	1281418.9999999998	523.9999999999999
28	1101100110111000110011111100001111001001100100000100110000100111011001110000011100100001000010101001010111110011001111110111100000000110110010011001100010001111110110101111110011001000010011110011000001111100001011011110010111110000100	1327977.5999999996	523.3000000000001
29	0010001101000000101010101101000000111000111111010111111111100010010110001100101111010111011111010111001111000110101000101110110100101110110000101010011100110100111000000001011100111010010101000111001110111011100000010001000110111101011	1233834.8	520.2999999999998
30	0100000010110001011100011110011001100001100101111001110001100011110011000110010010010111011101101100001010011010100001011001011010001110110000001101100000010111010100010011110001111101010000001011011110011110011100110010111001010000000	1156555.5999999999	478.8000000000002
31	0010111010111000110100011111110110000001100011110111000001101111000001101111011010010100010011101101010111111001100010101110100101001011010000111111101010100110010101110110110000000001100010010101101100000001100010001001110101000111100	1324063.6000000003	510.8000000000001
32	1111100010010100001110011011100101000110110000000001010100010101111010100010001010111100111100001001100100101000011100001110101001111011000111011000100100001010110111110110000000101111101110001000001111000011001111111001011001101011111	1221709.4000000004	506.4000000000001
33	0110000010101101101001010001010001101010100010101010100110100101000001100100110000011110100000001111110110001100110101000011000100101001100000110110100011100100001101011011101000011011000011100000101011010100111110101000011000100000011	1138571.7999999998	439.6
34	0011111001110000110011010010110000111010100000000101101101011101110011101110000001110101101100101001110000110011000101100000110001101101100110110001101101000100101000001100010101110111101011111001101000111110111101001111000001001110101	1166818.1999999997	517.8
35	0100010011100000110000001110000001101111001010010110010010100010010010000001010100001010010011111000110100100010101111000011100100110101011101101011011100101011010011100110110111110010110100011000001001111011000111111001100000011011010	1235790.8	484.4
36	1011010001001110110111101100100111111011111010010011000001100100001001101111000001100001101010111101100000110101110010001010010111100110010010000011001100110101110100001010011111110001111110111110010110110101001001111100111110010110000	1235053.2000000002	547.0
37	1011111011001010110011010011010011101100101100100001110101101111110011001110000000110111000011010111001010011101101100011100011101010010110001001110000101110111101100111000100110110001010001011010100101001010101000011011110110110000001	1281288.9999999998	525.9999999999999
38	0001000010011110110001111010000111000011011001000001111111110100001110101101000101001001111011000111011100010000101001001101100110011000001111000001110101011111101111000101110011000010110111000011001000110010100101111010110001101101010	1242859.4000000001	507.40000000000003
39	0110100001011100001001101111111001111001000001011110111000100100111101010110100100001100001100101011010101101000010011100000001101100011001010111010100111101001110010001011101111100110101100011100111100011001111011001100011111110110100	1245424.7999999998	537.4999999999998
40	1110101100101101011100011101110010111111100000001011101101100101111100010001101011000101001010000100000011010011111000010111100011110111100011111101100110110011100111010000010010110010101001111111111111010011110010001101110010100111111	1344772.4	570.4999999999995
41	0100111110101010001111110010100100111000110110011011101100100111011010111011010111010011111011101011011001000011110110100001101110100011010000000010001011110000111000100000110010001101100001000011010110001011101001101000000001111110110	1174406.6000000003	519.7
42	1011110101100000111011101111111101000100110111010100110010000000111111011010000100111100010001100100010100111000000111101010011111110110110101011110000111101000111110110111100100101100100100010010111111111100100001110010100100100110100	1384373.9999999998	545.8
43	1100001010010110100111011011111101100000011010010000111011000101100011111001010100000101110011111000011011000111101001010000101110110010111101000001011101111100001100110011101111100011001100001111110001010011111010011001001111010101010	1282856.6000000003	543.0999999999997
44	0101010010111000010111000100010001001100001111100101010100001000110001000001011101110110100010101100110111000100100100101001101100000001011111010110110001000110001111101100110100011111100000011001001001101001000111100100010110111100011	1202583.2	474.7
45	0010000010110001100100000001001010011000110011101000100101001001001101101001010110011010100111001111001101000110110011100111000100111000101010111010010001001001110000010111101000000001011000101100010011100000111110000101101001111101000	1144778.0	441.60000000000014
46	1011010010001111001110110001101111001100110111001011111010010110101000010000101110011011101011010001011111100011101001100010001000101010110000011101111010010010001010001000100001000111000110010000010010011010101100010100000010101000111	1124849.9999999995	479.5
47	0001010010101010110011010010110111111111001001011000001001001111111000010100001001000001011100101001101110011111110010101100000100110010100001111111101011011010001010101000111111101111010001001111010011101100100000101100101001000110101	1262895.5999999994	521.6999999999999
48	0100010010101101010111100100001011100111010011010110100100101101101011001010000010101001110010010011111000111011000010111001101111011011001110010001011011111101011100110000110110001111001011010110110000000111001100000111001101111101101	1291411.2	540.3999999999999
49	0101111000100011100110100000101000011001111001110010010001100000100100111000011111010000100111100011110010101110011101010000001011010100111110101011000010000111001011110110011100110111100010001111000010110100100101010001010101111110010	1270175.2	492.90000000000003
50	0001010001010111010111110010101111011101011100001110111001111111110001101010100111010011001000101100001001100011001111101010001011000001100011100110001111101100000000111011100011100010100000011000000001001011100100011101100010001011110	1232374.4	499.5999999999999
51	0101100111110111100001111100011000111001001010111001000011001010010111100010100000110011001100110000000110001101001111110100011100000100010011010100011000010110010010001010111010101111011110011011011110011000000100000001001000111010010	1126405.1999999997	473.30000000000007
52	0011011110000100101011100110101010000010001010111110010000111111110111001011101000000100001001010010110011111101011111000010001110111010000110001000011001101101011010101000111011001000101001010110010111110101101100011000110110101101100	1249020.2	522.2999999999997
53	0001100011110000101100011011001001101001101111100001100011111101011000011101010100110110110111010101110110010011011011011011011111101010011100111111111101100010011111100100111011001111100111001111111111010110001001000000110011010110111	1464309.6	590.6
54	0101011111111111001111100100001111000101100110001110100000100100010101101101001001000001110100011101101111100100011110100111110011011011011111101100000110011011011101000001001111100100001010101110101001001000100001110000011101001100100	1221563.4	522.6
55	0111001011010000000000010100000101110000011000101101100011011101101111000011100001110010011110110001011111101010011011100011110111110011101000000100010110011110001001110000010000000100111000010111110100011001100010011010110000011001011	1155821.4000000001	474.29999999999995
56	1100001100100100110101100000001111111110001101000001110001010110111010110101011100110110000011010100000110100111111000000000001100001011001100011110011101110111011010110110111100001011011011111111001101001011000010101111111010001010110	1303016.2000000004	531.9
57	1111110000000011010010111111101111101100000110111111110001001010010111101001000010110101100100101000100000010001101010100000101111001100110011010010111000010111000000100111111011111100001000001111100010010011110101111101010111000111100	1240298.2000000002	522.1999999999999
58	0110010110100110011100111011111111000100110001101001100011111101011010100010111010011000101010001010000111100100100110001000010111001110101000000110100000110111010100010111101010100011000101011111100001000001001010111110100100011001111	1210265.6	512.9
59	0111100111110101101100011010000101001110100100110011010111100000011011000010110110000010011111110100101101000111111110010101111111100010100011100011101110101101010000001100010101010111110111001101001100001001111100100011001111011100010	1277155.8	547.3
60	1111110101111100100011111010001000001001011011101101001010010101101001011111111110110010010010011100110010101111110101000111011111100100101001110001011100111110011100011000001101010101001010100000101110010011111111010000001100100000111	1271512.8	549.2999999999998
61	0000000101001011100101011011111111000010110011011100011001000110111000101111000101100011110000000010111111111000110100111010011100101010000010101101010101111111011010101110011110001100001111101100101100101001001110100000111100111000110	1315495.8000000003	538.6999999999998
62	0010100010101001010111001100100100001101010011001100111011010011001010111000000011111010011111001010010101011111100000000111101001101011101111101011001010000011001010000010001001010011100100010101001011110011010100101000011100001000111	1131749.2	480.8
63	0101100100001000101111110100111101001001101101110101111100110100110100100001001000101110100001100101010101101010010000101001110011100111101001111110000010011010110101110101111001100010011001010101010100000101001010100001100100001100010	1252832.0	494.8
64	1100110100000000101000000110000100000010101000011011101100000000111101010111100101000010111110101100011001000000111101011100101001110110100011100001000101011010111001111110011011111110011000110001101111111011001010100111100010110010010	1242073.4000000001	493.9999999999999
65	0001101111101000000000111001110001101111100000111001111001100010001101111100010101000101000101011010110010110000011001111011101100101011000101111111111101001000010010001001010000001001011011101011110011101011001111010100011100100101010	1243623.0000000007	515.0999999999999
66	1101101011101110110000011000000110011010001111001111100001101100000111110000111010100001011001101010111110100100011101110111011001100110000100110010010011010101101110010100010000111110000111011001101010001000110001010011110111110111110	1253774.2000000004	540.1999999999999
67	1001111110001100010101010100001000000101010111111110001110111001100100001010000100100010010010100000111001101110111001101010111110110101010110001100000101010000010100111000111101101010110101010100110000101101000100100001110001111100101	1203358.7999999996	493.4
68	0011100011101101101010000101100011000111010010000010010101111111010100100000110010110110110011110010011010011010001100111000110001100001011000010111111000111110010101000010001111100111010110000011110000100110000101101010111110011110101	1149069.4	514.3000000000001
69	1101110010010110001001011100000111000010000010001011001110001101101011111010111000001001100001001000000000011110011100010000100001111011100110011101000010101001011011011000011101000000100100111010010010111110001111100011111100111010110	1148331.7999999998	486.4999999999999
70	1110110010010100110111100000100110001111101111101110111010101110000111001011011010010000111010100010111001110110000010101100100111011101111110001101011100011000010101000000111001000010101101010011100000111001001000110000110011111111011	1242054.7999999993	533.8000000000001
71	0101101001110000000010010011101000000001111111001000000100100100101011111011010100011000111001100110100111100110100001000101001100100001101000010110000110011011101000001111101101001100001110000000100101000111111100000110011000110001011	1114711.5999999996	454.30000000000007
72	0000111110000110010111011100000001110110001101101100101011001110100001101110110101011011011111101010001101001110011111000011100010000011011100000100100100101001101001100101000101111011010111010100000101110011100100001100110000011011110	1185320.6000000006	508.6
73	0011101110010100100000110110101001011100111001011001000001011010000101101001010110111111110110001100111110011010111011011000000101111111111010100001101111011100100000101010010011111000101000010100111001011010001101100001101001000000111	1251019.9999999998	507.7999999999999
74	1011000110010100111100110000101101100100110101110100011111111110111001110100110001110100001111100010100101101100011011001110011011001011001100001111101010010001001001010001100110111001111001011010110011000100000011010101000001010011011	1236487.4	523.3999999999999
75	1010010111011000010000100110101100011001110010011011110101010010101111000010000110101010001100110101001010010011000000110100011110101000100010000110101010001000110110001100111110111111100001111000000001001000001100110001110111011110111	1140427.1999999997	482.6
76	1100011011000110111001011011011000111010001001100001000100101000110010110010100101000100000001000010010001010011100100101110011010011100000000101011100001111100000010100000000001010110001011010011001111011111111000000111001010100001000	975836.9999999995	440.8999999999999
77	0110011110001011111011001001100100011100101110100110011010101100001111101111101110101011101010111100110001111001100101000000100101101011001001011111101101111010000100011101111100101000011001000111101101101101111100101001000011000111011	1366182.1999999997	565.5999999999997
78	0010001101101101101000011001101001101001100110100011011110100011100100011101100000011010000011101010110011101011101100110100100100001101101110111101010111011010101000100110001011011100110000010011101001101111000000011110001100010100111	1195713.7999999996	509.59999999999997
79	1101110000101001100011000101111111110100110001000010010010010001011101010000110010101001001000101111110000111011011000110111000111010111000110110110010100111100111011101110100001111011011001001111100010011000001110110100010100011011000	1332425.5999999996	518.0999999999999
80	0111000011111111001001010111110011010111110101001110100101110001011010100110111010000100111000011111101010001100000100011000011001101111001111100100100101101011101010010010111001100110111011110100101101100000111000101011101110100101101	1293997.0	562.6999999999998
81	0101110110001100011001001101110100011101000000101110110010111000100100111100001001110000011111100001011101010010101001110100011101010010111111011000101100100111111100011101110011011110001100111110000001010110001000011000100010110010110	1306511.4	511.1999999999998
82	1100000001101010110011011101001011001001110000111001000101100001111001001010101010001010010100111101110110000000011011011111111011111100001000010100100100000111010010000010011010001110111010100101100110110110110011010001110010001001000	1100966.0	483.00000000000006
83	1000011110111100010000101001000101111100101000111111111111000100101011110111110001001001010110010000111010011111110010010011000101100011110010010110110011100100111111101000101110111001001101000111010101100010010010100101011001101110011	1332878.4000000001	547.6999999999999
84	0110011111000110111010000110011000100100011110001011000001011100000110001101010000011011000001101101110010000010001100011111101001010011011111100011111010111011111110100000010010001100000010101000000011110011100101110100100001110011111	1192272.7999999998	485.6
85	0000010000111001001101100001001111101110111000010001000110111010111110000010100100000110011010011100010011110110000101000010000100100010001000000100111101011011110100100000100010011110011010010101110000110000001000111010001111111110111	1032419.7999999997	464.6
86	1000001101111110110010101110001101001001100000001111110111000011101010000011111001001001111011110000101001101000011011110111001100111010111101111110101001001111000100100110001001111111011110001100010000100101111110101010001010001011011	1250647.4000000004	553.3
87	0110110011000111001110011000101011011010011100010100101100010100100000000001100010010011010010111110011000001000100001010100100111001110110000111110110000110000000001110101001000011010110011000011100000101110101100000001000100111000110	1056681.1999999997	432.1000000000001
88	0011110010000010111101011110100111000010111000001101011010001111101010111100000010111011110000100011100010101101101011010001111001011000111010010101001110000010111100100101000000100010110010000110101101111101011101111011000011010111110	1220467.4	522.3000000000002
89	1010011100011010011000010001101100011110000111010011001100101101010111010011100100011010100001011111010000110011100110110001000110110011111001110110110100110100101010011010111111111101001110011011001000011010111001011001011000111101010	1326723.2000000002	539.6999999999998
90	1010111111001001000011011000000000000000100000101100100111101100110111101011001000111011010101101111001100010001010111001010011010100011100100101011011000010010100101010001110111100010111001101111011100011100011101100100111100100000100	1171683.7999999996	486.69999999999993
91	1011000011011101011101110000000011100000110100001100000101111111011011011110001100000000011111000001011010000110101010111001000100001010001011000011000010010010000001111000110101011011101001011111011011100110101001101010111000110001101	1134626.4	490.0999999999999
92	0100001011010000110010111010001101101011010011111101000100101010101010011100000101000100101010000000110101000011001110001110101001110101001011111011000001101110101010001101000000111001010001101010010111110101000111011110010000101100110	1163614.0000000002	490.1999999999999
93	1101101111111000110000101100101011001011011000001110110000101001100100101011111101010100000001000011110100001010000000001001010011100101011000000000111111110100011001001110001110010101100100010000111001001001110100010101010001010000000	1070190.5999999999	451.0999999999998
94	1111010001100011100111011010010010110100110001100001111101110001111111111000100110100001010011110110010111111010011011010010000010010110001111111101011100000001010110110100101100100101100111000000000011110111010000101100000010000100011	1251342.4	512.1
95	0101100000100010010011001110000111001101000101100101000101011101000000000001111010100110111100101100100100111001110010101111000110100101101000111011001101001000100011000010001101100111101010010110111111011001011000101011010111111110010	1136492.5999999994	502.00000000000006
96	1011001111100110011110110101001010101111101110010101011111010110000100110111101001111000001111001011100001101110101110011010010001100011101001011100111010001010110111111111111011010001101110010010000110101100001100011001000100111010101	1478355.1999999993	565.2
97	1000001000001111001011001001001001110000111010110110001110101001110101110101010000110110101010111101100000010011010000001000011001100010101111101111001010101111000000000000011010111000000000001110100000010000110010001000011111000101011	1001562.5999999997	438.49999999999983
98	0000101001011101011101110000000101100011001010011001001000101100100111011111000100011111111100101011000001110011001101001010101110111110010000000101010101101100100011100011011010011011110100100001001101010111110000000110010010000011011	1207914.8000000003	487.5999999999999
99	0000011001100000111111000010110111010110111010110000000100001001011011000100000110001000110101101001100110110101101111111100110011001110011001110110111011011111100110100111110011111010010110101011000000111111001100101010001010000100101	1372251.2	531.3000000000001
