SOLUCIONES INICIO 

0	110111010001100001101100001101010000101101010111000110001110011101110100111010010111111111001011110011100110100010111110000011110111010011101111001011101111100000010111110110000001011100000100001000110000000000010110111001110111101000001	1650069.4000000001	527.8
1	110011101110011001011100011000010001010101001011000011101000100110011000000110000111011011010011111101110111111100111000001011110011000100110110100011001011100001100001000110001110011010000000111101010011000110000101011100000010000011100	1417879.8000000003	478.59999999999997
2	000101100001101010101111101111101010101000101101101100101100011011100010000101110011001000001000101100101001000110011111110010010011111001000001110111110011110101011101010110000001100001100011000111010010110000111100100010111100000010001	1516828.8	499.3
3	011011010100110001101100001110100110111010010110001100111010110101011011000010010100100101101100100010100011111101010001011101001001000110111001001101110100111001010100101111011111010000001110100011011100001101001111111001110011100011110	1625361.3999999997	547.4999999999998
4	000100111000011111000101101001111010001000010110101011110000111011000001001100111010011100101101101110001100010011011100011111100010001111101011010100111011111100111101001011111110000101010110111111101100111010010011111110100101011000001	1694882.4	564.1999999999996
5	101100000000011111011010010001111011111001011010101110001111011010101110000001101110111010001010000110110011011001000111101110011000100011110001001000011001111111001000110010001101001101111110001010000100101100011000100011101000011100100	1490818.4	513.3999999999999
6	001110110010001111001011101001101110101001110000100011010110100001011000000010110101111010101111001100110010011100001010001010111111011000011000110010000011101000100011010001111010010001101111100001000010101111011001101111111101001000000	1472244.6	515.0000000000001
7	101111001011010010001101111001001000001011001111001101100011110001001100001000110011110100100010000110011110111011010100100000100111001001101011000100111011110011111100000111101001001001011000010110011010000011111100001000111110001010100	1523196.4	503.1999999999999
8	110000001011001010111001010010000000001011101001010111001011001010101110001101010111100101011101011011011111010010000010100100001110100000111110101001100101111000000010101001000010011000001011111011100010101011001111000010101000011110001	1408413.7999999996	479.49999999999994
9	101100001001001110100100011111111100111110011110101010100010011111011101001110100111011001011100000111011010000110000100010110010110001001010100111000011111011011100100001010011111011000110010010100001000111011111110000011000100110100000	1478611.9999999995	516.6999999999999
10	100001100001110101110110001001011010010111011001101110010001100010110011101010101000101001011000110000111010111110101100110001111011001001100111001010111101100111001000110010101010111010010001000000101010100000000011011011001101110100100	1514264.0000000005	501.7
11	110000110011111100100101010000110100010000100001010110011110111110111011001111010100011010011011111110000010111001011010000101111001111111011100111000011110010000110101001011010110011000000100101011110000110010111010011110001000110001000	1564396.3999999994	520.4000000000001
12	010010011110111010100011010001000001110010000001000111110000011101001001100010111001111101110110110001110000000011001100100010110100011101111010101001101100000000100111110010001000011110000011101011011110001101011011011000001011001001100	1421629.8000000003	482.0
13	011101001010011001000101011001011001000111101011110010111011111110000001011111100110011000110111101101110001011001000011101001000101110010101101010101101111010011110101001000001010111001000110001011100001101100110000001011010100001101011	1499594.7999999996	525.4
14	111001000101011100111110111101100100010110110011000000110101011101001100110110001010101101011010101011001011110011011100101011101011011100101000010001011001101011010101010100001100001101001111111010110111001110010000111011001100011000111	1562375.0000000002	549.2
15	011001111010011000111111100111000010010010001001001000011001111000010110111100100010101111011001111000000010101100111100110010101001000101101000111011001011010100111111100001011110111001011100101100001000010110101010111100111010101010100	1532192.8	516.6999999999999
16	100010101110011110100111100000011010011100111100010101111111011100101111011100111111101100110000000000001001001011110010101011011111111010111010100111111011011110100101001111011011101100011000011011011000101001111111100111110101110110101	1795960.9999999986	604.6999999999998
17	011011000000000000111000001011101111100000110000010011100101101010100100000111001001001101100001011000011110010101101110000011100010100110010010100000000001011001011110111010000111110001011001111011011000000111101101001001001111111100001	1410965.2	474.49999999999983
18	001101100000101011111001001111111111001010011000100101110011110111110011101101110001000001010000010100011000111000010001100011100101000010010011110110101001100010011111000100110000111011101101100110111101001011001101110010001111010011010	1523035.8000000003	526.5000000000001
19	110101101101101111111101000001101111100110010000001111110111101111111110110101000011100110101011010101001100101100111100010101000111101100110110111011110001110000010111011011101011101100010111011011000001010001111110111110000011010100110	1818183.3999999994	598.1
20	101101101001001000111111110100011000110010111110011011111100010110111000101001110000101010100101010100000110011100001100001111110010110011100100101000110110100010100101010111010011010111100011000101001010111011100111000110110011100101011	1582826.4000000001	542.0
21	111100011111001000011010111011000000011101011001101110010010010101110100110001110111111011001000110110111000010110000101100000010110100110111011101010111111011100010000110110001011100101100011011011101000010000010100111010010010111110010	1559918.8	533.0
22	011111110000011010010011111100001110101110011000101010001110111111110011001001111011001100001000000110111001110011010111101101111101111011101011111100011100001010010001110001001101011001010000001010111101101000101101001101111110001011001	1669821.7999999998	565.3
23	100000101111100011110000110010111011000011111110111010001011010111100100000111010101000001110101010011001001000001111001011001100000101100011111111001100010001101010010110111101001001011110000010010010001100000100000100001110110110000110	1495563.4000000004	485.4000000000001
24	111000000010010100010101101100100001010110100001101111111101101010001001110101010001011001100101000110101011111011011101111010000001111111110111011011100001101110100000000111011001101000011011110111101011100100000010001110001001011101111	1594770.5999999996	548.0
25	110011101111100001101111110011011110100010010111101010001101110110101100101001011001111011011110001010010000100011111011110101000010101001101001010011111111111011101000000111110000110010101000011010010110110101010001101001100110011010011	1648147.4000000001	565.9999999999999
26	101100101101001110100001101101001100111111011100101110100001001100010010000010100101101111010000000111101100011010001111101100001100101111010001011011111101110100000100010110001000011111111010111100001111010111001111101101000011100000100	1560480.0	534.3999999999997
27	010011111111101011101011111100111111111010100111001111000110110000101111110010011011000000101101101111101001000011111010100011110111101110000101110000000001110011010110111101000001011100101011110001101110011101000110011100001101111101110	1751110.5999999996	599.4000000000002
28	101010111111111111111001110101110111011110101011000111111100000000001101000011001101000110110001001110110001101110000000000010111000000100000100111111110000011100011101010001111100011000111101000011111101110111001110100011111101011011101	1585809.0	566.6999999999998
29	101010000111000010100000111001010001110100010110001001101101100011111110101100001001001000010110000011100100001111010101011101010000100100001100100001010000010010001101100100110000010011010010011011011001100101010010101001101101111101000	1320315.2000000002	456.79999999999984
30	011111101010111001111000011101001100001110000111111010111100001110001100100111111100001001001100101110010110110111001011000100110000001101111101010110101000001001011011011101101010100011101101000111001111001011100000100111101101110010100	1671071.9999999998	560.3000000000001
31	000101101111000001000001000111000000011000010100010110010010101010111011010000011001010101011011110000101010000101011100001101010111101101111110010011011100101110000001111100111111110001101011110010001001100000111111111010110001111011010	1578154.7999999998	516.8
32	001100011110000010011101111100001111100101110111010110000100000001100001100001100000001000101111000010001110010011100100110100011001001010010111001001111110001010101111101011110110110111101010001000110110111011001010101010000100100011111	1554683.1999999997	511.8999999999997
33	010111000101110101101101000001001101101011011101101111010110111001010001000000111101011100000000001000101000100001101010010100001011001100011011110011110000110001000011010110000100000010000100111101111101000111000110010110100110110001000	1405570.4000000004	475.49999999999983
34	100010010110011100100001000110001010011111011111111011011000101010011000111101010011001101101000011101011101000111110111010010000111110011110010110010001010000000010111101111111011011000100111100110110001100111101110111100001110111100111	1752944.3999999992	564.5000000000001
35	101101101011000111000110010111010111100011111000101000010010001000000010100011010101110111001010001010101010011011110000000001011010100010011111001010010000001101100001101001110111111010100101101000111011110010111010100101010100110011010	1456329.1999999997	512.1
36	010010101011101110000110011011111010001101110111010111111101011011111111100000111010010110010110011100000001111110010010111100101000000111001010111110010011100101001111011010000001110001110011111010100110101010111110100100110110100111101	1706953.9999999998	570.7999999999998
37	101111001011110111110111010110101011100100001111100101010000101000100011100001000101000101111010010111110100011111111110011000000101111110111001011101110110101001001100000100001001100111011101110010110011111101111110010011101010010010110	1601874.3999999992	569.3999999999997
38	010100011110000011111010011000101101111010110111010001100100001010011001101111011100010010100100100000011101001011001110000000011111000000000111001010011111001110000000001110010010110010001101100101000000100000101111010100011100001100110	1349995.7999999996	473.09999999999997
39	010111010101000100110110001010001111011001011101000011110101011100000110011100010000101000111011110101110010100111100011111110111001100110111000000100110110110111011001111000011101010010111000111110000100001100001011111001000111111111011	1617104.4000000004	552.1999999999998
40	110101100010111001100100001110000101001010011101010100001000010100111010000101101001010011100110011000011111001001001001101110010111110101101101101011101101011001000111000011011110101011111010011000010111010110110100100110111011010111101	1585974.8000000003	547.0999999999999
41	011001110010100011111111001110011010011010100001110000011011010001000010010110110100101000000001010001000100111101000111010110101011101000001101000000011111110100110011000101101001110110110011001001000100000101111011101110011010100110000	1445326.0	491.7999999999999
42	111101010010110010000000110110110011111100111101011111000110100001111110011110000111010001111011100111100000100111001001011010000001000001100010001110101001010010101000111000101100010010100010000001011010110011100100001101101010100100001	1406804.8	488.8999999999999
43	100100110000010100000011001001001000110110000100111000100101001101100000111111000110010010111000101000101101100000111110110100111110111001010010000101110001001111110001101000110101100100100001010000000001010101100101010010110101011000000	1372300.6	448.0999999999999
44	101000110010010101110011010100100110001011110000111110001101000100110011110110111101011011110010100101010000100001000011000011011111101011100111010101100011000100011101001110110110011101011011100111101110101101011110011000100110010110101	1590034.2000000002	552.4999999999998
45	100001010100100011110010000101000000010111001011010010000010110000101011010101001110100101000010100011000111100001110100100110010100110010111101001110000110100010100100101111000000001111000011000111010101011111010100101110001011000111011	1427436.4000000004	469.19999999999993
46	100000000100101010101011100010000001011010110100111010101001100110111011111110100111011100100011111000110111110011001110110101000010001000111011011101011110110100111001110101111000101110101011101001001010011010001100011000111100100011101	1646612.0	542.4999999999999
47	001011000111010011010010101011101011000011000000010000001101111110100100000011111110110100011110111000011100001000101110110001001011110110111100011110111110100111100100010010110000101000100011100100010011110001010000111101111001000111010	1511905.2000000007	504.40000000000015
48	101101111011101010011111010100111100010001010001010110111010111000110101000100100000011100001111000010101000100111000001101001000001100001000001001111111111101110100111011000011011100110110100100001000110000100001011110101101001111010111	1475185.3999999997	517.9999999999999
49	000010000000101111011100101111101001110110011101010111001100101101010000011100101001111011001000010000100000000000001010100111100010111110011010111001000110110111010011110000100011011000101110001001110000011000000001001101010110010111011	1410605.800000001	478.80000000000007
50	011101101000100001011011100011010000110110111011111100010011001000000001010001110110010010000110001010011100111101001000100110001011001011111101101011110000000000101001100110100101001000100011010101001100001100010011010110111000001001011	1427301.6000000003	477.0999999999999
51	111011011101100110001010000000011100011101000010101010110011110110100001111110010010001001011110110111000011111010010101100100001011010100110010011111010011001001110101001011010101000100011110010010000011010001100001101010101100100011110	1527080.7999999993	501.90000000000003
52	001011011100010111111011110001011011000100010111000101010010100000101111101100001011111110000000000010001000010110011111010010001101010101110000000100001000011010000010101000111001000001111000000101010111011000011110100110011100101100001	1336199.2	464.8999999999999
53	001011001001000010011001111011100111011100111011100010100110001111011000111000100001010001111100111110010110001001100101101001100010101011110100010110101101111110100101111111000000001001110101000111100011000110100101011110100010100011111	1668980.6000000003	535.0000000000001
54	101010101010101101111001110111111111000000101100110001011101001000010000011111011110111011001010110100101000100100010110100110100111000111100001001001011001000011010111101000110001101110000010111011010011000000110001010110001101110110110	1524506.7999999998	519.4000000000002
55	101011100000110101110000001010100110001101000101100000100100110000001000100000101001010100110101101000010001000000110011000000010000010010100011100101001101110010010000110110101101111101111111011110101110100111001011100110100001001100011	1294304.2000000002	453.09999999999997
56	111100000001101110101011011011100000001000001001000011010000111100010010101100000111010111000010001011100000111100110100111100110010110101011101011101110110100001011011000000111010101110110100000111101101001000101100011011000100111100110	1446551.4000000001	498.99999999999994
57	101001111001110011100011010000000110110100110010100110110100110000010111010110010111000111110001001001101011001100100111100111101110110010110100000010011111101110010010110101000000011100000010011100110011110000100000010111100011000100001	1497871.6	490.70000000000005
58	111001101111101111111001100000100001000110100101001010011111010000110100110111010010101100100110010111000010001000100010110010000111100011011011001110100001011110011001000000001011101001100001011010010111110110110000011111110001111111001	1408377.4	517.4000000000001
59	010101111011101111000101111111001001010001110011110110101111101111010000000110000000111100101100110100011100010001111110011111011011011011011100110111100010100001001100101011001001000100011011100011111110000101001011111010000111010111100	1670802.5999999996	563.5999999999997
60	111101110011000000001110101101000010000101011100110001001010010000000010111001111001100011001100011110001101000111010011110111000111100110110011010001011111000110100111111110000011101001000100001001100010011010100000101010101110110101110	1600698.8000000005	503.9
61	100000101010000101110000101100110111101010110011011100101100110110011011011111110000101001010010000011010010111111111111100011101001011010100110011111100011111001010000000000001010100000010010010101001110111111010111001111001000111001010	1470594.7999999998	529.7
62	101110011011001000000010110101010011000011010110110100001010011111010111111001100110011001100010110001001001110100100111111010001111000011000111011100010010011010001000100011100010110110110001111001001111101110001011000100001101101011001	1510605.0000000002	512.6999999999996
63	011001010001101100001100011000111110111011000001011011100101011011100010100111011000011000110101000001100000000010100001000100000011111011011110111101001011000110100010011100011100000001000110011100101000100001000110010001110111110000110	1334383.2000000002	462.4
64	000010100101111001111101101010111010110100010111100100110001011000101011110111111110011111001110001100000110110010001100101111101100111001011001001100111101010010010000111100100010100001101101011101110100100000110011010101110100110000000	1584856.6000000003	537.1
65	010110001101101100001011110110000111111000110010110001101101111101100001101111011101110111011001100101000101010001011111101011011101000000001110111001100001001101100110101000101001010100011100010010110010100101110111111110001010000010010	1570339.5999999996	540.2
66	000101011000001111011111100111111101000001110000010011110000011110000011101000110001100111000001001111111111101110110111111010011100011010110011010010000010110111000110101110101010110101010100111001011101111010100100000000010101001110011	1686154.4	546.4999999999997
67	110010011110101111001110000100110101100110001011000001011001101010110011011011111010101101011101001110000110001010001111001001001010101101001000001011010110111101010100001000011000011011011110000110000000101001010110001010001101100101111	1422374.3999999994	503.2
68	101011010011111111010011001011110010101011110111010000110110000010010110110100001100010110111001101001001011101011011000100010011001000110110010010010010110010101101101110010000011000010100101100100011111010101010101010011001010000110111	1510247.7999999998	518.1999999999999
69	001101010101000011000101001111100110111011010000011111000110010110100100010101010001011110010010001100000101001001111101101100010111101001001010001111100100110101100110011000001000010101100110100000011011001111100000010001010000110001011	1432090.3999999997	477.1
70	010101010110011010101001001001010100011000011110011101101110110110011010101101111101110011010010101101101101100111111110111000110100110010001110000111111100011001000111001111101110100100110101010001010011001000011010101110100110010101110	1758613.5999999999	570.0999999999999
71	100101101111001101110001011011001110001000011100100111011100011101011011110001100101000000010011011011011110010010000110110010111111001111100110001011001001010000111101011011100101000000101101100010001110110001101101011111111111100110110	1679714.5999999999	553.3000000000003
72	110011110100010000101010100001001011100001011110110011111001110101001110111010000110001100010110110011011111011001110100001000111111110010000000111010011100011000011101101101101000001101101001000110101101101100101011100110110000101000001	1614290.9999999998	510.40000000000003
73	100010110011010111001011001000001010110001001001100101111001010000100001101000011001110011000101001110010001100001110001001001001010110101110111110011000000011011111011110100001000001111000111001000011100110001011100011111110110011001011	1462679.8000000003	496.8
74	101001101111100100101011100110010100101010000110110110001110001100000000111011011101110101001111101101000001011100010011011100111100110101111001100101010110111011111100111000011010110000101000110110110111100001011010111011000100001001011	1611596.9999999993	549.7999999999997
75	001010111011011100110010001110000110100110010001111010100011111010001111000101011101101000111111000101111101110100011111111000011111011100111011110000010000011100010101100011111001011010010101000011001010100100000010111110101101000110011	1647573.5999999999	548.9
76	100100001101100101100001100000110101110110101110111000100110011110100001100011100100010110000000101001111100010000111111101100110010000111001001011100110000000111011011000110100001110101010001010010100001000111100110101000110011101111011	1462802.0000000005	498.9999999999998
77	010001010101011100011001101010000111010010010110101010101001010010101100011100110111101001101011110101001010010000110110010001001011011001011000110001010101100001010110001110101010011101101101011010010110100001010110111001011110111101100	1515632.2	519.6999999999999
78	110010000100100010011110100001000101110101101001111101101000100101001101001100010100111111011010001010011010010100101110001011110111100011101101101110000010010111101110110000100111111100110000111110010101011101001001110111111101101111010	1627018.4000000006	559.9
79	110011001000111111001100110011001100011000001111111010111100101111011111111100010110000010111111010110100110111101101100100011000111000111111001110001000100101101011011000001101000110101010001101000000110010001001111000111111101011011000	1615993.4000000001	547.9999999999998
80	110110001101101001001100000010101010110001000011100001011001100000110010010100110111111010110011111000010011011111111101101001000101111011000011101110011110011111001001010000001000100110000010100000000011111101010110111110111101100000110	1498280.1999999995	508.1999999999999
81	000001010000111011011010100110001010010111111110100000011001011000101100000100111111011100011110001101100000101111101110100111011001111001111110000101100101011001100100110111001101100001001011111000011000010110111010001100100110110011011	1612256.8000000003	529.1999999999998
82	011101000111110110010101111100111000100110010001011010101001010001000111101111010000110100010010010010011011100001011101010010110100101101010100011101101001111100000101001101000000010110010100000000011000001000100110000001111111001110011	1440266.8	475.79999999999995
83	110110100011111001111101001110100111000100100010011111111000001000010001110101001001011111011001110111110100100110011110010101001110111001101110111000110100100101010101011101101101110000101101101110100101110111101110001110111111001110110	1772033.8	591.0999999999998
84	001001101010000000001011000101101011000011010101011111101010101010000100010100100000000010110000100011011000000000011101011011001101011001010100100001101101000101100001100110100110101001011001011100000011100101110011001001000001111010000	1283981.0000000002	430.8999999999999
85	111100110110011110011101100101000011000011111101001110000111101111010000111011111000000001100000011010101001010010101111000100100100111111010010111111100000011100100101110000101110100110110011001111000101010111010010101001011101000010101	1543424.0	537.3999999999999
86	101100010111101011011111010101111101111100110110010100010011111011000010100110011000000010100101011101110011000011010000010110011110011111111000010000011110100111111001011011001000010001001100101100110100000100001110011111111000100110100	1577966.2	534.5
87	100101000111001000100010101010011101110100000001110101001100001011000110010111000010001100110001110011010001010100001111111111010001100011110110010100100110000100111110010101011010110001100010001101010101101100000011100111101100111010000	1475310.8	479.7
88	011010101110011110010110101110101111111101101000011001100011111000101110111110101001111111010010001100111000010000111110011011100000010111000100000011010010001111111010111000010001001110110001100011101001110010011110011110000010010010010	1549733.0000000002	543.4
89	100110110000111101110100001111000010101111001000010101010101101110101001111111101101000001110011101010110000100100101010111100000010101001100110000000011100011101010011010101000010001000101101101001100111101111000110101011110000010010100	1457693.4000000001	507.69999999999993
90	111100010110000001110001010011001000111100000011011000110111101100011100100100100010001010010001101111001010011011001101010001001111000010110000000101001100100110111011100101110011011100010100100111101110011100110011011100001110011101011	1510158.4000000001	507.5999999999999
91	001000011110101100000011001010100000001011110000010001111111110111111000100001011000011011010001111000101111111011010110010110010110001101011001010001011110001011001000010010111010001000000101100100100100111001110111010001000011011011001	1438007.8000000003	488.7999999999999
92	011010100000101110011001000010110111010000111100100010001001100010110111100111100011110010011100100110010111101011010010001000011010001000010011011001000011111000110111111101111111010111100011010100111010110011111100000000100010100001101	1618453.1999999997	511.89999999999986
93	000010001001000111110101010110001011000101000010011100000111001001111110111010111101010100111000000110010111100101001110111100000110011010011001111001111100001110001110110001101101100010100011110110000111100111011000110101000111011001111	1597459.0000000002	531.7999999999998
94	111001001101101010001001101010000001111010101010111100000110110101111100111000100101001101110110000011011101001110011111000110110110110001011100010110000001000010110011011100010000100111100110010011111110011011101011011111110010000010110	1579172.2	540.5000000000002
95	110000111111000100010011111010101111101110100110110011110100001111100101011101010111010100001001010000101000100110001100010111000000100001100001010000111011101110011100101011101001101010001011011000111100101011011110101101100000011001100	1518762.4000000001	519.1999999999998
96	011100101111010010111001110110110100011011010010010011010101001010101100110101111110001000100100001111101110100011000000011101011011110000100101011011101100000110011100101110110101010010001100010000010001011010010010011010001001111001010	1555214.5999999999	513.4
97	110011000100100110110110000100000000000000101001101101010111010001001111100111000011000111101010100011000010001101010010111101010010010000110001111110010000011110001111011000110111110101111111001101110101010011010110001001101111111011011	1533237.8000000005	523.9999999999998
98	011001111010100011011110110101001010101011111011111100011111000010101101000011101110001010101011010000010101100001011110010000001000011100111101110100110110100110110110101110100101000101010110000000101110101101101110011000100001001111111	1622987.2000000002	536.8999999999999
99	001110000001001100010110110110000100111011001111000111001011100010001111101000001110111011101011010110101010110001111110001100010011000111010011000010010010000001101100000001001001111111101101100100101010000101111100100001101011100000010	1396006.4	490.39999999999986
