SOLUCIONES INICIO 

0	10111101101011101000011000100011001100011000010100110000001111000011010110011000111010110101100100111100100100010011101010000111000000010111010101000010001101111101111010010000001011100000011101100010011011110001010011000001011011010000	1083562.8	468.99999999999983
1	11011011000011101010110000110100001000100100001000111011100000010010010100011010001000100010010101000010110010111110010101111110110001100110001101010010011110100010101000110011110000001100111010101001000001000011100100110110110100010011	1134972.6000000003	452.9000000000001
2	01101100111000011100101010100100101101100111110011111110000101110001110011010001100101001011110010100000011000110111110010000100110000101000001110110101000001111111001100110011011011101101010101001101011100000110101011101010100101000111	1234224.2000000002	530.0999999999998
3	10100010111001111110010000011001100110100110101010000101101010111001100100001101101011101010111101001011010011001000100100001110000101010101010000001001100110001000001101111100011010010000110001011001000101000110011010000101001001001100	1126000.0	454.7999999999998
4	01001111011101101011010010000111011011011100100110000100010110110101101011000001001001011110010010101110111010001101100011010100110000000010110111011011010101011100001101100001101110100000111111011010110111101000111110110011111111110000	1211569.0000000002	554.3999999999999
5	01001111111100011001000011001001100101011111101010011010111000111010100111100000010101000010000000010111101001011000001011100110100111101111010000110111000101011111100100100010100011001100010100100111110101010011010100110011111111100110	1200439.4000000006	532.6999999999999
6	10011100001101101101010110101101001100100001000011000100010010100111011101011110100101101100110001110110000100111001110000000011001000011011001010111101110110110001111101100111001000010100001011100010111011100001010110111000111000001011	1272837.1999999997	506.2
7	11010001010000001110000100001001100010101001110111110111000010000010100110110001110110001001110100111100110110001000100110111000001111101000110110001101111001001010010110100100101000100100101010010101011001110110011000010101000100111000	1142366.2000000002	475.6
8	11001010101000110000100001000111101100111100010101001010011101111010000010100001010100100111101100101111010111010010001011100100011110001001011110000010111001101111000100110101111010001000010000101001011101101111101101111011011110100010	1194335.0000000005	523.3000000000001
9	10110101010111110001000011100100000000100110010111100111010011011010011110001100000001011110000100100110111111110000000111100100100111001111001001000101010110011111011001110100000000001110000010101010010110100000011100011110100010011001	1208890.8000000003	486.49999999999994
10	11001010100100010011001101110110101001001111111001110110000100100001110010001111100100000000010011111001000100011100000101111110010000110100001100011001101100011011110110111001010110011011100101010001101011000001100010101010001011000101	1195781.2000000002	492.2
11	00010111100011111110100110110111110110100100011010100000001011111100100110001000101111101101010100111001101100110101010101011111101001011110010000100010000011000000100010101011100010000011010000110101100101001100011001101001101101100110	1171505.9999999995	502.3
12	10110111110100100111111001010110110010010001101110001010011101000111011111111000000110011000100011111111111000111101111010101111111001110111101100000000010111011110010111110101001100000111001111011010110000000110011000100111000011100111	1444688.8	577.7999999999998
13	11010110000011110110101100111100111110111011110011101010101111111010110000110101000000011111100010001010010010110000001101101111111000101011011001000011110010000001100111010001010010001010111111101111001100101111110010011101100010100101	1256903.4	556.6000000000001
14	01110100001111100101110001101001110010111110100101111001010000011110000111001011011101011010101000110001101101011001001101111000110001101011111001000000011110101100100111111011000011110111010011000111010101001100011110111010000000100100	1327346.3999999997	538.3999999999997
15	00111000100110110000010101101010101010010001111011101010101000100111100110110010100101001111100001110001010110101001001000100000010010111111101001011011010110000000010101001011100111001011100110101000111110101001110101100000111001001001	1162664.2000000004	494.8
16	00000100011011100000100110000110100001110111100000110101111011010010100111011001100001101001010001001010100100111011001101101100101010001001111101010110000011100000111011100001010010011011100000111001111110110010010110010000000001110001	1150192.6	471.3
17	01001011010101110100000000111101010001001100000101111011111010111010111101011000110111111101101011111101000001010111010111111101111011001101001001110100111100010011110111100011010000011011001001100101000111000100100100111011010101010001	1364692.3999999997	553.1999999999999
18	01010111000100100010100001110011010011101011100101111100010110010111110111011111101000110101111111010001111011111000011111111011101010001111011010010000001001110010001000000010101111011001111001000011100010100111000111100100000010101001	1213234.4000000004	535.5
19	11110000000110011100010001010000011111001000110101011101110010010000111110111010001000011100111010010011010011001110101100000110010010010101000111110010110011111011001111100011100101001100000000010110110101010101000100110101100100010000	1196658.9999999995	488.0999999999999
20	00011101111101110111011000101100010011110000011000100101110100001000110011001011111000000001001101111000101010011010100010111111111110000010111100010001011100100101101010011001101011000100100001000010110000100010011001001101011010010011	1165834.7999999998	483.8999999999998
21	01101111011000100111000001011101111100110000010001111011111111100001001111011000100010110010001000111100111000001011110101110111100110000101100001011000110111111111001111000010100000000001111100111111001100001101011001111001101011101011	1299616.4	554.1999999999999
22	01011011011000000000011100010010000010100111111101011100110000011111001010100110111100110001111110111101111000001001101101011101010011101111110110010101110100001000101111111100100010011000001100111111000111100111010110000000000101000110	1363496.8000000003	523.6999999999999
23	10000010100101000000110010110011111011000010000110110110111110100101111011011110010011100010001101011101000101001110010000111100011100001101110100111010011000100011111001110011111000011110011111011111100000011000000111110010010000110011	1255852.6000000003	525.1999999999999
24	10001111001110101000000000101011000010110100000101001010011011001010001110010111110011110000101110011011101010010100010000010110110101011001101010110101010111000111000100001101100011101010100100110011000001011010111001010111110100010000	1102525.2	487.8999999999999
25	11101101011000100100101010000110011001010010111100101101001111001100100110010111110001000011010111011001111001000010010111101110100011011010011001111101011101001000101010010100111111010110001111011100111011101101100010100001000111100110	1230883.6000000006	544.1999999999998
26	10000101011101000010100001101110000000000000001111111000000001110111101000011100100111010101011101011100010010000001100001011100001000111110001101010011111001101100011101010111111000011111111011010000010101111001111101001001010101010011	1223675.5999999999	500.1999999999999
27	01010001111110100110011010111010110011010100100010010011001100111111110000000110010010101101010011001100110101101100100001010111100110001010010111111011001101101100111011110110010100110000010000010001111100001110101100110111010101110111	1369819.9999999998	535.7999999999998
28	01011100100001110101111000100010101100110100100110111011111111101000010111010000011010111010111101000101110001011100100010011101010110010100101011100011001010001101011001001110100010111000000010111010001010101000101000000111001000000100	1206806.2000000002	485.3999999999999
29	00001010010100011010011110100100001110110100101000001001000000000100011100101100100010111101000000100100000011010000011001101010111101111010111111011101010100111110010010001101101010000110001000001001001110011011011101110011100000000000	1120744.2000000002	447.8000000000002
30	11000010111011101001111011000101011010101110010010000011010100010001101000100000001101000001110111001110001100011010011101010001111110110110100011011010101101010010100001010010100010000011110010111011001110100110011111111001011011000110	1167447.6	505.50000000000006
31	01100101110101010001001111111001101001111011111010100110010101000000011111110011111110101100001001101011101111000110000111001001011001110001010100101111101011000100100010111111010000100111000110000101001100110101011010011100011111110011	1307059.7999999996	556.5999999999998
32	00001101110001001011001100000011011010100011100001010011001101011000110111000011111010001101011111110111101010110111111100010010111001000100100000011101010101000001101101010001010111101010110011011010011100110100000111111010010001110111	1204290.2000000002	521.9000000000001
33	00100010110010011010000001111001111110010110011010111100000000111010010011000101100011101101000101110110111001110001011011001011110010011011011001010011011110100101101010000010010110110000011111101001011010100111011011101100100000001111	1243089.0000000002	519.5999999999999
34	01011111011111010101001101111111011011111000000011110100110101000111001000110100001000000110110000011010010011111111011010101100001110000011110001000111011011110110000010100100001000101111100011101011011000010100001011111110110010110110	1237592.4000000004	542.8
35	01011101010010010110111000001010000011101110111000011000100111110011100100111100000111101100010101000000010110101110110011011001101011011010110100010001110100100110100010110000010011100001000110101001001011100110101101111101100111100011	1188665.4	514.4
36	10000110010000001000010111000111100001000101110001001111010110110011001000001111000111100010010001110011001011010010010101101000111000100110100111010110011001111101111100101010000010110100111000000000011101100101010010110000110001101100	1189504.9999999998	472.8
37	01000100001011101010101010011000001111011100101011101011110101000100100101110010011000110111010000010110110111110000110101001111100011100001000100010111011011011110110011001011001000001101111011001000001110101100101100011101011111001011	1271264.4000000001	521.8
38	10100010010111110011100100100000001110000110100010010010010110100111110010001000110000110010101001010001111101001111100011000011000001011100001110111100000011110010111011001111010111101110011001001101101110110111001010010000110010100111	1252893.4000000004	508.3
39	11100010110100110011000000011000100110101010000110110110000010011010000000101011110011010110011011010010001100000001011010110110111001100001000100010110010011010111011000100111000111011110010001100111111101010100010101010101100011100011	1123747.5999999999	485.99999999999994
40	01110100011100111001010100011100000111011111101010011110011011110001110111000001110111111111001110001010010010000000111111011000011110000101111001010011001011100110110100011011101011110101001111011111011011111101110001001011101110001100	1336290.2000000004	588.2999999999998
41	11001011001001100101010111001110001000001010110101100000100110000010101000010110110011011101011101110010110101000101000101100001010000001011101100100011111000001010110101111010000011011001101100111111001000011011000100011001011101110001	1195686.4000000001	490.99999999999994
42	11111001101001001101000100100111010111100101000110000101111111111110011001110010000001011001110110110001110110101111011000011100100100010001010111111001011110000010111000111111011111011011100011111110001111100111001100110101110110110110	1369835.2000000002	593.3
43	01001001011000011010100011011110101110011100101011111011110001101111000101010101110000000000110011100101011101001110001100011011010011010111000110010110111111010010001001001011010001011111011010111011001001011101100011011111111001010000	1255248.9999999995	549.3
44	00001000011100110110100100011110101100000000011011001000010111011101100101100010111001000110011001110100001111011110010110000101111010010000100100000101010101001101011110000110100010000001111100110110110000001001110001010101011001010001	1135598.8	463.4999999999999
45	11001111100110111110000011101110000110110100111001101111101011100000100110110101101101101101110011111100001010000011101010100010010110000001111110100011110100001110101101011111100001001011100101111101011001001101110111110011001110101101	1364971.0000000002	578.0999999999998
46	01010110101110100101000111000111110001011001100001000100101100000011111001101101111111011000111010000101111100011001101101001111100111101101111010101001011011001011110001100111010001001101000100010011111001110110001000010000101000110111	1310540.1999999997	539.3
47	11010001010011011101001111001110001000101001010100010011111100101010100001010110001010100100100100011011000011001001011100101000010110001110000010111101011101110010110110101111000010110101010101001111011000111110000110100010011100111010	1262945.6000000003	508.80000000000007
48	11010101110111110100101010101111000101010100010000001101011010010100010100010111111000100011100010100111111110001111001111100100100100110110000011111110010110101011100011001010011001011000011101100100110001010000000111111011000011010111	1247149.9999999998	528.0
49	10011001000110000110100110101001101111111000000101100010010101100111011011110110000110110011011110101100001010111011001011111000001100100110110011101110000110011100110101010101011011011000101100010001110101010110110011000111010111001001	1292550.6	539.2999999999998
50	11110111110011001000100111111010100111001100110011000011100011101111110111000101101111100101111001011000101000111100001101011001111110110101100011001101001011100011111001000110000010111000001111111100100000010110010010011001101010010011	1319326.0	550.8000000000001
51	10100000010001110101011101000101110011010000111010000111011010101100010001000000001111011011100101101110011110011100010100101000010100101100111100000001101100110101111101100111001100000101011001000011011010101110001010000110110101011100	1259473.8000000005	483.39999999999986
52	01000110101001000100010001101010111011101111100100110000010101111100000110110111110110011001100100000010100001001001111110111001011100100111011011011000010110110011000000011110110110110100100110011011000110100101100010101011010100111100	1195641.2000000002	514.5000000000001
53	01100001101111011111011010000000100101000100001011110010010111111110101001011011100000000010001001101010101110000111100011011011101111110011100100100100100100100000110010000110000110000000101110101001110111001100101011111011101001001011	1163363.8	505.4
54	10101001010001000000111110000011011001101000001110110110011101100100001011110010111100011011011010010000100100001111011000000000001110011100110001101000001010100100111100001011111111111010101001000001100111101001101011001011010000100010	1092115.0000000005	477.7999999999999
55	01001001101010111111100110001100010011111100011101000101000101001001011100101101111000001110111110010011110010101000001010001011100100111000110110100100001001100111011101011000001011000001110101100001000000110111111001011000010111100000	1190403.6	503.09999999999985
56	10010110110100100001001000101100011001011101111111010000110011100000100101110011011011001011000000100100010011110011000101000010101111101011110000000100010110000111110011010001000101100000010011111101001001001101010101010011010010010000	1103727.0000000005	467.10000000000014
57	00101101011100110111010010111001000010110100000000101010111000101001010011010011011000001011011010000101110010000011101001001100001101110011011110101100100110001110110111010100110001101000000001110010100001000010001001101100100101011010	1183720.2	467.5999999999999
58	01111000001100001001101111000111100011011011111100101101010011000111000111110111100110111100011111001100010011100100111001011101010100110010001100010101111111101111110010110100011011010101101011000000111011010001011110110110110111001111	1388976.5999999999	588.5999999999998
59	10110001001100111101000001101110011011011100101110000011011111110011001011100001110111101011000100110000001011000101110010101111001001100110110110011100011111001110011010011010110000000001010111010101110000100001111000110000110000000011	1229628.0000000002	510.9999999999999
60	10000010011110001011000000110000011010100001101001011110000111101100100110001101100000100010110011011110101011101110001011100000001000000000010001001111110101110100100110011100010110001110111001111100111100000011011111011110111000101110	1163535.0000000002	498.1999999999999
61	01101100101100000010010000011100001000100101001100110110100101000101100101001011101111000100101101100100001001100001110100010001011010000110011100000000010101101010111110100100100000100001110011100001111111000111111010101100000111100101	1123960.1999999997	460.9
62	00001100011101110101000000100001110111010110000011000101000000010110110011010110100011110000000010010000010101011000001100110001001010011011110111111100101100110011110000111101110111101110100001011110101000101011010111001000011110100010	1172119.6000000008	493.90000000000003
63	11101111111010001000111100000100111000111100000011101101101000011100100101100010101011100011001101110111100010110111010101110100011010101010100111101001010010111000110101000001111010000011011011100110101010001110101001111110101101100110	1243054.6	537.8999999999997
64	11000101111000000001111111011001110000001100100000110110111110111000010111111000110110100010100110111001010111000110101110110011110111111000011010101001011011101111011000011000010010101101110100011111011011100011111011011101000110011100	1313754.2	575.2999999999998
65	00110110100111101110001010000010010011010011110000101000001011101010110111001101101100111001001100000011001000010010110111000110100111001100101001011101110100001110000011110100100010010010111110010010001110010100111111010101010010000011	1160676.2000000004	486.8999999999999
66	11011000011100101111101101000100000111100011000001110011011011101001000000101000001111100100010010001011111010001110011010010010100111101011111101101010011001100101111000100011001010110001010101111110001101111010000010001000100010010100	1184132.6	500.6999999999999
67	01001000001100011011001100100001001111000010111010001010011001010101001101000010100110100101100010010100101001101110100000110000111110011110110001100001001001101110011111001001110100100000011000001000111000100111011010111000011111110111	1189465.4000000001	482.5
68	10100111111010001111111110011011000100000011000110000000010110010100000111111101111110111100110110111101110111100110001010101000111100110111000010010111011111101110111110111101111110010001111000000011001000100111011111100100110101000000	1450737.1999999997	575.9999999999999
69	11000010010101011110010001100010010110111000101000011110110000010011011111001011000010100011100101010111000100100010011001001010011011011011111010001011011001001001111111101010011001000110000010101010001100011001110100000101100011000010	1263642.7999999996	477.2
70	11101000010110100101101100111001000110111011111101011101000001010000111011010110001001111110111001000001010111011010111101000010010001011011101110110110011110101011011001111001111111100110101011001001110001010101100001101100101010001011	1362932.1999999997	561.3999999999997
71	01001110101111010110000100110101110101101111111001110101001101100001111101011011100110111010110000000010011000111100111100001001101000000010111100111110100001110110011101010110000001010000111000010111010010100100110101110011000100111110	1318016.3999999997	537.7
72	11001100000101111010000101111100010101001101011110011110001100101011001010110010100101100010100100011000001011101001010010101001000000110110000011010110100100011000001001000100101010010101110110010000011001111010111011011101001001010000	1030493.0	473.59999999999985
73	10111100100101001001100101011101001100000011101100111011101110111100110111000000011101101101010101111100010110001101111101010100011001111100110100000000011111110101100001001100010111010110111100111011110111000100101000101101111011001011	1268907.1999999997	553.3
74	01010000011010110010010011010110101010000010000001100010110110011001100011010001011000001011001011101001011101011100111100001000011101110011011000011111110010000100111111100100010011010010011000011110001011011100100000111010011011100100	1233196.8	477.0
75	00000000001101101010001001110111000111011100111100011110010010001111101010110111010001001110101111101100000101000011000010010100000011111100100110100001010001101101101000010110000111110000111110110000001011111000001010011010010010111011	1105951.2000000007	497.39999999999986
76	00010001111011000011101001000110110010110010111011100000100000010010011110001011011001001011100011100110000100101110011001111110111101010011101100111001100001111010000101011011101010000100111000001001010010110100110010101111001000011001	1233371.1999999997	490.2
77	10001000000101101000000100101110111100001000101101111100001100101000000101001010000000010011101001100100010111110101101110011101100110101000000011011101000011011100111000001010010001011001101010000000110110100110001111101100001110110001	1105837.7999999998	453.49999999999994
78	10001100100111010111111011110100100000110001100000010011011011001001000100010001011000010100001111011110001101001101000110110011101000010111000110111001001110010100110100111001001001110010001111101010000111111111001000011000110110111111	1228566.0000000002	512.2999999999998
79	10100100101101111100100101000110111001000101100101001010010111011110001100000100110101000110110000111100011111110110011000111101010101000001010010101110000100100101101111111111101100100100110001110110101100101111100111111101010100101100	1377961.3999999997	553.1
80	10111000010001110101100000111110101111100111101010101100010111010100000001011101101001111100001000011101101001101010011000100010001100011001000000000000000001000111001110101001110111001111001111000010111110110111110111100100001101010110	1117068.5999999999	508.99999999999994
81	01011010100010110000000000100110000001000110001000100011011001001101101010000011100001010011000010011101101010001111000111101111010001011110000101111011111000000000101001010011010110111001100111000110011001101110100001000001001111000101	1089040.4	454.7999999999999
82	01000010011011010111000011100001011001001100011101111010000111110111010101001010010100110110001101000101011011010000011101011001001111101111001100000100001011001011010110110101101010010011100010111111001000011101100111100001011001111000	1251067.8000000005	523.2
83	01001010111111101101110010101100101111111011010000100010100111010101100110110100111111100101011111101000010000110001101010100111110001101011011101010100000000010011010111110011100000010101001101111010010000000010110111101101100100011000	1296918.2	527.8000000000001
84	11101110111000011111011010111001101100100100010011010001011010110000101000100001100010010000000111011011101011000101111111110100101011101110111001111110110110001011000111011000000101101001010000000011010101001101110001001111111110100011	1340456.3999999997	536.8
85	11100010000010100001001000001110010100010111100100100010000010110001010110010010000011011101000111111010010011100000010111011100011010000111100010011110001110010110010101010110001001010111001010000111101011010011011101000101100010111101	1182401.0000000002	471.5
86	00110101000000000010100000001001100101110110100000010000010100100010100000000011100011000100001111001110000110000100001010001101100001101000101000111100011001101011101111011011010011010010100001011000001010001100000010011101111011110110	1073861.8	421.8
87	01100010100001100100110000101101101011101000110001010110001100110010001000000000100111110011100111111010000010001110110010100010110100110011000100100010101101011100110111011000101010010110010101110100101100011010000000100010110101010111	1156596.6000000006	466.39999999999975
88	10111100001110111010000010101100101001111010010000110110010101001011000101101010111101101100100001110100101010100010000000011001111000010010001101100000001101011000111100111101010111011111000000001001110010001011010101111010101011011000	1178040.6	494.3999999999999
89	00001111110111101001111011101001101001001011100100100101110101111110001110101000001010111011111000111111000101111000011011111011011110011001010100101010110101001110000110010100010000010011010101010100100110111011100000111000111011111010	1304917.7999999998	554.6
90	11111001001000110010111001001111000101000101110110100000111101110010011000001101100001111110010101000111010000111011100100111000111011011100100101100010001011101101011100101100001101000010100100001100101001000000100101001010011011100000	1220055.6000000003	488.20000000000005
91	00011010000000001101111100010100100101001001101011110110100111001001011001100111101100011110110100101011110001101001010111110000100001011110110111011001110110000000011000101000111110110111100111100100110001001011011010010111111100000101	1223264.4000000001	527.4999999999997
92	00111000000101111100111001011110001010100000101000110001100110100111111001001110010100000100011100011110010111010101011111101001000101100101010110000110001010001010000000010011000010001001000110111101100111110101100100010001111101011111	1102306.4000000004	501.6
93	00100001100011010100001011101000010101101001011111111100110000101111100100010010001011010111111011110111101111001100100100110001111001100110111011011011011011001111010010010101100100110001010011110000010000001110100011000101101100100001	1264439.4	517.8
94	01110000000000000110100101101110111001011110000001101000111010110011010101011111111110001111101111011101010010010100110001111100100111001001111001100011010010000100010000011001010011100011111111111010010101101111111001010010000010110000	1163543.0000000005	524.7
95	11001110110010000001010010111010011001100000100010000000110100110100100010100111001010000011001110001100110010101011101001110101110111011000010110011000100100000000110110101000011101010001010111101001000010001110110011000000001011101000	1093693.0000000005	443.3999999999999
96	00010101110000011100111001111000000111011111101110011011011111010110010000000110100111000110100010000100111001001010000111000100011110100010100111000000011001001110011100111000000010101001110001111010100000000010011110101000100011000101	1126399.2	477.89999999999986
97	00000001011010000101110010001011100001111011111101001100011111110110010111010010010100110100111111100101110001101011000010101100000100111010001000010100011100011010100101101100001100100001000101110101010010110011110101111000011110101000	1186810.0000000007	504.2
98	00010010000001101111000110011110010101000100111100100001110101110011111000011110000110100101100000011001010001100011010101011110100100010111011111001100101100000001001100010110101001010010000101100011100111110010011001010101000000100101	1158483.2	472.5
99	11011011111100100110010010000110110101110100001101111101010110011010111110111100111110000101001011110001001001010011000000010101010001011000110000010101001100001000111000110011001110001110010110000011100011011110101010011011101101101010	1138656.8000000003	517.4
