SOLUCIONES INICIO 

0	1011101010000101010001001111010110001110101110000001101100010110100111101011111100111011011111100001101100011000111101011011011100010011000110110001101110111110001011011100000111100101111100000000000000000110010011101101100111010111000	1209762.4000000004	532.1000000000001
1	1100000000001011101111101000001011110101110110011110101011100100111011110001010100000101010011000001100010000110011100011000000100001011011110101101011000101111001110110000000110111100110011111101000111001111011000011100111010011011011	1112172.3999999994	525.9
2	1111010011000000100010110010001111111111001111100101101111101011111011100100100011000110001111000011010010101110001011000000101011111000110101011111100100101011001110010000100111110001110101001010000000101110110010100101010001111000100	1139527.7999999993	524.4999999999999
3	0100111011110111011111011101100011000110000001010110101010011100000010100100010111111001011101111010000001101101110011001100101001101001001010000001101101110000110100000110111100101101011001000110011110110010101101110100110110111001000	1112389.7999999998	518.3
4	1001011011110110110000000111001111110110000111001011111100010000110110101110001011000011001111101000011111001001000011100110110010111011011100011111000000010110001110001010000010110111110010110000100100111100010001111110111001001101110	1113621.1999999997	529.1
5	0111001000001110111001001100001111010101000100110111011100000010010001111101100111101110101111111101111101000110110011100101010011101001011100000100001101110100101011011100001110110010001100011001000111010001111101001010000111000101110	1193251.5999999992	525.4999999999999
6	1100001110000100110011010111110000100000111100011101110000101011111101100000100110010001000000110101101101110010000011100010011111100100011011111111001111110101001010000101100101000010100101111000111110110001010000100100000110100100101	1133151.8	498.89999999999986
7	1101100001011011111000101010000111110010000011101100111010111011100111100011000011101101101001101110010000100011100101111010010010010010011010001111001010111011010101100111100100011101110101011011011001110001000010111110001110000010100	1225932.2	528.4999999999999
8	1010111001110000101001011110111010101010001111100111011111101111110000000001100001101001111011001110111110100011010101011010011110011011110111000010110000001011010001001111000101110111010101011011100010001000011111001000000101000100111	1229764.6	538.5999999999998
9	0001101110001011001110100100011110110001110011110101001001111010101011010010001101111001001110111000110110010110001011001100101011110100001010000011111111111100001100110110110100100000101000011010110111011010000010101100001110001001101	1232674.7999999993	517.0
10	0100101010111110100011001000111101001111000010111001000111111101001110101101110111101011001011110100000101101011000011011100000000010111000100100010101110111101001111100110001101110111000110111001001010100000011111010100010100100001010	1155358.0000000002	525.9999999999999
11	1100101000000100110011110010000001110110100011001111001010101011100100111010101010100110110000100001100111011110111010000000100111010111110100011000110101010011000110110000010000010001010010010011111110011101010101000000000101101000100	1089102.2000000002	466.20000000000016
12	0000000010101110101010001100111101110111000101001010110000010101011000011010110010100111110101110110010110000001100011101111101000100001100101000111110111100111110101001100010001110111010010001101010011100101100000011100100101001001100	1123583.7999999998	498.3
13	1110001111011111011000111001100010111010111110000011111100010111100101110011111000101010111011111111110000101110100000000011100110001100001101011010011011101101010110111100100100110101010000111010100111001000101111100000110001010010010	1241880.0000000002	545.2999999999998
14	1011000100010101011111010001101000000001100010000001001011011001111011000110000110011010110010110100111010111100001011000000110011001101001000011100000111001011001111000110001010001001100100011101101110010011100000101111110100101100011	1059889.2000000002	481.59999999999985
15	1111101000010010000011010001100100110001001000100001011101100100000100111110010001101011000001110100010111010001101100010101101001111001011001101101000110110101001100010001101110011011010011111010001110101110110000001111110110101101110	1080811.4	509.89999999999986
16	0010000000000011110011011000100001000000111111111100000110001010101000111101111100110001110001010000110011101001010001100000000000001101111010110100011100101101101110110010101100001000000110110101111111100000011010011100111110000001000	1058922.8000000003	467.69999999999993
17	0101101011011110101010011011011011000110111100011000101011101111110100100111010100011100101110010100111100101111110111111010101001100011010110011111100111101111010111101011101011001011001101110101000010111001110111000011110011001110010	1421122.2	609.3000000000001
18	0111011001001111010101010000110100110011101011101100101011010010110001111001101110111111001111001110010111101001010100110111000110000100101010001000001010010101110100000101011011010110101001100000001100000110100111110010010001111110001	1076755.2	511.6999999999999
19	1111011011101000010110101011110111100111001010000011101101101101000101101001101011110111100010110010010101101001010110111000111101001110101001110111110010000000111000110001011101110101011111111001111110000100000000101111010111101000110	1243514.7999999998	573.1999999999998
20	1101110000000011111011010100111000001011101001001111100010011001100110110101111110010111100101000010110111111110110101000001000101000111000011011110000000001000101011100010100111101110001110110000100011010101010011000001100101101011001	1126444.0000000002	517.0
21	1100100000010010111001010011100010011110111100010001110001101101101011110000101010100011010011001101011110100110100100101001010001010111001111011110011111111110100100111000000100110000101110011100010101111001110111001101000110010010101	1167001.7999999998	522.9
22	1110001101111000110111010010000101111000001111010101011011011111100010001110100101011010111001010010111100000110010111110110101111011010001001010001001101110000100100101001010110010000010001000110000111000110111111011101111111000100000	1160272.6	527.5999999999999
23	1111011010101100110111011001100110010001010100010010010011110100110101011000001001000010111010001100010011110110101001110001101111000010101100110101111100000011010001110110101010010000010000001100101110010100101001100110111001000100101	1157421.9999999998	487.8999999999999
24	0100111011100111011000110111100110001000010110001001101101101011000011000100010000000100110000100001011100011110101000010111010100011001111001010100100101110010101101101110101001111000101100000011101110010011101011100111110111111101010	1200939.3999999994	523.0
25	1000111001111100011100000011010000010001001001001000010111010001001101100111100011010010100001001011100001001111101111010000101100001000010110111111011110101001111111011110011100110110110110000010010110100101001110101110011111101000010	1253072.9999999998	517.0999999999999
26	1100110011000001001111001010111101110110110110101010000100011000001001001011010101110001001111100100000011000001111111110111010010011010010011111000100000100000100010000101100010001001100010000111000001001000001010111111000011001111101	1032697.0000000001	468.6999999999999
27	1010001010101011111010101000101001110111111110100001001001111001010000010011001011110110011001001111110000001010001001011011100000011101000011010000110001101101111101111100101011111101101000000100010110101100011010111011010101101000101	1199217.4000000001	515.2
28	1100111101111010100000101001100001110100110101010110111101010010011001001101011111110000111000100110010010111011101110010111000111110010000111101111001110000011000100010000110000101010101001111000101010001000100100101011000011010001001	1092785.3999999997	503.8
29	1101111101011001110110000100010001111000000101100011110111110111101010011101000001010011001001100110101010001000010101001100001110111011111110111001111100100100100101000101001100111110000001101011010101110000110010010011011001100011101	1112007.4	530.0999999999999
30	1000010010010011010111111110111111011000111011110111111001101000000011010011010110011100111000100011110110011110101100100110011100010011110101000101100111001101101000101001101101100111011110001100001010101110110110111101110000000111101	1240013.4	573.6999999999999
31	1011011110001110000111101110100000011100111001101101101110010001100111111111111101001000110111010001101011100001000111011110100000011010110101000000010011100101000010100100001000000111011000000101101110110011111101110010001001111010111	1072554.8	538.6999999999998
32	1100110010011010101000011101011001110001000001111100010010000110101100010001110110011101110110111000100111010000011010101100000010100000110001011110010011001011100101101011101011101101101111001101100100001010001101111101000101000111001	1129689.5999999999	510.8999999999999
33	1010111010110011011111001010001111001111110110100010010110111111000011010111010111000011010101101000011111011001100000101000100111000010000101000011100101000111010110000011101001110000010010011101001100010101011100000101111000010011011	1102276.4000000004	518.2000000000002
34	1010101001110100010110010111110100010101110111110011101001001110000110010110101000100100000001000100101111100111001101101111101010111110011000010110100011001110110101000001001101101010001001011100111010111100001111101011101001101001110	1136210.8	542.1999999999999
35	0000110110101111111100001101110010101010010101010000000110010000100110000010010111100110001010011000111110110100000100110100111010110000001110100100001000100001110110101100101111011010011100010010001000101010101011010010001111111101111	1073250.6	482.09999999999974
36	0010100110011110110010110011110100110000110001010011100100000110011001100111000000000111010101000111100100011100010110001100000000010101010111010011010010110111111000001110011101100101101100101100101011011101111110100100111110000010000	1100491.2000000004	499.1
37	0010000001111000111110001101010101010010010000100110110000011000110110000010101011000100000001000010010000011110000011000000001101101101111010110101010011100011001101011001010110011001101010101010111100000000100010010110111111000001111	1044778.0000000003	453.40000000000003
38	0011001011011000100000011101011110010100010010001111011011000000111011100011011011110001100110000011010000100110010011101101010000100110001110101110001001110110001010000000001001101111110011000010100000011000100010110110101101001000110	960028.4000000001	464.7999999999999
39	1000011000111110010010001101001010111110000110010111001011001111000000001100101110010101111111110101000111011010011011000100010111110110111110111100111011001100010111100001000111000000010000101000010101011110010000011000101101000110101	1163251.5999999996	512.3
40	1101110110111100101011000110111110000110011110010110010000111100100000001111000101000111011110101111110100110000000110001100010101100001110010110101001000000111110110111100100010010110111011010000101000101000110001101101010100010100101	1136734.9999999998	502.29999999999995
41	1111110000111011110110001000111111010101111011111001001011111001001000001110101001001001000100001100110011101010010111111100001110101100101100100101011100101110010001001111001111101001110000111010001010101001000001001011001000101000110	1187289.3999999997	531.3999999999997
42	0101101100010001001110001000100001101001010001001000101011001110100000110101101010111010110110110111101000110011101010100010110000000111100000100101100110111001010011111000100101110101000110011001110000001001010101110111101101001111100	1124772.2000000002	494.1
43	1010111101000010110011001110100100110100011000100010000000100111010010000110001010010001011011100111111001011101011110001001010100001101111110100011001001111010001100110100111101100000100001000110110011001101000110010011010000011111000	1125503.3999999994	481.5000000000001
44	1000011100000001001010000001111010101001110011101001111101101000000111101000110010100011001001011011000011101100001110010110001011110000001110011001110000011101110110111110011101101011110000010011111010011001100110011110011011000110011	1214923.9999999995	509.3999999999999
45	1100111000100111000010011000100001101100100010110011011110011100100000110001110001111101001000000101101000000011011101001101011101011001110010011100100010100101110100101101000000011000100100110010010000100101011011011001001110000110000	1045059.6000000002	448.8999999999999
46	1111110110100001001110010101111100100000000100101000101011100000100011101011110101101101110101011000100000101110110000111111011001110010001001011000001000001011111110111000000101100011011101100000111110010111011000010111110100111100100	1126551.4000000001	519.6999999999999
47	0111010011011000110010111001010101110101111010110101000010100001101010000110010001000000011110010111110100001111011011100111111010001000000100110110110110101011000110100010011000011111100111101111100110010000111100001011000001001101110	1152938.5999999994	520.0999999999999
48	0001100010011001000001111100111000000000100001011001111000100100010110110110011111110011100100011010100111000101000100010011100101100001011100100011010101110100000111000001011001011011010110010111001111010101111101101111110000000100011	1053004.8	484.9999999999999
49	1100000111001011111101110101001100001011001101111010000011011111100111111000000010111000011100000001010000010001010110000001011100110010000000011001010011101100001010110000000010001110110100110000100001100110110010010110011011001001111	939819.7999999999	460.3
50	1101110111001110010001000010010000100100110011011011011010110100011010101010111010111100011100011011011111101111110101100010100110010110111101010011111011111010100110101111010000010100101111101101100010100000101011111100010000101101101	1360772.0000000005	555.6999999999999
51	1110000110111001010001101010111101111001000010110010100010101010000001001111000111001111101001110100111111011000011000001000011111111110110110101011100000101111010000100111001100011010110101000111100111101111000010011111111000011001011	1180670.999999999	550.3999999999996
52	1000000100111100111010101110011101100010110010001110110100100111110111100111100101100101011111010101000011100010001010000011101100001111110100011001101110001111100111100110100010110110100101110110001010001000110011101101001101100000011	1225942.8	529.5999999999999
53	0010010110101101001110111101001010000001011001100001111000100010101101001111011101110111000010000110110001110001110000000011011011000001010101101111111111101010101110010100101011011001100100010110101110101011011010010110100010110101110	1168395.1999999997	530.2999999999998
54	1101011100110101100100110111111011001011100000111110100100000011001010011011010110011010111011100010010101000101010101110000100110011111110001111000000000000100011010111001010010101011000110000010011110111110010100001000101111101010110	1131885.5999999996	516.3000000000001
55	0100101111001000100011111001100101000011101010000000100000010111010010010111101110110011101011111010111100010001011011110001010111010110111100000110000100111111100010011000001100011011001110010101101011111111100010001001001000010101111	1102755.5999999996	512.0999999999999
56	0001101011101101010111111100100100100000011000010000011110001111001000111111110011011000000111100110101010101001111000010111111101100010001010001011011010111100111110001001010010101110101000001001010001100001010111100101000000110010100	1141159.3999999994	506.89999999999986
57	0110101011111101000111101101100001101110110011001111101010001100100110110000000001110110001100000110001010001011011100010101011000000101111101000010000100001101001100011101011011111011011100010101100010010000000100100101111011001100011	1098116.9999999995	490.79999999999984
58	0011001001000111101100100101111000011110001001110101011110110100111011001000110011101100110101100011010011000001001111111100001100000000010010011110011001111010111110101110000010001100000011110110101010001110011110101001001111001101110	1175348.799999999	525.4999999999999
59	1001111010101111001010001001101011000111111000101100100110010110001100011001111110001100000001000000001000101111101111111111111100110101111111011101011110011010000111011100100001011010111001100000111110111000000111101000011011010001011	1317537.9999999995	555.7
60	1111101101010100101111000011010010000111110000011011011000010101100101111110100000001101110101110101000111110110111011110000101110000100001110001011110100010001110101101110001101111100111110000001110110101001110010111101001001011101100	1208800.1999999995	559.0999999999998
61	1110110111001010010001100010110010000101000110011101010101010111101111110000101010110100011100101100010011111000110101011001010100101101010000101011100001000101000001100010100010111110000001101011011110111100011101100100100010000101001	1042299.1999999998	487.8
62	0101111101101110000011101001010111111100011000101000010011110000000000010101110001100101111010110101101001110010101111010100011001000011001111000111111011111011110001100011000110101110000010110110000001010111100010011111011000000111111	1194160.9999999995	532.0999999999999
63	1100011011000001011111001011011001000010001001101010010101111101111111011111101001110100001010110111110100111001111001110110100100111011100011110111101010010101010011100001111100100010100001001011100100110110100111110111110000100110111	1298673.8	570.4999999999998
64	0100110001011100001000001100110101111011000011000011010100001000110001000101010101010011010000011011110000111010110100010011110011101110100110001011100110010010111000010111111100000100001110111001101110100110111010110010001001111011101	1165203.4	503.60000000000014
65	1110101100100000001110011000001011110111110000010110010000000011101110000101000111001010101101101010101111001110010000011011011001010011111101110010110001011000010110100010111011010000001010001011110010010100110111110000010000000010100	1109448.8000000003	475.1
66	0011011011111110111100010001111000011101000010111010010011110111001101000101001011000111011010000010000101110000110110000110001010100101110110011001110011010001101001011111111110100100111111110010100000111101001101000000110011110001011	1228533.4000000001	533.2
67	0100101111001001111011010011001110001111110010000111011010001100010001010001010010111001100101100001111111101011011001010111110011001001101010010001111100101011010110011101110010100010110011111111100100101111011000010011011001111011110	1322713.2	566.8
68	0100000011000100000111101101100000011111101011001000101110001011101110111111010111111000001000110010011010100110010011010101011101111110011111100100100101111000010011001101111110001000101011000001001010000101100011101010111011001001011	1247532.7999999998	522.8999999999999
69	1111000111111101001111010100001011001100000111000111110110111100001100000011110110001000011101011111110011110101001110000000011000110000001011010000000101110010111101110001011111011011111000000101001110011011110010010011010101010001101	1157126.1999999997	529.8999999999999
70	1101110101000011110010101000001100001011011110011100000001010101111110010110111010000111010110111100011001000000000101110011000010010001111100001101111001011110001011010111111100111100100101110010011100110100100110000110101011100011010	1203686.1999999997	522.0000000000001
71	1000000010111000000000101111110011100111111010001101101011000101111111100110011111011011100000010011000110110110101001010110111100000101010111000001110010110100110001011111110111100011001011001110001101110111011000011111110010100110100	1273237.3999999994	555.8999999999999
72	0010100010100110101111101100000100001101011100001110100001110000111100010111110110000110111100111010100011101011110000001000011001111000010111010010000000101100101100111111100101111000111101101011100110111111101111110100110001110101010	1202726.5999999996	539.6999999999998
73	0111101010111011100000010101000110001101101101001011001100010000001110111001110001000110101010010111010011100010100111000110000000101011100011011100100001111000001010001101111111110010101001000110100011011011011111100111010111001000100	1134258.9999999998	509.0999999999999
74	1010000101000011010111011010111000101100110011011010100011111000010111010001101111011001100000110000010001000001111001110010110000001101011010101101101111110111001010011101011100110101000010011101000101101111100011010000000010111110101	1183443.9999999993	520.5999999999998
75	0001000010111010110100001111000010011000000010001100100110111110011000101010101010110010101110101011010000100000110100110111110111101110100011011011101000010010001010011110010110111101111101010111011100111101110111111010111110000000111	1208721.1999999988	531.9000000000001
76	0111100100101111001001001011111000001011100101000011101010000101001101110001011111100011001111001101110011111110001101011011000001000110101110110010000011100010100011000111111101111110011110101010110110111000010010000100011001100001110	1242236.6000000003	530.4
77	0110011010110010001010001000111011100000100001110101001100110010111111110110101010011111101100111010100000100111000010000101010011010101011000100001111100110011101101111011100110110011100110000111111100100100011010011010011110010111100	1214804.4	526.9
78	0001100001100100100110101111000011110111011010111111111101011010001010100001111111110000110000100001011011110111011010010110110011101110101000101001110000111100100110111010000111101010110111101010111001111001010110101010111100101100001	1244302.7999999998	573.1999999999998
79	0111101100100101010111001010110000001001001000000001000000100011011110001011000001001111110111110110100100111001110100110110001010110100000110111110001111111101001011001110110100011000110101110001010101110000001001000111110010010100111	1208869.0	507.6999999999999
80	0100101000011001001111011110001100011011011010101101001100111001110101011100101001001011011000100011000101000000001010101000101100101100100011011100100000111000011000111000010000011011000000010011100001011111110111001110111010101000001	1022575.4000000003	471.8
81	1100100001011000011000100000110000110001010111000100101110011110010111101011011101110111001001111101001001011010001001000001110001101100010101001111100101110011001110000110000100001100101101010011000101100101001010111100000101111011110	1064216.9999999998	490.29999999999995
82	0000001011011111001110101011011001100110111000001111001010011110000101011110110100111010011011010010001001101111000101011101000100101000011000001000011111100011110010100011100001011001000100010110011011110011111011111101100001000101110	1165379.4	519.8999999999997
83	0101000010000110011101000111000010010011101100110111111100101011000100000000100111011010110100010101111010110110100001000101001111011000111010001001111110011110011010100110111101001011001100000111100000110010001001110001100001001001010	1148084.9999999993	494.59999999999997
84	0111010101100110100001000010010101110100101111011100010010100100110010011001000011100101100100000000110101001111001011101101010001001001001010111001101011110111110100010011111011110110111000000001011001001100101111100101010100111101010	1177325.3999999997	509.99999999999994
85	1011101010101101111011110110110001101111111011011001010111101101000011100101101100110100011101101000001111100011000010010101110101001110101011001011001001100101111000010010101100001010010010011100011010111110100111110110110100110110111	1179984.7999999998	568.4999999999999
86	0110001100111101101010110001000100100011101111001111010001111011011010111011011011111011011110011110111001001111110001100110100100100001010010000100110101010100111001110011010100100001010001110010111100111101010011010101100010000001001	1214955.2000000002	531.0
87	1010110100110111010111001001110111110100111110111001110000101110111100110000011011011011100011101100000010111010001110010010000100000100100110110000011010010111000010100010001001001101010101100010110000010010100111000110101010011001111	1034757.6000000001	505.1000000000001
88	1000000001000110101000110001101010000010100011110110011110100010101110100010101100011101101100101011100001011001011010011100101110011100011110101001001000110110111010101101001101000011001001001110000101110110101010100001011000110010101	1104013.5999999999	483.29999999999995
89	1110001010010011001011110001000010011100001011001110011011110010001111000011110000110010111010110110001101101001000111010101001011111000011001011001110111011100010000101110011001011111010100110111111110011110101000110011100000010100011	1187998.1999999993	531.8999999999997
90	1010100100000001000100110110011000000000101010110000110101111000010010101100101110100110101110100110101011001100010001111100000001001011011010000010001100111010101100101001001111110000111000100110000011100000000011100100011111010111010	1000328.7999999999	451.8
91	0010110001100111001010101000001010001001000110011111100000110010110000011001010110001010110100001100011011101010111110001100010111101101100100100001110010110111000110010111001001101010010011100011100010101101000110010101011111110010000	1131821.9999999998	489.2000000000001
92	0000000101010011101010101101111100000000011101011000101011111100010000101001100100000111101001010001001100011011000001100101001111100111011011100111111110100101101111101001010110011011010100010101110100100000110101001110011110000110010	1208454.3999999997	506.99999999999983
93	0011001010111111000010111011111000100110111001001010001101110011001101110111111111011001111111100110001010100001011111111010001000010111011110001110111110110100101111100001100001100010100100100010100111111000100101010101100001000100000	1237324.3999999997	550.5
94	0001001101001110000110101100001000001010011111110101010101011100100100111001000111011001000100101111111111110111010100000010011011110011110111000100100110001111100101001000100111101100000011101000110010101111111011100011110011010010001	1156631.6	531.6999999999999
95	1100101101101110011010100111011110011001001011011110110011110110111000000100000110110011110000010100111001010101111101100010000001010100111011000010011110100010001011001011100110101101011111010100010111101000010010000011000001101111110	1184599.7999999993	528.9
96	0100001101111111101010101010100000000101011101110010111100001010011001100111110100000111010001000111011010000110001010100111000111001000001101111001000101001010000001000011101011100111000110010010101101110100100010100001111011000111001	1046986.8000000002	491.8000000000001
97	0010111000110011000000111000111001111100101100011000011111001011000011100100001100111111010110101000011101000110010000010010101110000111001100101110100110100111101011010111000100100111101101111111001111100011111010110110001101011010101	1206084.9999999995	539.8999999999997
98	1010001110111110010101110110101110100100011010011001101001011000101001101110011011110110010000111111110110100000010011000000110100100100110011001010001101000110100011011110011011010000011010010001110111100101001111110001000011111001001	1164947.7999999993	515.4
99	1010100101000100011000110100011111011010001101000001000100001110000001001010101101110010000110100101100101010001101001001101100101110000000000001010111110100001110101111111100110001111011000000010110000101000000111100101110000110101000	1081731.4000000001	451.99999999999994
