SOLUCIONES FIN 

0	001001001000100010011111000111001101111001011000100001101000000110101001101010110001110101010010001100001001110010101001010011011100110010001101011111110011000101011000000001101101010011000100101111101101101000111100100000000001100011	1011340.6000000002	468.2
1	110110010111001011011010001111101000000100101010000010000111010111111111000000000001010001110100000010111000110110110000111010000000100101011000100110101110100101010100001100101010110110001101011000001111000000001010010000011110000000	1014273.9999999999	432.70000000000005
2	010000111000101001110111111110111011011111101111000111111111111001111011100001001001110111110000111111001110111001110001010010110010101110111111100111100100100100010001001011111000110111001010000010111011000101110010111111111111010111	1370000.8000000003	615.2999999999997
3	111101010011001100000010111001100010010010110110011111011011101101101101011001100110100001010010100110110111101001100011101001001001010100101101011111000111110011111001110011001011101011100101000100110111101110100111100011010101101010	1291388.2	563.2
4	011100010111000000001110100101100010010001000100111110011000010100100111000110001100010111010110110100100110101000011110110100100101001100010110000100000101001001100111100011101001110000101010000101011110111001011100110010001100011001	1057986.2	467.59999999999997
5	001000000000000010000000000000000000000000010100000000000000000000000000100000000000000000010000000000000000000000001000000000000000000000000000000000000000000000000100000000000001000000000000000000000000010000000000000000000000100000	114125.2	49.6
6	000000000001000000000000000000000000000000000000100000000000000000100000000000001000000000000000000001000000000000000000000000000000000000000000000000000000000000000000000000000000000000000000000000000000000000000000000000000000000000	43024.4	22.7
7	101011110100100101011111010000011001111010111111001001110011100010010111011111100101111110110001010111001101111101111011111010111000010110100110001010111101100011111010001110011100010110111011111110001100110110100011110010011100010100	1406013.2000000007	596.9000000000001
8	000000100000000000000010001000010000000000000000010000000100000000000001000010000000000000000000000000000000000000010000000000100000000000000000000000000010001000000000000000000000000000000000000010100000000001000000000000000000000010	125855.4	72.20000000000002
9	101111011011000100011001000100110001000101110100100010000001111000110110110111010110011000111111001100110001011011101001000111011101001100111000110000100111111110001100111110000101001011000000101000111110010000001011100010101000101100	1225747.5999999996	495.3000000000001
10	101111110011010111001101110101001001001110111110100110001100110110111010000111010010111101001011111010000100001000010111001010010001000010111110100100001111100000111011111100111110110100011001111101100101010010001100011011111101011000	1255925.4000000001	553.8999999999999
11	000000000000000000000000000000000000000000000000000000000000000000100000000000000000000000000000000000000000000000000000000000000000000000000000000000000000000000000100000000000000000000000000000000000000000000000000000000000000000000	38453.2	9.0
12	000000000000000000000000000000000000000000000000000000000000000000000000010000000000000100000000000000000000000000000000000000000000000000000000000000000000000000000000001000000000000000000000000000000000000001000000000000000000000000	54466.8	17.5
13	000100000000000000000000000000000000000000000000000000000000000000000000000000000000100100000100000000000000000000000000000000000010000000000000000000000000000000000000000000000000000010000100000000000000000000000010000001001010000001	83855.40000000002	52.89999999999999
14	001110101000011001011110000110100100000100000100100100000101001100111011101101101110010111011110010000000110101110110000100011010101010001100000111111011111010010000000010011000001100011111100000001111010111110001000011101100010100110	994093.2	475.8000000000001
15	000000001100100000000000000000000100000000000001000000000000000000000000000000000000000000000001000000000000000000100000100000000000000000000000100000000000100000000000000000000000000000000001000000000000000001000000000000000000000000	117086.6	51.2
16	000000000000000000000000000000000000000000000000000000000000000000000000000000000000000000000000000000000000000000000000000000000000000000000000000000000000000000000000000010000000000000000000000000000000000000000000000000000000000000	33510.4	4.3
17	111010100100110011000011010000000110111010111010111110110101110000011101011011100100111100001001001101011110011100100001010111000111100101111000110001110101010011001001111100110110101010011111110111101011111000110110111011000001011111	1301768.5999999999	576.2999999999998
18	010000110100011100100100110001110011111100001001110001001011011011010111001100111111001100001010101110000000001111111001101101101110001001111011011011100001100000001100101000100011110110101100011100111000011110010001010000011110011100	1147734.8000000003	502.19999999999993
19	000000000000100000000000000000000000000000000000000000000000000000000000000000000100000000000000000000000000001000000000000000000100000000000101000000000000000000000000000000000010000000000001000100000000000000000000000000000000000000	88204.60000000002	40.099999999999994
20	100111100111001011101100010001110101101000100110000010010100100001101011101000101111101010101101001100111100000111010011000000001111000010101001111110001011111011110000110011011010110100101001011010111011101110000100011010011111000110	1137898.8	517.6999999999997
21	100100001101101110101101100101001010101011001001100111101100111000110111111110000011110010101001000100011110011111011110010010010111101000100111011001011101101110000101010011010000101001111001111101111011000010111010101110111010110100	1282237.8000000003	557.4
22	001101101101010100110001011111111101011110111110101001000010011001000100010000000001110011100110111110101110001001100101110101000001011101101010010011100011010100101100110001100111101000011100010000000100000001111101010011111111110010	1146979.0	505.6000000000001
23	000000000000000000000000000000000001000000000000000100000101000000000000001000000000000000000000000000000000001000000000000000000100000000000000000000000000000000000100000000000000000000000000000000000000000000001000000000000000100000	111435.6	45.39999999999999
24	000000000000000000000000000000000000000000000000000000000000000000000000000000000000000000000000010000000000000000000000000000000000000000000010000000000000000000000000000000001000000000000000000001000000000000000000000100000000000000	38517.0	21.9
25	000000000000000000000001000000000011000100000001000000000000000010000000000000000000000010000000000000000000000000000000001000100000000000001000000001000000000001000000000001001001000000000100100010000000001000000000000000000000000011	173955.0	93.10000000000002
26	101101010110110101010100011011100000110110010110010111110111111011000101010110001010010111100111101001111011111011000011000001000100000111111111000110011110111101010100010001010110101001101111011000111000010010001011101010010001111011	1210319.4000000001	550.8999999999999
27	100101111100010110011001010011001001010010100000100110000000010010110100101011011010111011110111010111100001101101110100010111101010111000001001110001111101001111010001000000001011011011000101110000000000110011111000010011101101101101	1074054.0000000002	499.09999999999997
28	001000100000010000000100000000000100000000000000011000000000101000000010000000000000000000000000000000000000000000000000000000000000000000000000100000000000000100000000001000000000001100000000000101000000000000010000000010000000000000	166241.0	84.39999999999999
29	100101010100011011010110001011111001011000100011011101010100010110011101111011000011101001110100110001010110100100000001011010010110101011011010001001100101011011101000101010000010000010001001111100100010101000100001111000111001111011	1089552.8000000003	486.0
30	000000010000100000000000000000000010000000000000000000000000000000000000100000000000000000000000000000000000000000000000100000000000000100000000000000000000000000000000000000000000010000000000000000100000000101100001010100000000000000	101767.20000000001	62.50000000000001
31	110111010001101101001011010111011100111100111011001100011010000001010110100001101000000000011010101011000010011000011101011101111110001010100100110000101000101100001001100010000011011100011001100000100110010010100001111100110010100101	1073887.4000000001	470.80000000000007
32	000000100000000000000000000000000000000000000000000000000000000000000000000001000000000000001000000000000000000000000000010000000000000000010000000000000000000000000000000000000000000100000000000000000000000000000100000000000000000000	65241.59999999999	31.5
33	000000000000100000100000000000000000001000000000000000000000000000000000000000000000000000000000000000000000000010000000000000000000000000000000000000000000000000000000000001010000000000000010000000000000001000000000000000000000000010	60511.799999999996	40.49999999999999
34	000000000000000100000000000000000000000000000000000000000000000010000000000000000000000000000000000000000000000000000000000000000000000000000000000100000000000000000000000000100000000000000000000000000000000000000000000000000000000000	37173.799999999996	17.3
35	000000000000100000000000000000000000000000000000000000000000000000000000000000000000000000000000000000000000000000000000000000000000000100000000000000000000000000000000000000000100000000000000000000000000000000000000100000000000000000	30187.6	17.2
36	000000000000000000000000000000000000000000000000000000000000000000000000000000000100000000000000000000000000000000000000000000000000000000000000000000000000000000000000000100000000000000000000000000000000000000000000000000000000000000	37255.2	9.1
37	000000000000000000000000010001000000000000000000000000000000010000000000100000010000000000001000000000000000100000000000000000000000000000000000000000000000000000010000000000010000000000001000000000100000000000000000000000000001000000	95987.2	53.900000000000006
38	110011011111101000010011111101001001001110111110100110001100110110111010000011010010111101000110001101100100011000011101101111110101101000011001010100100001010111101011001110011110110101010100001101010101110011000101101011000100100001	1242717.8000000003	540.9999999999999
39	010111001110100010010101101011001000011111000101010110110000010100100111000110001100010111010111110100100110101100011110100110000010100111010111100111011111110100110011010111111010001001100111110110111001011010001101010100101110011011	1281774.4000000006	555.6999999999994
40	000000000000000000000000000001000000000000000000000000000000000000000100000000000000000000000010000100000000000000000000000000000000000000000000000000000000000000000000000000000100000000000000000000000000000000000000000000000000000000	38936.4	22.299999999999997
41	110001001100111010010111011010100010101010000100101011100000101101011111000101110011010001110001100000001100111000000010001110000010110001110100011011011111110111100010111011101001001001010011001110001011111101010110101010100110010011	1192772.6000000006	499.1000000000001
42	000000000010000010000000000000000000000000000000000000000000000000000000000000010100000010000000000000000000000000000010000000000000000000000000000000000000000000000000000000000000000000000000000000000000000000000000000000000000000100	59570.2	31.299999999999997
43	000000010000000000000000000000000000000000000000000000000100010000000000001000001000000000000000010000000000100000000000000000000000000000000000000000000000000000000000000000000000000000000000001000000001000000010100000000000000000000	87620.40000000001	48.7
44	010110101010111011111100110011101110011000111001111110010110101001010100111101110010101101010011001111011100101110111111100111110000100001101011010111101110001011111110000001010101100011000101101111010110111110101011001101111100001000	1308408.8000000007	602.8000000000003
45	000000000000000000000000000000000000000000000000000000000000000000000000000001000000000000000000010000000000000000000000000000000000000000000000000000000100000000000000000000000000000100000000000000100000000000000000000000000000000000	37402.200000000004	22.0
46	001100000111011110100100101000110011111001101010011101101111101000110111010000011110101001110000001100010111001001001111000011101100011000000111010100001101111100010010000111110000001000100011110010000010100100000011110100001100010001	1072905.8000000003	469.49999999999983
47	000000000000000000000000000000000000000000000000000000000001000000000000000000000000000000000000000000000000000000000000000000000000000000000000000000000000000010000000000000000000000000000000000000000010000000000000100000000000000000	36444.0	17.5
48	000000000000000000000000000000000000000000000010000000000000000000000000000000000000000010000000000100000000000000000000000000000000000000000000000000000000000000000000000000000000000000000000000000000000000000000000000000000000000000	29771.2	13.4
49	011000010000010010001010101000001000100001000001001010000000011010011000100001111011000011000000000010110010000110000000110100100111101010101111011000001011010010000010001110001111001100010110001001100111100011010101100101000010001010	901533.8	383.20000000000005
50	000000000000000000000000000000000000000000000000000000000100000000000000000000000000000000000000000000000000000000000000000000000000000000000000000000000000000000000000100000000000000000000000000000000000000000000000000000000000000000	42041.4	8.9
51	110011101100001100111010010001100100001000101011100010010011101100000001000111111011111100001011110100000000010101110111010110001110000000011011001000111100001100110000011111000001110111110100110100100011100100101001111001000001000011	1059488.0000000002	468.3
52	000000000000000000000000000000000000000000000000000000000000000000000000000000000000000000000000000000000000100000001000000000000000000000000000000000000000000000000000000000000000000000000000000000001000000000000000000000000000000000	37649.8	13.2
53	010011000100011010001000010100000110110010000010111011010010100101100100111001011011010011100010111011011111100110001100110110001011010101111000010011010111101100110010010110000010100100110110110100100001100101101000110110010000010011	1145836.8	472.7
54	000000000000000000000100000000000000000000000000001000000000000000010000000000000000000000000000000000000000000000000000000000000000000000000000000000000000000000000000000000101000000000000000010000000000000000000000000000000000000000	40647.200000000004	27.6
55	111001011110011000011011010110000101110001101100110001111011011110100110001011100111010111101110001100101111101101100001011111110111010011110011011110101011101010001110001111010000111011111110011000111100011011011001000010001011111111	1393032.0000000002	599.0000000000002
56	000000000000000000000000100000000000000000000000000000010000000001000000000000000000000000000000001000000000000000010000000000000000000000000000000000000000000000000000000000000000000000000010000000000000000000000000000000000000000000	51279.2	26.399999999999995
57	000000000000000000000000000000000000000000000000000000000000000000000000000000000000000001000000000000000000100000000000000000000000000000100000000000000000000000000000000000000000000000000000000000000000000000000000000000010000000000	40347.4	17.599999999999998
58	000000000000000000000000000001000000000000000100000000000000000000101000000011000000000000000000000000000000000000000000000000000000000000000000000010000000000000100000000000000000000000000100000000000000000110000001000000000000000000	101388.6	53.699999999999996
59	111010100100111101100100101011101000100111001111111011101011001100101100111101111011000110011110001010111010001100001001010111000100110111011000110011110010001000101111000111011011110101100010001100101101111101100011010001110110000110	1278672.4000000004	559.8000000000001
60	010101011010010000010101000111101000111001111011110101001011010100010101000000100011111110010010000100001111100010010001010010110011011110000110110000101000101110001001101111010100000100010111001011111001110001010001011101010111101111	1152532.7999999998	499.70000000000005
61	010111001111011111010110011101101111111010111111101110011111111101000111100000001001010101001001101010001111001011001111111011010111101100101000000111111110111100101111100110100101100011000001100111101010111100111110111111010000001101	1460279.4000000001	614.6999999999999
62	111101010011001100000010011001100111110010011111000011101101111101111011001101011000100000011011011111100101111111111110001010111101011101110101000001111111110001111011111010110001010001001010011100000101111110100111101011010101101010	1470202.9999999995	601.4
63	000000100000000000000000010000000000000000000000000000000000000000000001000000000000000000000000000000000000000000000000000000000000000000000000000000000000000010000000000000000000000000000000000000000000000000000000000000000000000000	34261.6	18.2
64	000000000011000000000000000000000000000000001000000000000000000000000000000000000000000000000000000001000000000000000000000000001000000000000000000000000000000000000000000000000000000000000000010101000000000000000010000000000001010000	91152.6	49.400000000000006
65	000000000000000000000000000000000000000000000100000000000000000000000000000000000000000000000000000000000000000000000000000000000000000000000000100000000000000000000000000000000000000000000000000000000000100000000000000000000000000000	27199.0	12.7
66	000000000000000000001000100000000001000000000000000000000000000000000000000100000010000000000000000010000000000000000000000000000000000000000000000000000000000000000000000000000000000000010000000000000000000000010000000000100000000000	69533.8	39.5
67	111110100011101111011010110011001110101011111111010111001100100100101111011101100110000010001111101010010101000001010110011001111110111000111111111100110100110101001010010010011110101010111111110111101011111101000010101101111001101110	1318375.0	618.4000000000001
68	111111000100010000110010101110010000000010010100101110010010110111101010101001011001011011011000110101110110111001011111100010100000101100001101110111011011001101001000101110011110111101010100001100011011111000010001101010101100111101	1232508.2000000002	527.2
69	010100111001101000100100011010111001111101100000011010111111110100110101100100010001100011001110110001001110000100100011110010001100111101000110011010111000110100111100100010011110001010010010110001101000100111000100010100100010110001	1106531.8000000005	481.59999999999985
70	000000000000100100000000000000000000100001000000000000000100000100000000010000000000000000001000000000000000010000000000000100000000000010000000000000000000000000000000010000000000000000100000000000100000000000000000000000000000000000	152484.6	62.099999999999994
71	000000000000000000000000000010010000000000000000000000000000001000000000000000000000000000000000000000000010000000000000000000000000100000000000000000000100000000000000000000001000000000000000000000000000000100000001001000000010010000	96116.40000000001	53.7
72	000000000000000000000000000000000000000000000000000000001000000000000000000000000000000000000000000000000000000000000000000000000000000000000000100000010000000000000000000000000000000000000000000000000000000000000000000000000000000000	38329.6	11.8
73	000000001000000000000000000000001000000000000000101000000000000000000000000000000000000000000000000000000000000000000000000000000000000000000000000000000000001000000000000000001000000000000000000000000000000000000000000000000000000000	50511.19999999999	27.2
74	000000000000000000100100000010000000001000000000000000000000100000000000000000010000000000010000000000000000000000100100000000000010000000000000000000000000000000000000000000000000000000000000000000000000000000010000000000000000010000	105034.40000000001	51.8
75	000000010000000000000000000000000000000000000000000000000000000000000000000100000000000000010010000000000000000000100000100010000000000000000000010001000000000000000000000001000001100000000000000000000000000000111000000000000000000000	131216.2	64.9
76	010111010111101000110111011110111111011111111111000011101101010010101010111100001101000101110001110110110010010011111010100011110001101010100001111111011011111100000000011110001011100111101001111110011100100101111101000101111111000001	1344261.6000000006	593.3999999999997
77	000111111011011011101011100110001001100010100000010000010111011111111011110001001111111110111110101000011101101011010101011100000110110111100001111011100100011010001101111110110110111011011000011110000001100110110000011110011110111110	1371542.8000000003	576.7999999999997
78	111111111000010101100101001001101101110001010100111101001101101101011101001100011101011100001011010110111010101100001001010111000100110111001000110011110010001100101111000111011011100101100001111000101000000011101011111011100111110101	1266933.6000000006	557.8999999999999
79	000000000000000010000100000000000001010000000000000000100000011000000000000010000000000000000000000100000000000000000000000000000100000000000000000000000000000000000000000000000000000000000000000000000000000000001000000000000010000000	97694.20000000001	53.099999999999994
80	010000000100000000000001000000000000000000000000000000000001000000000000000000000000010000000000000000000000000000000010000000000000000000000000000000000000000001000000000000000000000000010000010000000000000000000000000000000010000000	84470.6	45.099999999999994
81	000000000000000000000000000000000000000000000000000000000000000000000000000000001000000000000000000000000000000000000000000000000000000000001000000000000000000000010000000000000000000000000000000000000000000000000000000000000000000000	37852.6	12.6
82	000111011110001010101111001100110110111101101111100111101110010010100010001101111011111011101000111111011111001000010110011100101111101110001111100111111100000110101110110000011110101111101100111110010010001111100010111110010111100100	1382086.8000000005	607.4000000000001
83	111111100100100010000100000100101111110110110010110111000001010100100110010110010110001001111100110010110000010110101110100010110111110111111000100100000111110011001010001001111111000110101011111011000101011010100001000011011000001010	1123440.7999999998	508.79999999999995
84	000000000000000000000000000001000000000000000000000000000000000000000000000001000000000000100000000000000000000000000000000000000000000000000000000000000000000001000000000000000000000000000000000000000000000000000000000000000000000000	36854.8	13.499999999999998
85	100110001000010000011011001001010100101111011010110101110001111001010001101000011000101011101000110001011011011011110000011011010110010001110100000001011101011110000000111011110000101110111001100001011101100110100111011001111110111001	1164945.4000000004	515.8
86	110101111000010100100100001001101101110001010100111101101101101111011101001100011101000101000111101110111001110001011001010001111111011111010001101001010101010001100101010110010011111111001111110100100110101101011001001110001100000011	1261184.6	553.7999999999997
87	000000000000000000000000010000000000000000100000000000000000000000000100000000000000000000000000000000000000000000100010000100001000000000000000000100000000000001000000000000000000000000000000100000000000000000000000100000000000100000	121650.0	52.400000000000006
88	011110101110101100000001101000011000100011001001000111010111101101101101011001111111101110010101010010101000001101111101010111011000001010011011010111000101101100111110101110001010101110000111000111010000100000011000100111010011010110	1281833.0000000002	526.6
89	001001000001001011000001111001011110100110111000100001010011111111001110010010101001000011110111011101010011001010001000010100101100010011000111101011001100000011010011010110100110101100010000110000010001110101000001101101111100101011	1118669.4000000001	479.29999999999995
90	000000001000010000100000000010100000000000000000000000000000000001000100000000000000000000011000000000000000000001000100000000000000000001000110000001000000000000000000000000100000100000100100000000000000000010000000000101100000000000	189616.40000000002	102.2
91	000000000000000000000000000000000000000000000000010000000000000000000000000000000000010001000000000000000000001000000000000000000000000000000000000000011000000000000000000000000010000000000000000000000000000000000000000000000000000001	78113.20000000001	34.4
92	001110001011000100111100100110111100110110001010101111111101111010001100110001101001110000110100001101101001111101111011111010110000110001110001000111011110101010100011000101011011111010010111001011101011011100110011001010011011111001	1278758.6000000006	565.1
93	100100010101111111110101010010111001010001110110001101100000110101101001010000110011000010010000001110011101001011111000100001011111100101101001010100100001010111101011101110011110111101010100001100011011111000010101010100000000111100	1207816.4000000001	509.8000000000002
94	001010100011010001100100110001000111011101001100000000011110010100011101101000000011010001000000001010101000010000001000000101101001010100100101010001110111011100110111010011100001000010000011010101010100100000101011000000001011000100	975486.2000000001	394.7999999999999
95	000000000100000000000100000000000000000000000000000000000000000000000000000000000000000000000000000000000000000000000000000000000000000000000000000000010000000000000000000000000000000000000000000000000000000000000000000000100000000000	35319.8	18.0
96	000111010001101000111100110100010101010100101100110101100101011011011101011110000001010101111110000001110010010100011001010111101011001100111000111000100111101000011110011010110110110000100010100011100100101001101011000101010001000110	1176741.8	495.79999999999995
97	010110010110111110000101110100110100010011000101001110001000000000011010011011010101110111101000111010100001100011001000101101111110010011100000100000111101110001101110100101011101101110010110010101010011110000100110011110010111010101	1141364.0	504.5000000000001
98	000000000000000000000000000000000000000000000000000001000000000000000000000000000000000000000000000000000000000000000001100000100011000000000000000000000000000000000010000000000000000010000000000000001000000000000100000000000100000000	127758.59999999999	48.199999999999996
99	000000000000000000000000000000000000000000010000000000000000000000000000000000000000000000000000000000000001000000000000000000000100000000000000000000000000000000000000000000000000100000000000000000000000000000000000000000000000000000	42978.2	18.299999999999997
